human_id,database,protein,gene,species,pathogen_id,pathogen_species,database_pathogen,pathogen_protein,pathogen_gene,human_seq,human_start,human_end,pathogen_seq,pathogen_start,pathogen_end,extended_pathogen_seq,pathogen_length,binding_rank_strong_HLA_DQA10101_DQB10501,binding_rank_weak_HLA_DQA10101_DQB10501,binding_rank_very_weak_HLA_DQA10101_DQB10501,binding_rank_strong_DRB4_0101,binding_rank_weak_DRB4_0101,binding_rank_very_weak_DRB4_0101,binding_rank_strong_DRB1_0802,binding_rank_weak_DRB1_0802,binding_rank_very_weak_DRB1_0802,binding_rank_strong_DRB3_0101,binding_rank_weak_DRB3_0101,binding_rank_very_weak_DRB3_0101,binding_rank_strong_DRB1_1501,binding_rank_weak_DRB1_1501,binding_rank_very_weak_DRB1_1501,binding_rank_strong_DRB3_0202,binding_rank_weak_DRB3_0202,binding_rank_very_weak_DRB3_0202,binding_rank_strong_DRB1_0301,binding_rank_weak_DRB1_0301,binding_rank_very_weak_DRB1_0301,binding_rank_strong_DRB1_0701,binding_rank_weak_DRB1_0701,binding_rank_very_weak_DRB1_0701,binding_rank_strong_DRB1_1302,binding_rank_weak_DRB1_1302,binding_rank_very_weak_DRB1_1302,binding_rank_strong_HLA_DQA10501_DQB10301,binding_rank_weak_HLA_DQA10501_DQB10301,binding_rank_very_weak_HLA_DQA10501_DQB10301,binding_rank_strong_HLA_DPA10201_DPB11401,binding_rank_weak_HLA_DPA10201_DPB11401,binding_rank_very_weak_HLA_DPA10201_DPB11401,binding_rank_strong_HLA_DPA10103_DPB10201,binding_rank_weak_HLA_DPA10103_DPB10201,binding_rank_very_weak_HLA_DPA10103_DPB10201,binding_rank_strong_DRB5_0101,binding_rank_weak_DRB5_0101,binding_rank_very_weak_DRB5_0101,binding_rank_strong_HLA_DQA10301_DQB10302,binding_rank_weak_HLA_DQA10301_DQB10302,binding_rank_very_weak_HLA_DQA10301_DQB10302,binding_rank_strong_HLA_DPA10301_DPB10402,binding_rank_weak_HLA_DPA10301_DPB10402,binding_rank_very_weak_HLA_DPA10301_DPB10402,binding_rank_strong_HLA_DPA10201_DPB10501,binding_rank_weak_HLA_DPA10201_DPB10501,binding_rank_very_weak_HLA_DPA10201_DPB10501,binding_rank_strong_HLA_DQA10501_DQB10201,binding_rank_weak_HLA_DQA10501_DQB10201,binding_rank_very_weak_HLA_DQA10501_DQB10201,binding_rank_strong_DRB1_0101,binding_rank_weak_DRB1_0101,binding_rank_very_weak_DRB1_0101,binding_rank_strong_HLA_DQA10102_DQB10602,binding_rank_weak_HLA_DQA10102_DQB10602,binding_rank_very_weak_HLA_DQA10102_DQB10602,binding_rank_strong_HLA_DPA10103_DPB10401,binding_rank_weak_HLA_DPA10103_DPB10401,binding_rank_very_weak_HLA_DPA10103_DPB10401,binding_rank_strong_DRB1_1201,binding_rank_weak_DRB1_1201,binding_rank_very_weak_DRB1_1201,binding_rank_strong_DRB1_0401,binding_rank_weak_DRB1_0401,binding_rank_very_weak_DRB1_0401,binding_rank_strong_HLA_DPA10201_DPB10101,binding_rank_weak_HLA_DPA10201_DPB10101,binding_rank_very_weak_HLA_DPA10201_DPB10101,binding_rank_strong_HLA_DQA10401_DQB10402,binding_rank_weak_HLA_DQA10401_DQB10402,binding_rank_very_weak_HLA_DQA10401_DQB10402,binding_rank_strong_DRB1_0901,binding_rank_weak_DRB1_0901,binding_rank_very_weak_DRB1_0901,binding_rank_strong_DRB1_0405,binding_rank_weak_DRB1_0405,binding_rank_very_weak_DRB1_0405,binding_rank_strong_DRB1_1101,binding_rank_weak_DRB1_1101,binding_rank_very_weak_DRB1_1101,binding_rank_strong,binding_rank_weak,binding_rank_very_weak,Rank_average_HLA_DQA10101_DQB10501,Rank_average_DRB4_0101,Rank_average_DRB1_0802,Rank_average_DRB3_0101,Rank_average_DRB1_1501,Rank_average_DRB3_0202,Rank_average_DRB1_0301,Rank_average_DRB1_0701,Rank_average_DRB1_1302,Rank_average_HLA_DQA10501_DQB10301,Rank_average_HLA_DPA10201_DPB11401,Rank_average_HLA_DPA10103_DPB10201,Rank_average_HLA_DQA10301_DQB10302,Rank_average_HLA_DPA10301_DPB10402,Rank_average_HLA_DPA10201_DPB10501,Rank_average_DRB1_0101,Rank_average_HLA_DQA10102_DQB10602,Rank_average_HLA_DPA10103_DPB10401,Rank_average_DRB1_1201,Rank_average_DRB1_0401,Rank_average_HLA_DPA10201_DPB10101,Rank_average_HLA_DQA10401_DQB10402,Rank_average_DRB1_0901,Rank_average_DRB1_0405,Rank_average_DRB1_1101,nM_HLA_DQA10101_DQB10501,nM_DRB4_0101,nM_DRB1_0802,nM_DRB3_0101,nM_DRB1_1501,nM_DRB3_0202,nM_DRB1_0301,nM_DRB1_0701,nM_DRB1_1302,nM_HLA_DQA10501_DQB10301,nM_HLA_DPA10201_DPB11401,nM_HLA_DPA10103_DPB10201,nM_HLA_DQA10301_DQB10302,nM_HLA_DPA10301_DPB10402,nM_HLA_DPA10201_DPB10501,nM_DRB1_0101,nM_HLA_DQA10102_DQB10602,nM_HLA_DPA10103_DPB10401,nM_DRB1_1201,nM_DRB1_0401,nM_HLA_DPA10201_DPB10101,nM_HLA_DQA10401_DQB10402,nM_DRB1_0901,nM_DRB1_0405,Gene description,Uniprot,# MIM Number,MIM Entry Type,Entrez Gene ID,HGNC,Ensembl Gene ID,type
sp|O60885|BRD4_HUMAN,sp,O60885,BRD4,HUMAN,0102041|tr|E9RH89|E9RH89_9BETA,102041,tr,E9RH89,E9RH89,ESSSES,704,709,ESSSES,429,434,KDDGSESSSESELGSG,6,,,,,,,,,,,,,,,,,,,,,,,,,,,,,,,,,,,,,,,,,,very_weak,,,,,,,,,,,,,,,,,,,,,,,,,,,,,,,,,,,,,,,,,,very_weak,78.695,95.0,95.0,95.0,95.0,95.0,95.0,77.60499999999998,95.0,30.65,95.0,92.61,12.945,87.74000000000002,95.0,95.0,46.65,83.095,95.0,76.715,88.41499999999998,63.44,69.06,95.0,95.0,21449.470248331698,36730.8148779635,38273.726247612205,37572.9163390103,36475.7664785773,41604.8443801249,40789.1623591373,17485.8166413377,39227.1001323034,3306.5733885934496,41977.4306862825,21540.6382263179,2223.26766978663,22732.6486435507,38757.544150815294,33174.4596426417,6377.94586927918,23858.346328714502,40034.4959156275,15730.5566209346,18995.137362265,11528.9477715727,14534.159455693898,33210.3730977231,Bromodomain containing 4,O60885,608749.0,gene,23476.0,BRD4,ENSG00000141867,virus
sp|O60885|BRD4_HUMAN,sp,O60885,BRD4,HUMAN,0102041|tr|C6L6E4|C6L6E4_9BETA,102041,tr,C6L6E4,C6L6E4,SSSDSD,492,497,SSSDSD,360,365,SGSSGSSSDSDDSDAG,6,,,,,,,,,,,,,,,,,,,,,,,,,,,,,,,,,,,,,,,,,,,,,,,,,,,,,,,,,,,,,,,,,,,,,,,,,,,,,,,,,,,,,52.645,95.0,95.0,95.0,95.0,95.0,95.0,95.0,95.0,41.525,95.0,95.0,34.18,95.0,95.0,95.0,70.57,95.0,95.0,95.0,95.0,73.265,95.0,95.0,95.0,17684.262210812,36644.279572446496,38167.0340188367,38568.4615739895,35842.7640380353,40212.0527231286,40961.2014028245,34996.2466266295,39522.3345673253,2462.53789418447,41767.2162728817,36993.2498428336,5272.10020176925,38626.9281529098,39267.4415717959,32503.6551964732,15490.3829677397,38545.9338367866,39404.0603518651,35197.5085049809,36624.064518382096,12011.672069876102,34116.5252450967,33361.995621263195,Bromodomain containing 4,O60885,608749.0,gene,23476.0,BRD4,ENSG00000141867,virus
sp|O60885|BRD4_HUMAN,sp,O60885,BRD4,HUMAN,0102041|tr|B7TPY5|B7TPY5_9BETA,102041,tr,B7TPY5,B7TPY5,PPPLPP,955,960,PPPLPP,291,296,TLYRNPPPLPPVTYPE,6,,,,,,,,,,,,,,,,,weak,very_weak,,,,,,,,,,,,,,,,,,,,,,,,,,,,,,,,,,,,,,,,,,,,,,,,,,,,,,,,,,,,,,,,,weak,very_weak,87.1,78.97999999999998,71.84,50.405,79.56,5.36,64.61,76.195,34.065,75.215,45.325,77.975,87.16,85.66,84.08500000000002,57.5,94.53,79.75999999999998,76.665,51.195,83.84,62.775,69.955,77.925,73.59,14904.4181311022,4891.03755932496,5584.53317581252,5066.690067638629,6425.46145090903,230.544567712933,7250.03542622972,5399.91813109337,508.589131405232,3911.33466079194,11727.4785266673,11200.0491104306,10483.0033699885,12819.9569702505,16127.9777308805,1101.5045834294,14808.4546859885,15178.14485887,10038.9859262867,2528.41529647429,11661.4293121917,2716.6905493366603,3222.37308715581,5437.911158296271,Bromodomain containing 4,O60885,608749.0,gene,23476.0,BRD4,ENSG00000141867,virus
sp|O60885|BRD4_HUMAN,sp,O60885,BRD4,HUMAN,0102041|tr|E9RH89|E9RH89_9BETA,102041,tr,E9RH89,E9RH89,SESSSE,703,708,SESSSE,428,433,AKDDGSESSSESELGS,6,,,,,,,,,,,,,,,,,,,,,,,,,,,,,,,,,,,,,,,,,,very_weak,,,,,,,,,,,,,,,,,,,,,,,,,,,,,,,,,,,,,,,,,,very_weak,79.265,95.0,95.0,95.0,95.0,95.0,95.0,77.60499999999998,95.0,34.235,95.0,93.405,12.3,90.575,95.0,95.0,56.44500000000001,85.735,95.0,76.715,91.795,73.05,74.485,95.0,95.0,20225.150665406298,35455.5092288057,37062.9604667674,34902.0892637319,35853.6243843236,39037.41624759549,37178.6323437807,17485.8166413377,35465.4847713402,3638.8885103947496,40910.7087620311,21473.387659860105,1891.85487807764,22712.2429434002,36948.0482409644,32602.9810704801,8424.47869791485,23246.7802627883,38448.8816022482,15730.5566209346,18588.707660416498,12178.3921608851,14954.9788594088,33847.753142454705,Bromodomain containing 4,O60885,608749.0,gene,23476.0,BRD4,ENSG00000141867,virus
sp|O60885|BRD4_HUMAN,sp,O60885,BRD4,HUMAN,0102041|tr|B7TPT3|B7TPT3_9BETA,102041,tr,B7TPT3,B7TPT3,PPPPPP,764,769,PPPPPP,24,29,ADAFLPPPPPPPPPRR,6,,,,,,,,,,,,,,,,,,,,,,,,,,,,,,,,,,,,,,,,,,,,,,,,,,,,,,,,,,,,,,,,,,,,,,,,,,,,,,,,,,,,,90.46,95.0,69.00999999999999,62.165,95.0,46.87,95.0,75.475,95.0,81.85,66.63499999999999,95.0,88.38,95.0,95.0,60.015,95.0,95.0,95.0,56.38500000000001,95.0,75.08,65.16,67.15,71.2,18314.206793556,31501.315046310698,15803.742629613402,20857.4079311458,31850.8944973257,14690.5211206952,38198.845099398,15707.7661941998,34516.0336525802,7693.156747147171,26766.715854805498,31806.469577066,12475.132386873,34057.1465270328,35301.246632495204,5615.677330707379,28672.5580688771,34574.3419573005,35656.711619954905,10199.9332880603,31608.5199474791,5708.179093075511,9816.53633702808,12926.2300722121,Bromodomain containing 4,O60885,608749.0,gene,23476.0,BRD4,ENSG00000141867,virus
sp|O60885|BRD4_HUMAN,sp,O60885,BRD4,HUMAN,0102041|tr|E9RH89|E9RH89_9BETA,102041,tr,E9RH89,E9RH89,SSSESE,699,704,SSSESE,430,435,DDGSESSSESELGSGE,6,,,,,,,,,,,,,,,,,,,,,,,,,,,,,,,,,,,,,,,,,,very_weak,,,,,,,,,,,,,,,,,,,,,,,,,,,,,,,,,,,,,,,,,,very_weak,79.645,95.0,95.0,95.0,95.0,95.0,95.0,72.905,95.0,29.23,95.0,91.86,14.58,87.74000000000002,95.0,95.0,38.69,83.795,95.0,69.04,86.78999999999998,63.44,69.06,95.0,95.0,21371.8646772153,36270.3347894183,38362.4491556013,37764.8809846096,36460.772492359,41237.7959610718,40557.2434427382,17491.114838308702,39331.6486245745,3177.36539078003,42570.2027211842,21308.829616919,2603.5374070385,22657.0183689876,38349.16911251,33401.0031023893,4785.8167808922,23764.053175805297,39047.5545924005,15354.5535484053,18852.222526651894,11528.9477715727,14534.159455693898,34256.7139819189,Bromodomain containing 4,O60885,608749.0,gene,23476.0,BRD4,ENSG00000141867,virus
sp|O60885|BRD4_HUMAN,sp,O60885,BRD4,HUMAN,0102041|tr|B7TQ21|B7TQ21_9BETA,102041,tr,B7TQ21,B7TQ21,SSSDSE,710,715,SSSDSE,452,457,SAIELSSSDSEEEDTN,6,,,,,,,,,,,,,,,,,,,,,,,,,,,,,,,,,,,,,,,,strong,weak,very_weak,,,,,,,,weak,very_weak,,,,,,,,,,,,,,,,,,,,,,,,,,,,,,,strong,weak,very_weak,34.375,36.93,69.365,47.495,67.96000000000001,59.615,47.05,49.915,69.985,43.095,65.715,73.3,0.835,68.66499999999999,77.455,73.65,47.68,59.375,65.025,40.27,59.2,58.01000000000001,42.375,26.21,75.78,7253.880190344741,5076.4025868773,14094.3433075314,10912.8377942966,14013.1443519267,20922.0502393806,10736.8070393438,8981.55514986675,12061.1599140633,5084.4280544432895,23225.1591728593,14079.2541211304,442.023062213628,13848.8502270721,19992.350984306,6301.1233673138295,5855.05221094285,16076.5819606623,15395.3100961354,5024.43620376243,9986.33535028866,7887.262756135799,5861.58093597095,2516.51578075597,Bromodomain containing 4,O60885,608749.0,gene,23476.0,BRD4,ENSG00000141867,virus
sp|O60885|BRD4_HUMAN,sp,O60885,BRD4,HUMAN,0102041|tr|E9RHB1|E9RHB1_9BETA,102041,tr,E9RHB1,E9RHB1,SGPGTR,5,10,SGPGTR,78,83,SGDASSGPGTRNVEIP,6,,,,,,,,,,,,,,,,,,,,,,,,,,,,,,very_weak,,,,,,,,,,,,,,,,,,,,,,,,,,,,,,,,,,,,,,,,,,,,,,,,,,,,,,very_weak,95.0,95.0,95.0,95.0,95.0,87.15,95.0,90.125,95.0,19.53,95.0,95.0,83.53,95.0,95.0,85.115,78.98,95.0,95.0,95.0,95.0,73.945,87.71000000000002,95.0,91.54,40183.7821082883,36212.6924057228,35959.2962916889,38662.887272977,34887.7421643854,25950.2733874594,39128.3328346055,16064.9318653861,36627.6310703528,793.5334287364218,41157.115718667,37757.5267632668,11019.3854611049,39596.3826093018,38669.5810342504,9537.31497126564,11547.4241785046,39374.2276269567,38398.5775250298,36665.2991966632,37444.2668826679,6277.17078996668,13820.1105234225,38374.9033725994,Bromodomain containing 4,O60885,608749.0,gene,23476.0,BRD4,ENSG00000141867,virus
sp|O60885|BRD4_HUMAN,sp,O60885,BRD4,HUMAN,0172383|tr|Q9WNM6|Q9WNM6_9PAPI,172383,tr,Q9WNM6,Q9WNM6,SDSDSS,494,499,SDSDSS,70,75,RRRLSSDSDSSGTDSS,6,,,,,,,,,,,,very_weak,,,,,,,,,very_weak,,,,,,,,,,,,,,,,,,,,,,,,,,,,,,,,,,,,,,,,,,,,weak,very_weak,,,,,,,,,,,,,,,,,weak,very_weak,42.3,40.275,63.52,17.3,60.66,37.14,13.125,80.33,52.4,54.99,42.80500000000001,87.305,43.515,79.765,74.325,69.47999999999999,67.925,79.065,78.375,8.275,81.995,48.43,82.295,38.825,64.24000000000001,12357.5838033825,5356.27600717115,9608.15987712255,3177.26225728669,10865.5924921012,10903.6318696193,2380.2290893426502,12934.7642837692,7732.96402755455,4134.61800618697,14835.8783851747,20411.5738256509,6213.181215354611,19578.5605526602,20281.688105563506,5683.15902748582,9486.98751797323,21813.877346851,17509.292275626598,669.2587238227629,15828.898599412,4677.39072026746,10719.8596274159,5043.39028854797,Bromodomain containing 4,O60885,608749.0,gene,23476.0,BRD4,ENSG00000141867,virus
sp|O60885|BRD4_HUMAN,sp,O60885,BRD4,HUMAN,0172383|tr|Q9WNM6|Q9WNM6_9PAPI,172383,tr,Q9WNM6,Q9WNM6,SSDSDS,493,498,SSDSDS,69,74,CRRRLSSDSDSSGTDS,6,,,,,,,,,,,,very_weak,,,,,,,,,very_weak,,,,,,,,,,,,,,,,,,,,,,,,,,,,,,,,,,,,,,,,,,,,weak,very_weak,,,,,,,,,,,,,,,,,weak,very_weak,42.3,40.275,63.52,17.3,60.66,37.14,13.125,80.33,52.4,50.82,43.065,87.305,42.21,79.765,74.325,69.47999999999999,67.925,79.065,78.375,8.275,81.995,48.43,82.295,38.825,64.24000000000001,12357.5838033825,5356.27600717115,9608.15987712255,3177.26225728669,10865.5924921012,10903.6318696193,2380.2290893426502,12934.7642837692,7732.96402755455,4772.3725161891,15056.9412761436,20411.5738256509,6629.76970255929,19578.5605526602,20281.688105563506,5683.15902748582,9486.98751797323,21813.877346851,17509.292275626598,669.2587238227629,15828.898599412,4677.39072026746,10719.8596274159,5043.39028854797,Bromodomain containing 4,O60885,608749.0,gene,23476.0,BRD4,ENSG00000141867,virus
sp|O60885|BRD4_HUMAN,sp,O60885,BRD4,HUMAN,0151521|tr|A4ZKK7|A4ZKK7_9ADEN,151521,tr,A4ZKK7,A4ZKK7,EQQQQQ,1284,1289,EQQQQQ,127,132,VSELREQQQQQNK,6,,,,,,,,,,,,,,,,,,,,,,,,,,,,,,,,,,,,,,,,,,,,,,,,,,,,,,,,,,,,,,,,,,,,,,,,,,,,,,,,,,,,,81.78999999999998,29.2,64.64999999999999,95.0,76.595,95.0,70.365,95.0,76.69,95.0,95.0,95.0,95.0,65.78999999999999,68.31,95.0,95.0,95.0,66.175,68.345,71.265,95.0,95.0,72.57,71.91499999999998,21233.3410121013,3232.25510633841,15628.5976019007,32126.7439976,19797.1148158651,39334.2020657626,21390.603233094094,34060.8316341336,18997.8093514494,27914.6245654926,39373.8016088484,31398.550185760498,21527.1247010251,20329.3632626919,24001.2670959362,25598.895962232706,25044.393568288902,33877.7969333604,19149.2852752292,16228.4530678281,17570.9708207606,23491.53596339,30980.439272782,15952.0006813793,Bromodomain containing 4,O60885,608749.0,gene,23476.0,BRD4,ENSG00000141867,virus
sp|O60885|BRD4_HUMAN,sp,O60885,BRD4,HUMAN,0001259|tr|Q1G9K9|Q1G9K9_LACDA,1259,tr,Q1G9K9,Q1G9K9,TIKKRL,109,114,TIKKRL,348,353,EKIQRTIKKRLPDQPA,6,,,,,,very_weak,,,very_weak,,,,,,,,,,,,very_weak,,,,,,very_weak,,,,,,,,,,,,,,,,,,,,,,,,,,,,,,,,,,,,very_weak,,,,,,,,,,,,,,,,,weak,very_weak,,weak,very_weak,66.515,11.22,16.34,53.44,25.39,40.495,11.855,31.125,14.489999999999998,89.05,30.2,37.39,91.815,54.165,26.065,46.95,67.185,39.715,14.775,61.775,38.84,41.785,45.98,60.49,5.665,13839.1139543817,433.427335825628,1162.24556813047,9913.34554178484,1320.96531065602,8545.38393665986,1496.26821530086,1622.31151679161,1012.29280198619,9476.93343333052,7266.60597079506,5889.04294130469,16223.3618069627,5621.99996723361,3073.62387313601,1258.65241341711,7456.40101472637,8608.67430892627,1889.33881029144,4843.95520930744,4379.68937809414,2256.5176741404,2907.44904273519,5216.8320953084,Bromodomain containing 4,O60885,608749.0,gene,23476.0,BRD4,ENSG00000141867,bacteria
sp|O60885|BRD4_HUMAN,sp,O60885,BRD4,HUMAN,0001259|tr|Q1GBY5|Q1GBY5_LACDA,1259,tr,Q1GBY5,Q1GBY5,SSSDSD,492,497,SSSDSD,286,291,YSDCTSSSDSDYLHGY,6,,,,,,,,,,,,,,,,,,,,,,,,,,,,,,,,,,,,,,,,,,,,,,,,,,,,,,,,,,,,,,,,,,,,,,,,,,,,,,,,,,,,,65.6,87.62,95.0,58.505,91.02,91.35,81.245,82.005,93.885,47.915000000000006,94.68,90.415,42.26,91.57,92.84,91.05,83.72,90.03,84.875,90.00999999999999,91.51,81.69,84.52,87.14,94.81,10167.4286903815,13622.2168420153,34204.1220864772,7868.59576377258,15207.0758490314,23684.4789477952,13240.9056798177,10196.5126702349,17455.7608690856,4452.55445143473,28174.3632452727,14796.6028407558,3290.90479441897,17063.4265668378,21636.4071110574,8133.91402786459,8706.75049154682,18284.1118876171,16634.133146521,11665.2151489763,13579.2470617241,7414.9681058887,9793.72713675381,9980.07042007069,Bromodomain containing 4,O60885,608749.0,gene,23476.0,BRD4,ENSG00000141867,bacteria
sp|O60885|BRD4_HUMAN,sp,O60885,BRD4,HUMAN,0001259|tr|Q1G926|Q1G926_LACDA,1259,tr,Q1G926,Q1G926,QQLQQQ,968,973,QQLQQQ,8,13,PYTKLQQLQQQMERML,6,,,,,,very_weak,,,,,,,,,,,,,,,,,,,,,,,,,,,,,,,,,,,,,,,,,,,,,,,,,,,,,,,,,very_weak,,,,,,,,,,,,,,,,,,very_weak,,,very_weak,42.29,12.845,29.84,53.01,38.5,66.945,41.14,67.645,61.22,92.375,64.18,60.96000000000001,63.45,35.035000000000004,35.825,42.71,46.975,43.14,10.22,42.19,33.1,45.95,44.075,23.66,14.91,2562.67733416532,123.898745192757,1840.43101133163,5048.35845516447,1106.19834359808,9553.94330318759,3244.79946334798,2794.98619519561,2997.13854912023,9645.65779661732,8911.27997846312,3012.3535176029,5104.87866732878,1070.68300781459,2252.17598263345,351.367006983693,2278.08085423238,2594.67905654977,643.322444516274,1818.51874787316,1083.7952706447,1564.15550124488,1552.62234082203,634.927523798257,Bromodomain containing 4,O60885,608749.0,gene,23476.0,BRD4,ENSG00000141867,bacteria
sp|O60885|BRD4_HUMAN,sp,O60885,BRD4,HUMAN,0001259|tr|Q1GA90|Q1GA90_LACDA,1259,tr,Q1GA90,Q1GA90,LAALSQ,525,530,LAALSQ,445,450,HLVQLLAALSQGIDYQ,6,,,,,,,,,,,,,,weak,very_weak,,,very_weak,,,,,weak,very_weak,,,very_weak,,weak,very_weak,,,very_weak,,,,,,very_weak,,,,,,,,,,,,,,weak,very_weak,,,very_weak,,,,,,very_weak,,,,,,,,,,,weak,very_weak,,,very_weak,,,,,weak,very_weak,27.995,26.07,27.775,21.29,5.06,19.695,30.795,2.2,18.515,9.575,19.16,35.660000000000004,23.045,31.38,41.335,4.215,13.59,31.5,10.37,23.88,38.760000000000005,29.340000000000003,3.17,11.975,30.7,1577.63382701329,284.575068947881,479.595569850485,1530.22437035976,65.2834808159412,1299.03875051279,2289.81894837929,26.3793788097132,142.770181612501,170.363436190995,1942.50749821975,1088.2133871477,1713.30963009319,656.513969013753,2470.03628334395,12.1815266163976,175.654944533603,1503.94537779593,317.89676523799,396.226064766907,1048.85166366119,677.572179143737,47.3668105768108,252.378514406874,Bromodomain containing 4,O60885,608749.0,gene,23476.0,BRD4,ENSG00000141867,bacteria
sp|O60885|BRD4_HUMAN,sp,O60885,BRD4,HUMAN,0001259|tr|Q1G8P3|Q1G8P3_LACDA,1259,tr,Q1G8P3,Q1G8P3,EDALEQ,1266,1271,EDALEQ,241,246,RTEWPEDALEQANAIP,6,,,,,,,,,,,,,,,,,,,,,,,,,,,,,,,,,,,,,,,,,weak,very_weak,,,,,,,,,very_weak,,,,,,,,,,,,,,,,,,,,,,,,,,,,,,,,weak,very_weak,41.46,63.835,75.44500000000001,29.675,74.74,51.55500000000001,61.325,36.84,55.485,29.32,56.515,69.725,3.33,72.55,69.825,38.555,40.47,66.8,71.88,62.595,71.03999999999999,56.44,29.69,38.915,86.35499999999999,5599.41713413725,7026.76462755614,13448.5298354955,3880.85682920098,13391.1759887133,14214.1024156365,9911.09333344548,4364.5516733057,4951.95420300628,2385.66929616675,17526.9196822461,9301.89654051357,691.735391759369,9040.24750697998,14385.6867096491,1870.56453687521,3435.60417699257,12309.9427181667,15191.9459591834,5991.87953060139,7276.67669519971,5254.56021370907,2563.6757222153,4410.26562939221,Bromodomain containing 4,O60885,608749.0,gene,23476.0,BRD4,ENSG00000141867,bacteria
sp|O60885|BRD4_HUMAN,sp,O60885,BRD4,HUMAN,0001259|tr|Q1GAA8|Q1GAA8_LACDA,1259,tr,Q1GAA8,Q1GAA8,ARRRQE,1279,1284,ARRRQE,425,430,DFWNLARRRQEQANIL,6,,,,,,,,weak,very_weak,,,,,,,,,,,,,,,,,,,,,,,,very_weak,,,,,,,,,,,,,,,,,,,,,,,,,,,,,,,,,,,,,,,,,,,,,,strong,weak,very_weak,strong,weak,very_weak,73.77,24.08,4.43,66.505,53.34,34.93,52.115,55.27,33.615,79.15,11.79,53.765,83.905,59.205,42.72,50.075,81.275,55.96,48.225,54.42,55.455,25.615,56.01,56.34,1.1,8592.57547780627,427.359675043271,277.9653659626,5291.53052405308,1891.79347072328,4436.06082717837,4221.50017872049,1564.8326003846,1211.02744315756,5040.38992131767,2392.90773078301,4538.54889141892,9260.62350533734,3683.53235496432,3153.49377925592,449.951119437292,5785.15388185741,4860.49268930422,3393.15739696548,1822.30046074778,2740.81189505268,560.078620136986,1196.99736432019,1411.427280305,Bromodomain containing 4,O60885,608749.0,gene,23476.0,BRD4,ENSG00000141867,bacteria
sp|O60885|BRD4_HUMAN,sp,O60885,BRD4,HUMAN,0001259|tr|Q1GAG6|Q1GAG6_LACDA,1259,tr,Q1GAG6,Q1GAG6,SSSDSS,484,489,SSSDSS,95,100,SSSEESSSDSSSSSSE,6,,,,,,,,,,,,,,,,,,,,,,,,,,,,,,,,,,,,,,,,,,,,,,,,,,,,,,,,,,,,,,,,,,,,,,,,,,,,,,,,,,,,,79.715,95.0,95.0,77.61500000000001,95.0,82.365,81.785,84.515,95.0,27.775,95.0,95.0,37.64,95.0,95.0,95.0,51.745000000000005,95.0,95.0,69.49,95.0,64.97,85.89500000000001,82.94,95.0,21174.8380446212,35218.4603465557,37666.9423671331,15616.7652260288,35732.4082075343,24692.1876235334,21323.1289349029,17029.4898207794,39222.8560766445,1646.44923751581,42675.3491966095,36339.8626902239,4162.04203708191,37646.9778096087,38480.5112414826,33365.2445040071,7327.39861832916,37945.096982853,39214.793635872,11036.2093413633,35493.1240008567,7737.73462899035,15098.7047571676,17415.5784198745,Bromodomain containing 4,O60885,608749.0,gene,23476.0,BRD4,ENSG00000141867,bacteria
sp|O60885|BRD4_HUMAN,sp,O60885,BRD4,HUMAN,0001259|tr|Q1GAA8|Q1GAA8_LACDA,1259,tr,Q1GAA8,Q1GAA8,RRRQEQ,1280,1285,RRRQEQ,426,431,FWNLARRRQEQANILV,6,,,,,,,,,very_weak,,,,,,,,,,,,,,,,,,,,,,,weak,very_weak,,,,,,,,,,,,,,,,,,,,,,,,,,,,,,,,,,,,,,,,,,,,,,,,very_weak,,weak,very_weak,70.63,24.08,14.53,60.3,53.34,49.89,52.115,55.27,33.615,80.33,3.705,50.71,85.685,50.02,34.010000000000005,40.69,82.055,55.96,48.225,54.42,40.125,25.615,56.01,56.34,10.1,8152.94580213158,427.359675043271,431.434168483284,5078.05062084743,1891.79347072328,4896.43837307397,4221.50017872049,1564.8326003846,1211.02744315756,5165.10444254381,1222.91748571022,4427.14232613862,10073.0414952749,3409.60795115704,2886.44842489242,414.916449927011,5771.71179505833,4860.49268930422,3393.15739696548,1822.30046074778,2185.77257115951,560.078620136986,1196.99736432019,1411.427280305,Bromodomain containing 4,O60885,608749.0,gene,23476.0,BRD4,ENSG00000141867,bacteria
sp|O60885|BRD4_HUMAN,sp,O60885,BRD4,HUMAN,0001259|tr|Q1GBZ3|Q1GBZ3_LACDA,1259,tr,Q1GBZ3,Q1GBZ3,SSESSS,706,711,SSESSS,202,207,EDSSSSSESSSSSSSD,6,,,,,,,,,,,,,,,,,,,,,,,,,,,,,,very_weak,,,,,,,,,,,,,,,,,,,,,,,,,,,,,,,,,,,,,,,,,,,,,,,,,,,,,,very_weak,95.0,95.0,95.0,95.0,95.0,89.11,95.0,85.43,95.0,16.735,95.0,95.0,39.24,95.0,95.0,92.225,35.61,95.0,95.0,75.245,95.0,50.0,81.045,81.72999999999999,95.0,34805.5490130212,33983.5280544312,34202.6417944407,36834.6879059835,33860.2070893169,25530.0221609189,39697.6198904016,12526.9362875436,36100.8070026329,600.00274846386,39545.8608260774,32619.2119324979,3733.93191958292,35883.5073071921,37096.6608721905,9446.93727794463,3597.47048452978,36476.1611404184,38046.6403204263,10295.3980999632,33823.956874234,4094.28551419867,10256.7059033806,15386.3177359051,Bromodomain containing 4,O60885,608749.0,gene,23476.0,BRD4,ENSG00000141867,bacteria
sp|O60885|BRD4_HUMAN,sp,O60885,BRD4,HUMAN,0001259|tr|Q1G962|Q1G962_LACDA,1259,tr,Q1G962,Q1G962,YKIIKT,98,103,YKIIKT,119,124,AWANDYKIIKTKKGTR,6,,,,,,very_weak,strong,weak,very_weak,,,very_weak,,,very_weak,,,very_weak,,weak,very_weak,,,very_weak,,,very_weak,,,,,,,,,,strong,weak,very_weak,,,,,,,,,very_weak,,,,,weak,very_weak,,,,,,,,,,,weak,very_weak,,,,strong,weak,very_weak,,,very_weak,,,very_weak,strong,weak,very_weak,strong,weak,very_weak,37.625,19.33,1.005,16.744999999999997,15.265,12.795000000000002,5.525,14.02,13.125,42.085,24.67,39.05,53.975,34.66,19.79,4.755,47.12,36.765,28.51,3.44,35.95,0.2299999999999999,19.955,12.395,0.645,8954.48324817677,1313.48299230849,196.516081686127,1664.86447528667,1020.08818745383,3134.44429071596,285.568248653449,905.312842961225,1042.09853729471,4168.3062461424,8375.31005613386,5120.201340018,12172.4640665303,5712.00957412157,4425.94497062488,68.1768252866089,5567.33902761783,8226.31437634858,4656.0826874655,301.181887381449,5279.57812723048,333.245443557966,1253.80004358181,913.153442079836,Bromodomain containing 4,O60885,608749.0,gene,23476.0,BRD4,ENSG00000141867,bacteria
sp|O60885|BRD4_HUMAN,sp,O60885,BRD4,HUMAN,0001259|tr|Q1G890|Q1G890_LACDA,1259,tr,Q1G890,Q1G890,ALEKLF,152,157,ALEKLF,158,163,DREHEALEKLFSQHK,6,,,,,,,,,,,,,,,,,,,,,,,,,,,,,,,,,,,,,,,very_weak,,,,,,,,,very_weak,,,,,,,,,,,,,,,,,,,,,,,,,,,,,,,,,very_weak,,,very_weak,60.46000000000001,35.7,22.475,78.125,46.155,65.08500000000001,49.7,70.345,48.945,83.28999999999999,33.32,27.76,65.295,25.795,13.265,48.575,41.76,36.445,31.395,54.155,20.380000000000003,27.950000000000003,63.035,56.985,10.855,10633.2217505202,1497.74216622896,2125.94543544717,10592.916099471,1916.55763595054,13059.6399617477,7110.04885260456,4550.7435561035,5585.74177479122,8726.46163785484,5508.02228264419,2109.72205475364,6276.01629701106,1544.11184401729,1739.61044147656,769.553730518712,3624.93827088553,3647.63959284522,2781.04965427645,3200.55185922102,1059.94045978298,2262.4583304089,3525.29989971898,3031.31689579916,Bromodomain containing 4,O60885,608749.0,gene,23476.0,BRD4,ENSG00000141867,bacteria
sp|O60885|BRD4_HUMAN,sp,O60885,BRD4,HUMAN,0001259|tr|Q1GBZ3|Q1GBZ3_LACDA,1259,tr,Q1GBZ3,Q1GBZ3,SESSSS,707,712,SESSSS,203,208,DSSSSSESSSSSSSDS,6,,,,,,,,,,,,,,,,,,,,,,,,,,,,,,,,,,,,,,,,,,,,,,,,,,,,,,,,,,,,,,,,,,,,,,,,,,,,,,,,,,,,,95.0,95.0,95.0,95.0,95.0,90.88,95.0,80.8,95.0,25.57,95.0,95.0,38.5,95.0,95.0,93.14,41.76,95.0,95.0,78.925,95.0,53.195,80.47999999999999,80.14,95.0,36413.0695309603,34654.114314337,34470.8750640914,37575.355601932,33519.0247378607,26031.826365692,40098.2217427152,12439.0106346954,36148.1008843378,670.157239080434,39417.279207722,33913.0040391347,4074.26704766768,36441.0529531437,37190.7022393449,9909.69936566201,4125.14491716819,37130.3919205333,37774.688841321,11331.5707740884,34721.2953696673,4182.899078979,10474.7267036837,14357.2309512808,Bromodomain containing 4,O60885,608749.0,gene,23476.0,BRD4,ENSG00000141867,bacteria
sp|O60885|BRD4_HUMAN,sp,O60885,BRD4,HUMAN,0001259|tr|Q1GBZ3|Q1GBZ3_LACDA,1259,tr,Q1GBZ3,Q1GBZ3,SSSESS,705,710,SSSESS,201,206,QEDSSSSSESSSSSSS,6,,,,,,,,,,,,,,,,,,,,,,,,,,,,,,very_weak,,,,,,,,,,,,,,,,,,,,,,,,,,,,,,,,,,,,,,,,,,,,,,,,,,,,,,very_weak,95.0,95.0,95.0,95.0,95.0,89.11,95.0,85.43,95.0,16.735,95.0,95.0,37.22,95.0,95.0,92.225,32.035000000000004,95.0,95.0,75.245,95.0,50.0,81.045,86.265,95.0,34288.9757182102,33981.6896329656,34341.6980836963,36495.5048025057,34067.4658317739,25530.0221609189,39925.0551902098,12526.9362875436,35421.7666692876,600.00274846386,39265.7421485245,32797.5758657909,3786.94635588918,35895.1567455488,37136.4185486938,9446.93727794463,3173.07099682693,36378.8092819398,38330.0871042245,10295.3980999632,33764.7220332543,4094.28551419867,10256.7059033806,15439.6825607717,Bromodomain containing 4,O60885,608749.0,gene,23476.0,BRD4,ENSG00000141867,bacteria
sp|O60885|BRD4_HUMAN,sp,O60885,BRD4,HUMAN,0001259|tr|Q1GBZ3|Q1GBZ3_LACDA,1259,tr,Q1GBZ3,Q1GBZ3,SSSSDS,709,714,SSSSDS,208,213,SESSSSSSSDSSSKSS,6,,,,,,,,,,,,,,,,,,,,,,,,,,,,,,,,,,,,,,,,,,,,,,,,,,,,,,,,,,,,,,,,,,,,,,,,,,,,,,,,,,,,,76.755,67.25,93.375,73.575,91.96,85.07,84.13499999999999,87.375,93.605,29.285,95.0,95.0,48.355,95.0,95.0,91.5,40.57,95.0,95.0,74.555,95.0,43.875,84.015,82.77,92.49,23594.7019859159,13214.7143675636,19324.5371974902,12855.7939121855,18997.6038004763,21646.710012939,17630.5773799659,13043.9648091413,19254.4114420429,1065.86313076637,39112.2484657243,35417.9343199991,4860.91342313896,37378.6919056583,37535.1280061943,9306.12456835771,4038.32283730161,37342.310997726,38058.5802237107,9069.05045525139,35006.092953882,3788.95461027673,10997.4694593776,14738.9209228267,Bromodomain containing 4,O60885,608749.0,gene,23476.0,BRD4,ENSG00000141867,bacteria
sp|O60885|BRD4_HUMAN,sp,O60885,BRD4,HUMAN,0001259|tr|Q1GAV6|Q1GAV6_LACDA,1259,tr,Q1GAV6,Q1GAV6,IAGSSK,689,694,IAGSSK,58,63,SIASAIAGSSKYAFRQ,6,,,,,,,,,very_weak,,,,,,,,,,,weak,very_weak,,,very_weak,,weak,very_weak,strong,weak,very_weak,,,very_weak,,,,,,,,,,,,,,,very_weak,,,,,,,,weak,very_weak,,,,,weak,very_weak,,,,,,,,,very_weak,,,very_weak,,,,,,very_weak,strong,weak,very_weak,54.175,27.57,18.48,21.74,27.645,30.655,2.42,19.880000000000003,9.085,1.235,16.09,47.03,34.835,48.55,19.635,23.255000000000003,7.755,37.685,4.995,35.739999999999995,31.015,13.955,10.795000000000002,50.225,19.76,8961.65564786461,723.581928158272,415.424051520912,2151.65516017595,673.872737789875,2943.81984300144,244.659248111928,302.406390327799,503.98225019827,15.2225147538777,1536.69512159748,3227.95637653411,2782.76533269244,2997.26826542558,3010.91976703728,52.9199943746685,102.252582956256,4088.30947946667,628.47546251736,704.447063149733,2134.88907153848,136.625416824748,134.093269745949,1459.19233280739,Bromodomain containing 4,O60885,608749.0,gene,23476.0,BRD4,ENSG00000141867,bacteria
sp|O60885|BRD4_HUMAN,sp,O60885,BRD4,HUMAN,0001259|tr|Q1G8P3|Q1G8P3_LACDA,1259,tr,Q1G8P3,Q1G8P3,DALEQA,1267,1272,DALEQA,242,247,TEWPEDALEQANAIPD,6,,,,,,,,,,,,,,,,,,,,,,,,,,,,,,,,,,,,,,,,,weak,very_weak,,,,,,,,,very_weak,,,,,,,,,,,,,,,,,,,,,,,,,,,,,,,,weak,very_weak,41.46,72.59,75.44500000000001,35.56,74.74,51.55500000000001,71.29499999999999,36.84,55.485,29.32,56.515,66.33,3.33,68.285,72.47,38.555,40.47,64.15,71.88,50.7,66.73,41.96,29.69,38.915,79.785,5599.41713413725,8594.99303163709,13448.5298354955,4887.96916557212,13391.1759887133,14214.1024156365,12328.7369606414,4364.5516733057,4951.95420300628,2385.66929616675,17526.9196822461,9949.12761109917,691.735391759369,10310.3357119191,16258.5064545337,1870.56453687521,3435.60417699257,13614.1128384228,15191.9459591834,6162.96630135612,7983.25051375867,5522.10481148612,2563.6757222153,4410.26562939221,Bromodomain containing 4,O60885,608749.0,gene,23476.0,BRD4,ENSG00000141867,bacteria
sp|O60885|BRD4_HUMAN,sp,O60885,BRD4,HUMAN,0001259|tr|Q1G886|Q1G886_LACDA,1259,tr,Q1G886,Q1G886,AAVAAA,1302,1307,AAVAAA,835,840,QADVNAAVAAALQK,6,,,,,,,,,,,,,,,,,,very_weak,,,,,,very_weak,,,very_weak,strong,weak,very_weak,,weak,very_weak,,,,,,,strong,weak,very_weak,,,,,,,,weak,very_weak,,weak,very_weak,strong,weak,very_weak,,,,,,,,,,,,,strong,weak,very_weak,,weak,very_weak,,,,,,,strong,weak,very_weak,23.585,44.38,28.74,35.86,28.44,12.245,45.915,10.91,17.84,0.3399999999999999,5.65,42.83,0.99,43.89,48.395,7.255,0.325,40.895,29.315,32.86,44.555,1.6749999999999998,3.985,40.355,47.135,4905.45298528997,4445.28586726244,2002.40865008335,7526.10669877196,3076.65165299134,2497.7983181466,9724.3543670997,600.405381092952,697.748919082515,33.514957554178,2047.78463265459,6645.28207212564,664.000630596047,7117.05285295556,9786.62999044929,115.955249765282,58.4070131813129,10199.491853546,5198.01350031343,2702.64725076019,5694.60778064573,526.654685410373,208.01108752904,3796.50532329214,Bromodomain containing 4,O60885,608749.0,gene,23476.0,BRD4,ENSG00000141867,bacteria
sp|O60885|BRD4_HUMAN,sp,O60885,BRD4,HUMAN,0001259|tr|Q1GAA8|Q1GAA8_LACDA,1259,tr,Q1GAA8,Q1GAA8,ARRRQEQ,1279,1285,ARRRQEQ,425,431,DFWNLARRRQEQANILV,7,,,,,,,,weak,very_weak,,,,,,,,,,,,,,,,,,,,,,,weak,very_weak,,,,,,,,,,,,,,,,,,,,,,,,,,,,,,,,,,,,,,,,,,,,,,strong,weak,very_weak,strong,weak,very_weak,70.63,24.08,4.43,60.3,53.34,34.93,52.115,55.27,33.615,79.15,3.705,50.295,83.905,53.28,34.785,40.69,82.055,49.11,48.225,54.42,40.125,25.615,56.01,56.34,1.1,8152.94580213158,427.359675043271,277.9653659626,5078.05062084743,1891.79347072328,4436.06082717837,4221.50017872049,1564.8326003846,1211.02744315756,5040.38992131767,1222.91748571022,4246.51291858842,9260.62350533734,3243.07962676263,2640.5596205091,414.916449927011,5771.71179505833,4615.20529061207,3393.15739696548,1822.30046074778,2185.77257115951,560.078620136986,1196.99736432019,1411.427280305,Bromodomain containing 4,O60885,608749.0,gene,23476.0,BRD4,ENSG00000141867,bacteria
sp|O60885|BRD4_HUMAN,sp,O60885,BRD4,HUMAN,0001259|tr|Q1G8D4|Q1G8D4_LACDA,1259,tr,Q1G8D4,Q1G8D4,DKKEKK,542,547,DKKEKK,99,104,DDKDKDKKEKKAPAKK,6,,,,,,,,,,,,,,,,,,,,,,,,,,,,,,,,,,,,,,,,,,,,,,,,,,,,,,,,,,,,,,,,,,,,,,,,,,,,,,,,,,,,,95.0,53.42,46.765,95.0,82.70500000000001,69.635,52.58,95.0,58.865,95.0,67.145,95.0,95.0,95.0,65.475,88.555,95.0,95.0,75.255,78.425,95.0,68.25999999999999,95.0,95.0,30.37,41589.991910512,7765.32778017353,7936.22770416658,35799.3555397666,15933.5434767135,24462.4335085299,13353.557642061,41428.3089852692,12268.3244935544,37563.9737296458,21758.4827917618,41016.637772131,41063.7065967333,40552.8554763077,19980.0249557093,10467.8155971702,42303.8911207005,40944.3636020431,19311.3691918602,15740.26107782,39396.3869215755,14553.5148673367,41792.0788309301,40665.3370473714,Bromodomain containing 4,O60885,608749.0,gene,23476.0,BRD4,ENSG00000141867,bacteria
sp|O60885|BRD4_HUMAN,sp,O60885,BRD4,HUMAN,0001259|tr|Q1G8L8|Q1G8L8_LACDA,1259,tr,Q1G8L8,Q1G8L8,AAAVAA,1301,1306,AAAVAA,101,106,GEAGNAAAVAASEIGR,6,,,,,,,,,,,,,,,,,,,,,,,,,,,,strong,weak,very_weak,,,,,,,,,,strong,weak,very_weak,,,,,,,,weak,very_weak,,,,strong,weak,very_weak,,,,,,,,,,,,,,weak,very_weak,,,,,,,,,,strong,weak,very_weak,42.58,71.14,54.755,66.81,68.405,54.5,74.47,21.93,69.23,0.36,30.03,68.935,0.48,71.17999999999999,71.87,36.825,0.135,68.655,60.765,47.84,70.75,2.43,23.16,48.815000000000005,70.955,8088.97894786758,9094.79570927697,5963.74439151971,12961.2421395737,10414.155369981,11562.9272066189,13693.4440847568,1667.55064616593,8792.61515522896,19.1223248336685,8271.83336752341,11746.2731009716,334.336128361359,12129.4731642372,15954.2446016247,1275.90140936154,39.8705698910998,16136.0067813716,12522.5998007613,5088.72083158914,9180.01646980582,460.162263284564,1196.8937588355,5373.80665599692,Bromodomain containing 4,O60885,608749.0,gene,23476.0,BRD4,ENSG00000141867,bacteria
sp|O60885|BRD4_HUMAN,sp,O60885,BRD4,HUMAN,0001259|tr|Q1G9E7|Q1G9E7_LACDA,1259,tr,Q1G9E7,Q1G9E7,EKSSKV,345,350,EKSSKV,2,7,MEKSSKVNLAIF,6,,,,,,,,,,,,,,,,,,,,,,,,,,,,,,,,,,,,,,,,,,,,,,,,,,,,,,,,,,,,,,,,,,,,,,,,,,,,,,,,,,,,,87.595,88.775,76.09,89.925,88.32,83.34,90.21,79.195,76.235,31.435,69.595,82.145,54.24,79.89500000000001,78.15,88.035,20.42,84.045,83.72,85.025,80.03,48.49,82.63,89.63,77.315,15987.2493786992,8696.6763773961,7246.19269994973,15089.5591084365,11408.3351936135,15096.2544864406,16546.8935888781,5955.10412004712,5847.32856497524,1247.02194614502,13747.7781668844,9513.30160234903,6431.65189508293,8760.70811529226,11550.9230444175,5432.14818886457,1153.36383386175,12828.1434193817,11493.9488780044,8282.93874161131,6648.08678250537,2808.99257563472,5309.42370305791,9985.90315990368,Bromodomain containing 4,O60885,608749.0,gene,23476.0,BRD4,ENSG00000141867,bacteria
sp|O60885|BRD4_HUMAN,sp,O60885,BRD4,HUMAN,0001259|tr|Q1GAS3|Q1GAS3_LACDA,1259,tr,Q1GAS3,Q1GAS3,ARKLQD,443,448,ARKLQD,377,382,ALVKVARKLQDRKRED,6,,,,,weak,very_weak,,weak,very_weak,,,,,,,,,,,weak,very_weak,,,,,,very_weak,,,,,,,,,,,,very_weak,,,,,,,,weak,very_weak,,,,,,,,,,,,,,,very_weak,,,,,,,,,very_weak,,,,,,,strong,weak,very_weak,strong,weak,very_weak,73.38499999999999,7.689999999999999,2.48,61.305,27.625,32.39,6.875,49.155,13.04,76.61500000000001,29.895,33.19,82.24000000000001,33.995,9.955,51.69499999999999,72.88,32.085,13.075,43.6,29.26,16.7,43.725,26.99,0.8999999999999999,14306.2142710549,230.37251550857,191.663218395452,8380.93031890099,722.963701727663,5470.60473979645,717.175026686549,1773.2659773974,771.980531588764,5600.93195030052,4732.21470110035,3576.66769020699,13741.3834943601,2624.38147076638,1413.42924301286,612.803067062641,6213.58457990657,4861.33419339325,1026.22111889074,2156.26962672606,1927.9759792398,884.151591440272,1489.56472111282,1161.07665906986,Bromodomain containing 4,O60885,608749.0,gene,23476.0,BRD4,ENSG00000141867,bacteria
sp|O60885|BRD4_HUMAN,sp,O60885,BRD4,HUMAN,0001259|tr|Q1GBF1|Q1GBF1_LACDA,1259,tr,Q1GBF1,Q1GBF1,ELARKR,1326,1331,ELARKR,8,13,TNKKKELARKRAERSL,6,,,,,,very_weak,,weak,very_weak,,,,,,,,,,,,,,,,,,very_weak,,,,,,,,,,,,very_weak,,,,,,,,,,,,,,,,,,,,,,,,,,,,,,,,weak,very_weak,,,,,,,,,very_weak,,weak,very_weak,87.445,10.965,6.015000000000001,73.695,36.815,30.55,35.47,52.925,19.465,70.88,25.635,33.66,93.215,53.04,30.63,32.57,63.655,50.67,37.43,41.445,52.405,6.37,49.46,56.245,12.515,18913.515008869,344.459660564277,421.203742816859,11061.4334937946,1653.5903657366,4798.52007242349,3715.9165787371,2379.97156776441,1144.67381715695,5134.95881820272,5890.25371039253,5382.82644373788,15176.6669133716,6807.64377475005,4938.04322685512,403.865470084342,5734.23988186473,9815.47426701904,3673.66156322012,2033.9834895944,5847.0122395386,741.959028781225,2021.76231428422,3524.57525790322,Bromodomain containing 4,O60885,608749.0,gene,23476.0,BRD4,ENSG00000141867,bacteria
sp|O60885|BRD4_HUMAN,sp,O60885,BRD4,HUMAN,0001259|tr|Q1G942|Q1G942_LACDA,1259,tr,Q1G942,Q1G942,QQQRQE,1287,1292,QQQRQE,42,47,PQKKQQQQRQEMMNQL,6,,,,,,,,,,,,,,,,,,,,,,,,,,,,,,,,,,,,,,,,,,,,,,,,,,,,,,,,,,,,,,,,,,,,,,,,,,,,,,,,,,,,,72.955,28.645,77.73,52.9,79.47999999999999,87.21,66.33500000000001,86.97,74.91999999999999,95.0,78.09,74.18,88.195,60.71,60.175,68.91,69.715,71.195,55.465,81.525,64.39,77.0,82.735,81.00999999999999,69.055,11001.9920159291,1228.04888782878,9822.91117083409,7944.56129427494,9754.17594697111,19608.0278658956,9478.26652522409,10633.9120675379,8940.3491284471,32449.8923105659,17902.9655365728,7963.58082927426,11466.125525207,5852.51874454265,9980.50235801438,3266.56891495103,7952.38736006535,9323.66116632685,7667.81092482113,8189.45931918242,4649.18604402651,7129.61573202284,8176.09041487449,7917.53049063308,Bromodomain containing 4,O60885,608749.0,gene,23476.0,BRD4,ENSG00000141867,bacteria
sp|O60885|BRD4_HUMAN,sp,O60885,BRD4,HUMAN,0001259|tr|Q1G7Y0|Q1G7Y0_LACDA,1259,tr,Q1G7Y0,Q1G7Y0,SKMKGF,693,698,SKMKGF,221,226,TGVNLSKMKGFKVSSS,6,,,very_weak,,,very_weak,,,very_weak,,,,strong,weak,very_weak,,,very_weak,,,,,weak,very_weak,,weak,very_weak,,,,,,,,,,,weak,very_weak,,,,,,,,weak,very_weak,,,,strong,weak,very_weak,,,very_weak,,,,strong,weak,very_weak,,,very_weak,,,,,weak,very_weak,,weak,very_weak,,,very_weak,,weak,very_weak,strong,weak,very_weak,18.75,13.23,10.89,29.8,0.4,14.665,30.365,3.52,8.59,34.885,21.93,23.62,58.28,27.17,9.72,0.335,10.83,23.385,0.605,13.25,25.655,2.9,7.300000000000001,16.255,9.69,1928.05942213598,180.455537126881,326.658994104777,4005.51176416129,18.0961147811741,1705.79985882964,2104.20521309745,65.0550231880367,177.111064540385,466.958305981196,2576.02120309481,1455.2506318732,4761.95343175896,1457.45667075691,1448.98172315101,6.20436649445933,249.08784136348,2462.00506955635,112.747257425141,293.452102588532,1444.80182818479,72.5452299901939,91.645535443994,275.721833849797,Bromodomain containing 4,O60885,608749.0,gene,23476.0,BRD4,ENSG00000141867,bacteria
sp|O60885|BRD4_HUMAN,sp,O60885,BRD4,HUMAN,0001259|tr|Q1GAG6|Q1GAG6_LACDA,1259,tr,Q1GAG6,Q1GAG6,SSDSSS,485,490,SSDSSS,96,101,SSEESSSDSSSSSSEE,6,,,,,,,,,,,,,,,,,,,,,,,,,,,,,,,,,,,,,,,,,,,,,,,,,,,,,,,,,,,,,,,,,,,,,,,,,,,,,,,,,,,,,82.38,95.0,95.0,68.33,95.0,82.365,78.255,82.775,95.0,27.775,95.0,95.0,27.525,95.0,95.0,95.0,53.8,95.0,95.0,69.49,95.0,64.97,83.715,83.16499999999999,95.0,21399.6313595552,35717.3333356994,37117.9399880668,15780.5046841878,35428.6659430158,24692.1876235334,21112.3841028119,17109.6446704179,37494.5377927193,1646.44923751581,41261.0040473049,34901.7116329074,2778.4330263755,36782.9137162397,38176.1201948171,32741.5554886876,7589.48090872141,37358.8801291285,39182.9843910086,11036.2093413633,34895.2925339905,7737.73462899035,15187.5085232293,17230.0256057607,Bromodomain containing 4,O60885,608749.0,gene,23476.0,BRD4,ENSG00000141867,bacteria
sp|O60885|BRD4_HUMAN,sp,O60885,BRD4,HUMAN,0001259|tr|Q1GA00|Q1GA00_LACDA,1259,tr,Q1GA00,Q1GA00,PKKTKK,570,575,PKKTKK,1884,1889,LASSLPKKTKKVKQVR,6,,,,,,,,,,,,,,,,,,,,,,,,,,,,,,,,,,,,,,,,,,,,,,,,,,,,,,,,,,,,,,,,,,,,,,,,,,,,,,,,,,,,,95.0,61.55500000000001,30.880000000000003,87.385,59.09,68.965,62.190000000000005,63.36,51.44,58.080000000000005,51.54,62.78,95.0,72.445,54.29,58.275000000000006,77.835,75.305,63.375,78.18,67.69,25.26,64.495,85.27000000000001,28.57,33932.456969013,2192.42821426306,1708.64451006125,16332.028091446,3243.14980632699,10366.3767946583,7385.18315602635,2201.91358742932,3657.91536910982,1188.08142466766,7788.804533039,8337.96790512954,23180.7232162095,8493.02817848555,7170.7730098455,676.810165156905,5520.13348110058,13356.3030923773,7367.54501653562,5441.79578669035,8662.96139577774,644.660270026077,1725.34555589129,8861.8586410862,Bromodomain containing 4,O60885,608749.0,gene,23476.0,BRD4,ENSG00000141867,bacteria
sp|O60885|BRD4_HUMAN,sp,O60885,BRD4,HUMAN,0001259|tr|Q1G890|Q1G890_LACDA,1259,tr,Q1G890,Q1G890,EALEKLF,151,157,EALEKLF,157,163,LDREHEALEKLFSQHK,7,,,,,,,,,,,,,,,,,,,,,,,,,,,,,,,,,,,,,,,very_weak,,,,,,,,weak,very_weak,,,,,,,,,,,,,,,,,,,,,very_weak,,,,,,,,,,,,very_weak,,weak,very_weak,53.805,35.7,22.475,76.42500000000001,46.155,65.08500000000001,49.7,70.345,48.945,83.875,21.84,27.93,60.06,23.79,9.82,48.575,41.525,31.2,31.395,54.155,15.015,27.950000000000003,63.035,56.985,10.855,7746.11121712541,1497.74216622896,2125.94543544717,9242.20543280004,1916.55763595054,13059.6399617477,7110.04885260456,4550.7435561035,5585.74177479122,8461.47585129269,3618.27682434492,1712.9389175983,4811.41325583196,1198.21540075512,1368.84956791232,769.553730518712,3260.38964540391,2896.39690266121,2781.04965427645,3200.55185922102,707.793405083228,2262.4583304089,3525.29989971898,3031.31689579916,Bromodomain containing 4,O60885,608749.0,gene,23476.0,BRD4,ENSG00000141867,bacteria
sp|O60885|BRD4_HUMAN,sp,O60885,BRD4,HUMAN,0001259|tr|Q1G942|Q1G942_LACDA,1259,tr,Q1G942,Q1G942,QQQQRQ,1286,1291,QQQQRQ,41,46,KPQKKQQQQRQEMMNQ,6,,,,,,,,,,,,,,,,,,,,,,,,,,,,,,,,,,,,,,,,,,,,,,,,,,,,,,,,,,,,,,,,,,,,,,,,,,,,,,,,,,,,,83.75,28.875,79.3,58.44,82.85499999999999,86.17,60.76,90.55,71.5,95.0,78.435,85.97,93.075,69.29,60.345,73.755,77.44,81.475,59.5,85.645,73.03,82.09,83.89,84.025,63.635000000000005,18387.2734427357,1508.80236571727,12003.6170269708,14701.0154472496,12954.65264018,24216.4690680641,11194.2338823177,15745.2007306608,12879.7408443625,32167.4394475417,22513.0877141712,18109.084111511,17529.0058176217,14585.6733690034,14919.4230915935,5617.68278137181,11556.548442966,20027.2076970254,10671.9486007456,12564.8087116974,10865.3573680419,10253.7100083406,12461.2373797183,11646.5502711032,Bromodomain containing 4,O60885,608749.0,gene,23476.0,BRD4,ENSG00000141867,bacteria
sp|O60885|BRD4_HUMAN,sp,O60885,BRD4,HUMAN,0001259|sp|P54264|ASNA_LACDA,1259,sp,P54264,ASNA,LQEQLK,514,519,LQEQLK,265,270,VDEDRLQEQLKLAGAE,6,,,,,weak,very_weak,,,very_weak,,,,,,,,,,,,,,,,,,,,,,,,,,,,,,,,,,,,,,,very_weak,,,,,,,,,very_weak,,,,,,,,,,,,,,,,,,,,,,,weak,very_weak,,weak,very_weak,59.675,6.925,18.27,58.870000000000005,46.8,65.08,24.545,67.625,43.0,78.935,22.865,42.34,66.175,38.96,19.025,47.45,12.58,46.385000000000005,25.995,57.065,36.835,32.155,66.56,67.36,6.9750000000000005,8707.22152983751,326.747365503496,1695.64230241497,8198.41363246175,3218.0178626858,14351.4844455522,3115.98183901093,6449.91009230656,3750.85749698905,6774.79849915307,7063.96443081556,5657.02434229494,6179.72621320849,3817.30615895579,3534.35138236312,1169.04342495483,867.126949458043,7718.16879400004,2729.24129120587,4488.83318928914,2901.1642543862,2334.3464475112,4996.40884819031,5122.25152976971,Bromodomain containing 4,O60885,608749.0,gene,23476.0,BRD4,ENSG00000141867,bacteria
sp|O60885|BRD4_HUMAN,sp,O60885,BRD4,HUMAN,0001259|tr|Q1G890|Q1G890_LACDA,1259,tr,Q1G890,Q1G890,EALEKL,151,156,EALEKL,157,162,LDREHEALEKLFSQHK,6,,,,,,,,,,,,,,,,,,,,,,,,,,,,,,,,,,,,,,,very_weak,,,,,,,,weak,very_weak,,,,,,,,,,,,,,,,,,,,,very_weak,,,,,,,,,,,,very_weak,,weak,very_weak,53.805,35.7,22.475,76.42500000000001,46.155,65.08500000000001,49.7,70.345,48.945,83.875,21.84,27.93,60.06,23.79,9.82,48.575,41.525,31.2,31.395,54.155,15.015,27.950000000000003,63.035,56.985,10.855,7746.11121712541,1497.74216622896,2125.94543544717,9242.20543280004,1916.55763595054,13059.6399617477,7110.04885260456,4550.7435561035,5585.74177479122,8461.47585129269,3618.27682434492,1712.9389175983,4811.41325583196,1198.21540075512,1368.84956791232,769.553730518712,3260.38964540391,2896.39690266121,2781.04965427645,3200.55185922102,707.793405083228,2262.4583304089,3525.29989971898,3031.31689579916,Bromodomain containing 4,O60885,608749.0,gene,23476.0,BRD4,ENSG00000141867,bacteria
sp|O60885|BRD4_HUMAN,sp,O60885,BRD4,HUMAN,0644875|tr|A0A934UDQ2|A0A934UDQ2_9STRE,644875,tr,A0A934UDQ2,A0A934UDQ2,KRKEEV,552,557,KRKEEV,498,503,AEADAKRKEEVDLKND,6,,,,,,,,,,,,,,,,,,,,,,,,,,,,,,,,,,,,,,,,,,,,,,,,,,,,,,,,,,,,,,,,,,,,,,,,,,,,,,,,,,,,,75.395,55.255,81.43,83.24000000000001,76.61,85.88,70.425,85.47999999999999,69.405,95.0,31.73,76.89,86.265,73.35499999999999,48.24,81.22999999999999,95.0,72.765,75.94,82.38499999999999,63.19499999999999,63.355,84.21,81.41499999999999,73.00999999999999,19543.004483025,8476.41187889383,15347.5775532463,17779.0371290936,16347.7627602973,26279.4479366758,13571.3154591468,18805.5696443737,15208.2276529721,26934.0520691515,11435.5233841229,14893.7786054495,12060.1159666361,13076.6072633738,12286.9222527844,11602.0269576999,32179.9714923351,17748.0932851484,18873.0396521364,14619.3264619544,9357.4160235139,14142.9210890887,16029.1650258952,14680.193121096,Bromodomain containing 4,O60885,608749.0,gene,23476.0,BRD4,ENSG00000141867,bacteria
sp|O60885|BRD4_HUMAN,sp,O60885,BRD4,HUMAN,0644875|tr|A0A934UDG5|A0A934UDG5_9STRE,644875,tr,A0A934UDG5,A0A934UDG5,EFGADV,417,422,EFGADV,138,143,VNVLREFGADVLGIAS,6,,weak,very_weak,,weak,very_weak,,,,,weak,very_weak,,weak,very_weak,,,,,,,,,very_weak,,,,,,very_weak,,,very_weak,,,,,,,,weak,very_weak,,,,,,,,,very_weak,,,very_weak,,weak,very_weak,,,,,weak,very_weak,,,,,,,,,,,,very_weak,,,,,,,,weak,very_weak,2.265,7.845000000000001,47.95,6.694999999999999,2.4000000000000004,28.705,21.0,13.525,29.205,10.305,17.385,30.37,9.08,27.39,27.585,11.535,6.9,32.95,9.6,22.155,25.37,22.12,15.45,22.09,50.855,251.065752942546,294.234214311701,2101.42946737843,302.586402239166,91.3702891519086,3232.25510633841,1104.17746107802,341.380118008538,539.580621517852,169.003015729606,3445.05897175611,889.784893946247,568.934802800951,698.617650629995,2230.71318553596,70.8548864276613,168.717998610495,1450.86426432515,785.775641744247,547.822166384532,668.563926551107,321.849124813721,279.642588959246,606.779319615442,Bromodomain containing 4,O60885,608749.0,gene,23476.0,BRD4,ENSG00000141867,bacteria
sp|O60885|BRD4_HUMAN,sp,O60885,BRD4,HUMAN,0644875|tr|A0A934P9V1|A0A934P9V1_9STRE,644875,tr,A0A934P9V1,A0A934P9V1,KKGVKR,285,290,KKGVKR,107,112,EQVLAKKGVKRKEINL,6,,,,,,,,,very_weak,,,,,,very_weak,,,,,,very_weak,,,,,,very_weak,,,,,,,,,,,weak,very_weak,,,,,,,,,,,,,,,,,,,,,,,,,,,,,,,,,,,,,,,,,,very_weak,,weak,very_weak,93.685,43.065,18.41,74.97,19.265,38.08,17.64,70.03999999999999,14.205,86.205,49.575,64.115,95.0,72.065,36.765,37.005,89.05000000000001,59.55,41.545,69.535,69.255,28.47,76.835,86.44,13.3,24099.3695651377,902.349731612257,1156.17506108638,14416.5384331737,831.864777535261,7150.16475766532,2129.44465533295,2868.11201340513,957.169781069399,6326.60468183446,7690.82642914561,7630.07250818706,29763.7251486961,7809.47884198005,4168.26114623699,652.413993577643,11632.8229404015,11346.7840075831,3546.14922624079,5840.05740772878,6127.72601797492,1772.42197914712,3357.84079831142,8040.8983629545,Bromodomain containing 4,O60885,608749.0,gene,23476.0,BRD4,ENSG00000141867,bacteria
sp|O60885|BRD4_HUMAN,sp,O60885,BRD4,HUMAN,0644875|tr|A0A934P9L3|A0A934P9L3_9STRE,644875,tr,A0A934P9L3,A0A934P9L3,DKDKQK,1176,1181,DKDKQK,136,141,TETTIDKDKQKISIRV,6,,,,,,,,,,,,very_weak,,,,,,,,weak,very_weak,,,,,,,,,,,,,,,,,,,,,,,,,,,,,,,,,,,,,,,,,,,,,,,,,,,,,,,,,,,,,,weak,very_weak,88.83,31.045,44.105,15.24,45.34,42.57,3.76,60.41,25.845,93.745,67.33,77.4,95.0,60.4,50.5,59.435,86.035,68.105,42.055,44.685,62.845,52.095,60.315,69.85,39.66,23287.8150134329,2615.36730537532,4260.96460090957,2843.85479008645,4291.54771340963,11727.859198998,554.489146166137,3239.04685493068,1943.05403010135,26063.1092506795,18233.3401908842,14036.057550826,28096.4320913306,11886.1379720587,10327.3061059616,1758.64900045439,13795.7585269436,17823.9147746691,7040.23448375805,4755.05431474636,10084.8190873731,4956.02788521547,5240.13933186044,9984.06655942882,Bromodomain containing 4,O60885,608749.0,gene,23476.0,BRD4,ENSG00000141867,bacteria
sp|O60885|BRD4_HUMAN,sp,O60885,BRD4,HUMAN,0644875|tr|A0A934P929|A0A934P929_9STRE,644875,tr,A0A934P929,A0A934P929,APAPQP,262,267,APAPQP,292,297,QTASEAPAPQPSNDTE,6,,,,,,,,,,,,,,,,,,,,,,,,,,,,,,very_weak,,,,,,,,,,,,,,,,,,,,,,,,,,,,,,,,,,,,,,,,,,,,,,,,,,,,,,very_weak,93.815,86.13,95.0,95.0,95.0,84.095,95.0,95.0,95.0,19.265,65.515,95.0,55.25,95.0,95.0,84.42,48.575,95.0,95.0,82.475,95.0,57.48,82.34,95.0,95.0,25487.7940588685,15843.4628353453,31408.0639366421,33865.7029342841,32603.3338294151,26258.9835872128,35631.643584567,31023.0391230372,32934.4828809192,1005.02446721864,24667.3538684037,31240.6366079648,5836.96201015374,31057.9676612637,34429.5005523371,10289.2732566902,6304.32848981007,33629.0935937904,35376.5713585253,15068.8386059775,29167.5674945756,6824.75370988502,14979.7562242909,27835.303574185,Bromodomain containing 4,O60885,608749.0,gene,23476.0,BRD4,ENSG00000141867,bacteria
sp|O60885|BRD4_HUMAN,sp,O60885,BRD4,HUMAN,0644875|tr|A0A934P8T2|A0A934P8T2_9STRE,644875,tr,A0A934P8T2,A0A934P8T2,TTTPTT,294,299,TTTPTT,25,30,SNPDSTTTPTTDSQKD,6,,,,,,,,,,,,,,,,,,,,,,,,,,,,,,,,,,,,,,,,,,,,,,,,,,,,,,,,,,,,,,,,,,,,,,,,,,,,,,,,,,,,,95.0,95.0,95.0,95.0,95.0,95.0,95.0,75.88,95.0,37.35,95.0,95.0,26.575000000000003,95.0,95.0,95.0,52.395,95.0,95.0,71.91,95.0,51.77,95.0,68.945,95.0,39725.1186548004,36257.3866807705,37764.8809846096,35632.4146458767,36882.5441456529,39163.4874879438,38471.7688721225,16154.1741545761,36805.2075159284,3792.97431460695,41971.0725569478,38551.3559780615,4863.33334955246,39642.6794545155,39090.671940642,33456.703778011,9011.4385334473,40025.8335655176,39365.2822145888,13845.2544982174,38047.4636417599,8569.17900860807,38080.4111087454,14562.1780639892,Bromodomain containing 4,O60885,608749.0,gene,23476.0,BRD4,ENSG00000141867,bacteria
sp|O60885|BRD4_HUMAN,sp,O60885,BRD4,HUMAN,0644875|tr|A0A934PAF9|A0A934PAF9_9STRE,644875,tr,A0A934PAF9,A0A934PAF9,LAELQE,511,516,LAELQE,388,393,PRVEELAELQEKMTRF,6,,,,,,,,,,,,,,,,,,,,,,,,,,,,,,,,,,,,,,,,,,,,,,,,,,,,,,,,,,,,,,,,,,,,,,,,,,,,,,,,,,,,,42.895,45.24,57.06,51.06,44.58,76.05000000000001,24.42,74.19999999999999,68.345,75.97999999999999,21.06,52.655,33.465,33.955,28.445,34.165,46.335,36.715,25.05,72.905,23.855,57.21,59.42,66.545,49.175,4780.69315931492,1529.3471174275,5425.56941622859,4286.90686503429,3363.25849705118,16581.3037925635,2663.1116114903,6242.22295807435,6328.24775419619,7340.09453707279,4350.50173857536,3430.88651464829,2370.2576566004,1891.50692942324,2678.28215346828,684.439406082905,3427.69555637231,3484.26985142654,2736.63373118257,5972.78493184456,1080.37655802249,3863.0938405443,3591.40348821519,4215.93142003859,Bromodomain containing 4,O60885,608749.0,gene,23476.0,BRD4,ENSG00000141867,bacteria
sp|O60885|BRD4_HUMAN,sp,O60885,BRD4,HUMAN,0644875|tr|A0A934P9V1|A0A934P9V1_9STRE,644875,tr,A0A934P9V1,A0A934P9V1,KGVKRK,286,291,KGVKRK,108,113,QVLAKKGVKRKEINLT,6,,,,,,,,,very_weak,,,,,,very_weak,,,,,,very_weak,,,,,,very_weak,,,,,,,,,,,weak,very_weak,,,,,,,,,,,,,,,,,,,,,,,,,,,,,,,,,,,,,,,,,,very_weak,,weak,very_weak,92.805,25.96,18.41,83.33500000000001,19.265,38.08,17.64,67.74000000000001,14.205,83.67500000000001,49.575,44.73,95.0,61.885000000000005,36.765,37.005,75.53999999999999,59.55,41.545,74.81,63.735,30.085,67.83,80.075,13.3,21453.6480683695,856.552628017352,1156.17506108638,12789.6156406588,831.864777535261,7150.16475766532,2129.44465533295,2840.87167758087,957.169781069399,5758.11403401762,7690.82642914561,6465.21147848157,29763.7251486961,7412.32104422762,4168.26114623699,652.413993577643,9646.80586760269,11346.7840075831,3546.14922624079,5255.92486712024,5903.71636345159,1541.99151876251,3136.85310928103,6268.89030960318,Bromodomain containing 4,O60885,608749.0,gene,23476.0,BRD4,ENSG00000141867,bacteria
sp|O60885|BRD4_HUMAN,sp,O60885,BRD4,HUMAN,0644875|tr|A0A934P9S5|A0A934P9S5_9STRE,644875,tr,A0A934P9S5,A0A934P9S5,EKEERE,1233,1238,EKEERE,202,207,DTTEQEKEERERRLFV,6,,,,,,,,,,,,,,,,,,,,,,,,,,,,,,,,,,,,,,,,,,,,,,,,,,,,,,,,,,,,,,,,,,,,,,,,,,,,,,,,,,,,,79.175,67.64500000000001,88.97999999999999,71.43,81.765,90.38,20.515,89.985,66.775,85.44,78.9,84.80000000000001,70.985,80.08500000000001,63.010000000000005,83.88499999999999,95.0,74.12,76.595,91.72,74.41,82.91,90.79,91.855,63.95,17750.7819148563,4865.07012581697,12925.8105021913,8591.36695590157,9956.55805189287,21726.0188038341,2747.07624315337,12452.2071889049,7242.82218954426,28819.9851529864,21529.9199070787,13267.148902754,11814.3367049775,10538.8426341758,10397.15475478,6917.75846968312,34921.7316980199,15532.5083730079,11328.0157844301,12423.1394626994,7586.7715479185,13568.3790043902,11914.851597584,12962.5043409242,Bromodomain containing 4,O60885,608749.0,gene,23476.0,BRD4,ENSG00000141867,bacteria
sp|O60885|BRD4_HUMAN,sp,O60885,BRD4,HUMAN,0644875|tr|A0A934P9U3|A0A934P9U3_9STRE,644875,tr,A0A934P9U3,A0A934P9U3,YYKIIK,97,102,YYKIIK,649,654,LTSRTYYKIIKR,6,,,,,,,,,,,,,,,,,,,,,,,,,,,,,,,,,,,,,,,,,,,,,,,,,,,,,,,,,,,,,,,,,,,,,,,,,,,,,,,,,,,,,81.83,82.22999999999999,74.2,90.955,63.18,88.75999999999999,81.5,82.35,71.01,95.0,55.715,43.335,95.0,73.215,36.09,88.445,93.205,67.185,78.705,91.215,69.63499999999999,53.005,87.185,88.11,58.365,12043.0341759932,6123.28548502394,5953.49351523079,16183.9148772357,3186.28188115176,18630.5889145714,12821.899044625,7201.17346364181,7350.58522855171,16207.0454318955,10082.9642943486,2494.77328152125,23457.7552379457,4578.79687514703,2507.43799362169,5674.37268202934,12706.9935661061,6209.88805148231,9903.69682233883,11403.028694867,3739.59224971666,2066.50334851487,7217.08569865467,8762.88853173139,Bromodomain containing 4,O60885,608749.0,gene,23476.0,BRD4,ENSG00000141867,bacteria
sp|O60885|BRD4_HUMAN,sp,O60885,BRD4,HUMAN,0644875|tr|A0A934UDL4|A0A934UDL4_9STRE,644875,tr,A0A934UDL4,A0A934UDL4,AEKEKE,1248,1253,AEKEKE,176,181,IDQMTAEKEKELLEV,6,,,,,,,,,,,,,,,,,,,,,,,,,,,,,,,,,,,,,,,,,,,,,,,,,,,,,,,,,,,,,,,,,,,,,,,,,,,,,,,,,,,,,53.905,56.76,69.325,46.515,41.085,63.615,43.1,52.545,62.16,62.825,61.02,47.235,27.51,38.825,36.36,39.13,68.49000000000001,41.555,38.775,64.895,34.955,44.805,44.765,58.395,63.345,10303.4215873872,5244.10963539629,9791.07834610663,9212.154810386,6592.43080826815,22301.6790560241,7542.32888715198,8082.59244038161,9949.66586243281,8430.22316801546,17614.3703240166,5433.79412806607,3071.26360888718,5162.03166625171,8786.24347718598,1751.43313163791,7588.24926115938,8832.28015985951,7751.64473223844,7781.56041401069,3652.41818506321,5380.96305470252,4982.37299053105,5080.41373594389,Bromodomain containing 4,O60885,608749.0,gene,23476.0,BRD4,ENSG00000141867,bacteria
sp|O60885|BRD4_HUMAN,sp,O60885,BRD4,HUMAN,0644875|tr|A0A934P9V1|A0A934P9V1_9STRE,644875,tr,A0A934P9V1,A0A934P9V1,KKGVKRK,285,291,KKGVKRK,107,113,EQVLAKKGVKRKEINLT,7,,,,,,,,,very_weak,,,,,,very_weak,,,,,,very_weak,,,,,,very_weak,,,,,,,,,,,weak,very_weak,,,,,,,,,,,,,,,,,,,,,,,,,,,,,,,,,,,,,,,,,,very_weak,,weak,very_weak,92.805,25.96,18.41,83.33500000000001,19.265,38.08,17.64,67.74000000000001,14.205,83.67500000000001,49.575,44.73,95.0,61.885000000000005,36.765,37.005,75.53999999999999,59.55,41.545,74.81,63.735,30.085,67.83,80.075,13.3,21453.6480683695,856.552628017352,1156.17506108638,12789.6156406588,831.864777535261,7150.16475766532,2129.44465533295,2840.87167758087,957.169781069399,5758.11403401762,7690.82642914561,6465.21147848157,29763.7251486961,7412.32104422762,4168.26114623699,652.413993577643,9646.80586760269,11346.7840075831,3546.14922624079,5255.92486712024,5903.71636345159,1541.99151876251,3136.85310928103,6268.89030960318,Bromodomain containing 4,O60885,608749.0,gene,23476.0,BRD4,ENSG00000141867,bacteria
sp|O60885|BRD4_HUMAN,sp,O60885,BRD4,HUMAN,0644875|tr|A0A934PAI9|A0A934PAI9_9STRE,644875,tr,A0A934PAI9,A0A934PAI9,EKVDVI,684,689,EKVDVI,6,11,MLSTMEKVDVIHAILE,6,,,,,,very_weak,,,very_weak,,,very_weak,,,,,,,,,,,,,,,,,,,,,,,,,,,,,,very_weak,,,,,,,,,,,,,,,very_weak,,,,,,,,weak,very_weak,,,,,,,,,,,,very_weak,,,,,weak,very_weak,34.19,14.76,19.825,10.65,30.160000000000004,34.885,27.645,24.975,34.345,49.18000000000001,27.415,59.03,14.98,43.28,45.45,28.335,15.760000000000002,44.760000000000005,20.975,9.735,34.885,28.545,34.195,15.895,31.485,2748.59252201276,243.689667133565,528.635707484658,446.319444742305,613.89805909383,4207.18234573767,1221.66112039129,429.547755712707,427.701983394844,2404.09269517737,4193.36676221354,2609.54447192635,1420.63525562072,1158.56685719476,2680.05042050203,151.368478242133,588.965434248263,3251.86385245851,538.356003339724,352.086265931228,1239.50240109098,743.630698228325,695.92433261925,438.896790082212,Bromodomain containing 4,O60885,608749.0,gene,23476.0,BRD4,ENSG00000141867,bacteria
sp|O60885|BRD4_HUMAN,sp,O60885,BRD4,HUMAN,0644875|tr|A0A934UE60|A0A934UE60_9STRE,644875,tr,A0A934UE60,A0A934UE60,KEKKKE,544,549,KEKKKE,51,56,KFVIVKEKKKELADIM,6,,,,,,very_weak,,weak,very_weak,,,,,,very_weak,,,,,weak,very_weak,,,,,,very_weak,,,,,,,,,,strong,weak,very_weak,,,,,,,,weak,very_weak,,,,,,,,,,,,,,,very_weak,,,,,,,,,,,,,,,,,weak,very_weak,strong,weak,very_weak,78.705,15.915,7.24,26.28,17.015,31.38,3.305,41.63,10.735,91.615,40.92,31.23,94.085,32.980000000000004,7.239999999999999,26.955,90.905,31.425,10.23,45.86,32.38,29.915,50.165000000000006,56.42,2.585,17503.4204139608,747.963933217839,587.031384216435,4832.64775500315,894.098709341251,6112.69424065109,446.575459244938,1895.62500855437,791.852384113383,11785.6102723603,8084.34166680057,4439.42190345364,16728.890277269,3688.9566253252,1449.42076415973,349.225591168808,12651.8438763181,6209.82086223392,1471.60695787581,2653.96441669859,2729.86148716099,2412.35257696917,2346.39984449473,3899.12334798028,Bromodomain containing 4,O60885,608749.0,gene,23476.0,BRD4,ENSG00000141867,bacteria
sp|O60885|BRD4_HUMAN,sp,O60885,BRD4,HUMAN,0644875|tr|A0A934P8W8|A0A934P8W8_9STRE,644875,tr,A0A934P8W8,A0A934P8W8,TEETEI,166,171,TEETEI,66,71,ISGLNTEETEIVSRYF,6,,,,,,,,,,,,very_weak,,,,,,,,,very_weak,,,,,,,,,,,,,,,,,,,,weak,very_weak,,,,,,,strong,weak,very_weak,,,,,,,,,,,,,,,,,,,,,,,,,,,,,,,strong,weak,very_weak,32.455,30.58,68.445,12.415,50.755,42.91,17.2,51.76,45.365,24.06,57.865,45.900000000000006,9.155,31.24,49.625,33.46,44.215,38.745,49.03,24.515,33.04,51.72,55.42999999999999,34.68,80.41499999999999,5460.07892898235,3059.22463433577,8965.04999998245,1995.85471699551,7525.12959253586,13469.4996232164,2869.97455807412,3472.6778768332,3868.15468871582,2180.67022764063,13790.9828081939,5088.77589071816,1217.14888295911,3686.04407613266,9411.23011236466,1315.51682335349,2701.7408994047,6589.15050722861,5878.53882747579,2044.30900314049,2752.49111445529,3084.1507323223,4448.17262463297,2986.48858051054,Bromodomain containing 4,O60885,608749.0,gene,23476.0,BRD4,ENSG00000141867,bacteria
sp|O60885|BRD4_HUMAN,sp,O60885,BRD4,HUMAN,0644875|tr|A0A934PBB4|A0A934PBB4_9STRE,644875,tr,A0A934PBB4,A0A934PBB4,EKALKA,1238,1243,EKALKA,371,376,KQAYEEKALKAIQLGG,6,,,,,,,,,very_weak,,,,,,,,,,,,,,,very_weak,,,,,,,,,very_weak,,,very_weak,,,,,,,,,,,,very_weak,,,,,weak,very_weak,,,,,,,,,,,,,,,,,weak,very_weak,,,,,,,,,,,weak,very_weak,44.29,42.27,16.575,53.79,36.68,44.075,52.585,15.815,27.52,44.915,17.134999999999998,12.105,50.405,21.11,16.765,6.175,35.395,21.74,20.325,40.02,22.02,3.975,25.75,49.855,20.785,8978.34883394543,1421.81931258838,1266.80887702884,6696.16573170022,1172.12112526722,7379.1926336344,5205.89325631462,385.814793462003,1856.41051457363,2610.2504347168,2782.13311753739,1171.03097273983,5717.82198105352,1964.8505156879,2740.07062088688,32.3439576221882,1686.42084556845,3842.16821599322,1158.46657804263,1393.67244153339,1793.08023669583,454.516313621977,635.5942417818,2065.34100191132,Bromodomain containing 4,O60885,608749.0,gene,23476.0,BRD4,ENSG00000141867,bacteria
sp|O60885|BRD4_HUMAN,sp,O60885,BRD4,HUMAN,0644875|tr|A0A934PB22|A0A934PB22_9STRE,644875,tr,A0A934PB22,A0A934PB22,SEEERA,503,508,SEEERA,91,96,IVHIFSEEERAHYNLE,6,,,,,,,,,,,,very_weak,,,,,,,,weak,very_weak,,,,,,,,,,,,,,,,,,,,,very_weak,,,,,,very_weak,,weak,very_weak,,,,,,,,,,,,,,,,,,,,,,,,,,,,,,very_weak,,weak,very_weak,25.71,26.985,32.795,11.41,23.275,44.825,4.6850000000000005,53.085,26.0,50.515,50.205,41.305,15.855,26.3,16.744999999999997,43.595,60.255,32.995000000000005,21.985,38.115,20.43,22.595,41.025,35.260000000000005,15.99,1424.51402264923,1218.45334029859,3072.02800299477,1497.27228804369,1258.89756740985,9486.57693845193,509.519959031931,3192.63157454887,2373.43985295176,4899.03500184078,10736.8070393438,3127.1274217411,1309.16976495191,1812.13528780075,2484.40263247751,1111.68163999891,3823.67203160509,3023.32469512926,2343.25390211295,2114.52111701545,1244.68992671978,1325.43212203607,2279.70822498426,967.865080294935,Bromodomain containing 4,O60885,608749.0,gene,23476.0,BRD4,ENSG00000141867,bacteria
sp|O60885|BRD4_HUMAN,sp,O60885,BRD4,HUMAN,0644875|tr|A0A934PAE8|A0A934PAE8_9STRE,644875,tr,A0A934PAE8,A0A934PAE8,KEKERL,1250,1255,KEKERL,247,252,KTTDQKEKERLANIIS,6,,,,,,,,,,,,,,,,,,,,,,,,,,,,,,,,,,,,,,,,,,,,,,,,,,,,,,,,,,,,,,,,,,,,,,,,,,,,,,,,,,,,,87.195,58.61,54.02,79.36500000000001,69.935,79.5,67.92500000000001,62.485,53.965,94.085,25.950000000000003,52.8,92.99,46.795,24.46,63.5,78.74000000000001,54.695,71.83,74.095,36.475,51.25,79.39,75.235,44.605,18085.3913348284,3153.15259667872,3875.65355917638,12965.029112387,6081.88569714437,16524.7082934136,11142.1530671116,5084.92319000882,4761.28367621868,11362.2635373332,6617.58636227875,5695.84020185823,14746.5775600031,4497.04872062124,4248.48907037077,1445.64622635227,8328.32048953596,8697.52328362238,7504.47724479674,4751.65991706396,2855.84949726293,3926.47203650104,6129.18480560123,4699.9148785308,Bromodomain containing 4,O60885,608749.0,gene,23476.0,BRD4,ENSG00000141867,bacteria
sp|O60885|BRD4_HUMAN,sp,O60885,BRD4,HUMAN,0644875|tr|A0A934UD98|A0A934UD98_9STRE,644875,tr,A0A934UD98,A0A934UD98,AREKEE,1231,1236,AREKEE,119,124,AQQDIAREKEEALSSI,6,,,,,,,,,,,,very_weak,,,,,,,,,very_weak,,,,,,,,,,,,very_weak,,,,,,,,,,,,,,,,,weak,very_weak,,,,,,,,,,,,,,,,,,very_weak,,,,,,,,,,,,,,weak,very_weak,28.665,28.9,52.32000000000001,17.645,29.2,48.39,14.925,43.2,41.79,44.84,10.815,39.64,23.475,25.68,25.875,30.385,68.19999999999999,28.98,23.680000000000003,42.31,19.735,40.89,39.555,48.675,52.535,7104.89646718126,2740.87120564845,7593.50568406854,3187.76464518409,3753.98372445414,17449.3405563649,2507.87210996739,6188.75934992916,4844.95111157693,6951.89855539224,3595.40811276758,5492.9652189684,3832.32841367575,3266.25083847541,6119.04678692558,1324.18505236725,9134.83548012806,6170.03864067072,4455.20490083959,4518.36220821908,1941.05783189112,6952.12421305764,4400.82755960183,5921.62901587098,Bromodomain containing 4,O60885,608749.0,gene,23476.0,BRD4,ENSG00000141867,bacteria
sp|O60885|BRD4_HUMAN,sp,O60885,BRD4,HUMAN,0644875|tr|A0A934PAF7|A0A934PAF7_9STRE,644875,tr,A0A934PAF7,A0A934PAF7,SSSESE,699,704,SSSESE,99,104,EISEPSSSESEVPAIP,6,,,,,,,,,,,,,,,,,,,,,,,,,,,,,,,,,,,,,,,,,weak,very_weak,,,,,,,,,very_weak,,,,,,,,,,,,,,,,,,,,,,,,,,,,,,,,weak,very_weak,80.155,95.0,95.0,89.66499999999999,95.0,86.94,95.0,82.35499999999999,94.68,21.635,85.595,91.6,8.17,89.47,91.305,88.55,56.745,85.83500000000001,92.405,85.435,89.03,63.745000000000005,79.31,86.34,95.0,17583.5228265171,32234.6822324972,33650.9322418987,19478.4074790895,32856.5359734263,25352.7489011213,37726.8995865588,12499.5873732692,19093.2187467262,1229.85727948713,25432.1488892308,18054.5003187733,1238.65778709432,18582.8759302168,24328.8723309562,9196.81787670972,5628.75601945613,20928.3896140565,24455.288243383,14031.5022792508,15659.0648936821,6975.78359959676,10517.1995795096,14885.0791884469,Bromodomain containing 4,O60885,608749.0,gene,23476.0,BRD4,ENSG00000141867,bacteria
sp|O60885|BRD4_HUMAN,sp,O60885,BRD4,HUMAN,0644875|tr|A0A934PAT5|A0A934PAT5_9STRE,644875,tr,A0A934PAT5,A0A934PAT5,DALEQA,1267,1272,DALEQA,126,131,IIELSDALEQAEILEF,6,,,,,,,,,,,,,,,,,,,,,,,,,,,,,,,,,,,,,,,,,weak,very_weak,,,,,,,,,very_weak,,,,,,,,,,,,,,,,,,,,,,,,,,,,,,,,weak,very_weak,21.99,46.865,63.370000000000005,28.94,63.795,66.69,34.15,47.605,48.565,47.27,45.635,41.965,6.095,36.665,50.405,36.495,33.4,39.145,49.275,42.03,29.62,46.425,33.785000000000004,37.875,69.715,767.624428016122,1393.79308056901,3462.0608097191,1636.3263818589,3848.28407537336,9494.27826221382,1943.4955719518,1690.45819125789,1440.24436020131,1839.67447076007,5464.09763252447,1264.57667163073,317.824542420506,809.297044207706,3174.99416718116,701.169645712857,794.658973320929,1773.76489253266,3345.90911797289,1282.23977757683,584.015818760978,2466.67119680056,1034.05663069513,1071.44786135709,Bromodomain containing 4,O60885,608749.0,gene,23476.0,BRD4,ENSG00000141867,bacteria
sp|O60885|BRD4_HUMAN,sp,O60885,BRD4,HUMAN,0644875|tr|A0A934P936|A0A934P936_9STRE,644875,tr,A0A934P936,A0A934P936,KKKGHP,726,731,KKKGHP,201,206,PAKELKKKGHPAKQLF,6,,,,,,,,,,,,,,,,,,,,,,,,,,,,,,,,,very_weak,,,,,,,,,,,,,,,,,,,,,,,,,,,,,,,,,,,,,,,,,,,,,,,,,,,very_weak,91.64,55.03,33.75,86.135,51.41,57.68,42.275000000000006,43.94,27.53,68.75999999999999,14.345,48.81,95.0,64.88499999999999,37.775,54.58,84.28,59.27,55.965,76.32,55.18,33.63,56.035,84.74000000000001,22.37,21596.880169817,2107.64584507566,2206.42097149777,14434.956270448,2485.9353041314,8902.51025180989,6719.89917855418,1602.16389602081,2195.96558136498,3705.23731921655,3182.04429332628,6590.50521627537,38907.1199372633,7734.55390113763,5728.78267832391,937.196561319839,9086.33692945055,9629.59914183614,7026.68859993212,5879.49297220219,5009.12912137472,1570.92270051866,1737.69163615841,7905.28973549735,Bromodomain containing 4,O60885,608749.0,gene,23476.0,BRD4,ENSG00000141867,bacteria
sp|O60885|BRD4_HUMAN,sp,O60885,BRD4,HUMAN,0644875|tr|A0A934P8Q1|A0A934P8Q1_9STRE,644875,tr,A0A934P8Q1,A0A934P8Q1,EALEKL,151,156,EALEKL,321,326,YNDLREALEKLQLNDA,6,,,,,,very_weak,,,,,,,,,,,,,,,,,,,,,,,,,,,,,,,,,,,,,,,,,,very_weak,,,,,,,,,,,,,,,,,,,,,very_weak,,,,,,,,,,,,,,,very_weak,45.555,16.36,44.5,44.23,52.11,70.575,52.255,65.185,52.54,77.97,35.25,36.055,55.115,22.235,15.685,47.16,35.99,35.52,31.235,54.42,17.86,34.349999999999994,30.64,50.48,34.7,4427.04652577835,565.455177784083,3493.97198446306,5852.64539182338,4136.58684340738,15515.3758823308,6246.47939511097,5342.73198976246,4945.58239936638,8390.54789266154,7138.4924524855,2592.37802159182,3969.14331038109,1290.8982283229,2422.47488797447,990.183194091574,2514.12084452864,3649.73192524783,2530.74170198405,3431.33200074492,946.12165798501,2491.10494758771,2255.61449916291,2269.20016220571,Bromodomain containing 4,O60885,608749.0,gene,23476.0,BRD4,ENSG00000141867,bacteria
sp|O60885|BRD4_HUMAN,sp,O60885,BRD4,HUMAN,0644875|tr|A0A934P9Y8|A0A934P9Y8_9STRE,644875,tr,A0A934P9Y8,A0A934P9Y8,VVAVSS,465,470,VVAVSS,30,35,AGNGEVVAVSSRSLES,6,,,,,,,,,very_weak,,,,strong,weak,very_weak,,,very_weak,,weak,very_weak,strong,weak,very_weak,,weak,very_weak,,weak,very_weak,,,very_weak,,,,,weak,very_weak,,,very_weak,,,,,,,,,,,weak,very_weak,,weak,very_weak,,,,,weak,very_weak,,,very_weak,,,,strong,weak,very_weak,,weak,very_weak,,,very_weak,,,very_weak,strong,weak,very_weak,41.325,24.05,11.805,23.02,0.88,17.745,9.285,0.49,6.609999999999999,9.965,12.935,33.505,15.015,30.57,26.945,2.315,4.15,31.660000000000004,3.795,12.86,31.69,1.4049999999999998,2.65,14.875,16.93,8965.24400178811,1037.49713853853,629.11498440322,3581.74082109665,63.2730223774579,3368.13825496326,1342.43379963606,27.2862683988968,253.283989787209,226.781571311005,3358.13145963442,3246.83636703237,1854.40300579222,2866.99506685243,5136.18126423957,24.3794088123049,171.818443927485,5034.01325785758,565.265548498682,608.185904001704,2521.36706026373,169.127404594084,103.483557005504,678.937151791787,Bromodomain containing 4,O60885,608749.0,gene,23476.0,BRD4,ENSG00000141867,bacteria
sp|O60885|BRD4_HUMAN,sp,O60885,BRD4,HUMAN,0644875|tr|A0A934UD57|A0A934UD57_9STRE,644875,tr,A0A934UD57,A0A934UD57,ETLKPS,657,662,ETLKPS,88,93,NRRMLETLKPSLVWFS,6,,,,,,very_weak,,,,,,,,weak,very_weak,,,,,,,,,very_weak,,,,,,,,,very_weak,,,,,,very_weak,,,,,,very_weak,,,,,,,strong,weak,very_weak,,,,,,very_weak,strong,weak,very_weak,,,,,,,,,,,,very_weak,,,,,,,strong,weak,very_weak,23.09,14.12,25.185,30.025,9.185,21.705,27.925,13.125,22.36,24.81,17.945,23.195,32.38,13.245,20.525,0.935,27.22,19.77,1.155,23.99,21.705,28.91,16.94,21.665,24.52,2318.23773450441,112.77409842677,295.839904840295,2051.64350812596,82.219710796121,1094.94543471726,899.114156076028,71.6311080170593,144.421721374924,330.809763175034,755.062423248858,530.492149214123,2775.81886040167,269.708514789111,706.790895754337,5.82080323522342,257.339128969819,767.92348519573,64.9987370775058,298.382699947707,425.214944175813,156.852107079294,78.930841148596,218.271433716301,Bromodomain containing 4,O60885,608749.0,gene,23476.0,BRD4,ENSG00000141867,bacteria
sp|O60885|BRD4_HUMAN,sp,O60885,BRD4,HUMAN,0644875|tr|A0A934PAP8|A0A934PAP8_9STRE,644875,tr,A0A934PAP8,A0A934PAP8,VDVGRP,1155,1160,VDVGRP,115,120,TYEFLVDVGRPKNPMM,6,,,,,,,,weak,very_weak,strong,weak,very_weak,,,,,weak,very_weak,,weak,very_weak,,,,,weak,very_weak,,,,,,,,,,strong,weak,very_weak,,,,,,,,,very_weak,,,,,,very_weak,,,,,,,,,,,weak,very_weak,,,,,,,,,,,,,,weak,very_weak,strong,weak,very_weak,43.715,41.775,9.655,1.835,33.61,4.41,2.425,32.105,8.174999999999999,45.985,24.485,45.400000000000006,60.935,29.705,11.07,15.685,75.155,33.55,36.575,9.705,33.835,25.38,37.2,22.94,5.12,4502.84264115335,1412.80236943489,699.669126558855,171.688360572468,1624.13806156064,723.127988837399,166.85720740267,1835.71766295321,408.833579490432,1779.51251574401,6174.44627194647,4653.46377958833,4726.53474454543,2508.11633343996,2026.36129129306,210.690700035571,5652.49678162745,5007.44927545043,4084.68385069865,397.875727416545,2147.63141252224,1109.66274643941,1568.95228121102,951.521580213177,Bromodomain containing 4,O60885,608749.0,gene,23476.0,BRD4,ENSG00000141867,bacteria
sp|O60885|BRD4_HUMAN,sp,O60885,BRD4,HUMAN,0644875|tr|A0A934P9M9|A0A934P9M9_9STRE,644875,tr,A0A934P9M9,A0A934P9M9,AEALEK,150,155,AEALEK,317,322,NHTILAEALEKWPLDY,6,,,,,,very_weak,,,,,,very_weak,,,,,,,,,very_weak,,,,,,,,,,,,,,,very_weak,,,,,,very_weak,,weak,very_weak,,,very_weak,strong,weak,very_weak,,,,,,,,weak,very_weak,,,very_weak,,,,,weak,very_weak,,,,,,,,,,,,,strong,weak,very_weak,23.895,11.855,54.05499999999999,15.6,44.965,62.0,16.815,49.115,54.925,27.25,26.195,18.22,12.55,9.595,11.239999999999998,38.260000000000005,42.405,7.74,12.885,46.495,4.265000000000001,38.36,42.445,43.65,47.08,2023.27225422694,649.308400803077,2534.13935666007,1428.29519893504,1688.73976928854,10112.5725449271,1693.79032066994,1441.88151808224,2709.32266723863,1604.03717658365,3364.09556455981,732.768363085949,1101.31391136816,295.241937530185,1456.85755832297,419.566294716163,1075.89712705321,585.097354577734,1095.19425138725,2138.14851991981,301.534034984396,755.274862936883,987.572532435543,1958.18643886004,Bromodomain containing 4,O60885,608749.0,gene,23476.0,BRD4,ENSG00000141867,bacteria
sp|O60885|BRD4_HUMAN,sp,O60885,BRD4,HUMAN,0283361|tr|A0A3R6KTZ2|A0A3R6KTZ2_9BACT,283361,tr,A0A3R6KTZ2,A0A3R6KTZ2,EKDKKE,540,545,EKDKKE,144,149,DTFISEKDKKE,6,,,,,,,,,,,,,,,,,,,,,,,,,,,,,,,,,,,,,,,,,,,,,,,,,,,,,,,,,,,,,,,,,,,,,,,,,,,,,,,,,,,,,83.965,92.83,86.52000000000001,62.265,93.895,83.36,80.91999999999999,74.495,91.56,86.345,90.755,94.525,72.995,85.9,84.82,89.42,94.035,84.34,92.52,58.7,72.775,77.795,81.575,37.885000000000005,84.16499999999999,24665.4856720537,18372.1597447433,24743.0009947663,16025.6967609341,24594.3328495214,28826.5342398246,20641.4368886874,22192.6379512404,23927.8876830973,22892.8398992763,34509.6854872935,23924.5222920718,16453.5233815618,20941.5272869374,24813.5099928665,17934.567492555,27849.1609257738,23175.7075531992,27858.2020454368,10046.0486836883,16450.6752524981,20785.5424877325,20781.269922652,4924.54429248537,Bromodomain containing 4,O60885,608749.0,gene,23476.0,BRD4,ENSG00000141867,bacteria
sp|O60885|BRD4_HUMAN,sp,O60885,BRD4,HUMAN,0283361|tr|A0A415ZQ10|A0A415ZQ10_9BACT,283361,tr,A0A415ZQ10,A0A415ZQ10,LKPSTL,659,664,LKPSTL,210,215,CSITNLKPSTLYYVRA,6,,,,,,very_weak,,,,,,,,,very_weak,,,,,,very_weak,,weak,very_weak,,,very_weak,,,,,,very_weak,,weak,very_weak,,,,,,,,weak,very_weak,,weak,very_weak,,,,,weak,very_weak,,weak,very_weak,,weak,very_weak,,weak,very_weak,,,,,weak,very_weak,,,very_weak,,weak,very_weak,,,,,,,,weak,very_weak,43.975,11.405,26.23,22.72,11.63,20.64,19.595,5.445,14.835,22.0,12.95,5.88,51.04,5.18,8.96,6.205,5.705,6.07,6.85,39.285,8.51,19.645000000000003,2.365,40.56,33.03,3644.91741015015,170.627231342883,450.253059724475,1879.30795705525,102.633876599404,1169.18256993231,1131.44918842574,51.4570349890119,120.619677054044,573.179558457022,1412.68008506015,190.528102373712,4896.01456439566,167.916691328161,610.433977528259,13.1749948803632,180.424300008358,353.693721770017,154.507437895357,593.655030500626,277.184508665009,177.654209263203,55.4510714032554,501.984976001623,Bromodomain containing 4,O60885,608749.0,gene,23476.0,BRD4,ENSG00000141867,bacteria
sp|O60885|BRD4_HUMAN,sp,O60885,BRD4,HUMAN,0283361|tr|A0A416A360|A0A416A360_9BACT,283361,tr,A0A416A360,A0A416A360,SEEERA,503,508,SEEERA,315,320,GITEGSEEERAHKTIA,6,,,,,,,,,,,,,,,,,,,,,,,,,,,,,,,,,,,,,,,,,,,,,,,,,,,,,,,,,,,,,,,,,,,,,,,,,,,,,,,,,,,,,79.905,86.57,88.89500000000001,88.47,92.025,87.41,60.505,87.78,83.71000000000001,47.095,77.095,85.545,36.995000000000005,86.63,82.0,75.535,42.07,86.105,91.525,84.89500000000001,88.92,56.56,85.095,95.0,80.305,17004.81749993,12124.4871373208,15475.3060838828,20097.3209940933,18137.12468583,25766.7363202133,12441.5680569642,15934.2330812669,16827.8282699675,4887.59897239278,25730.2406516318,18499.2216865871,3803.53605149117,18989.3835849806,20546.7370871079,5988.25010501111,4853.03072072643,22043.3081023934,22103.2538951603,14562.0205053036,15837.1214628165,7356.23414890902,12114.3901556952,28692.7301582904,Bromodomain containing 4,O60885,608749.0,gene,23476.0,BRD4,ENSG00000141867,bacteria
sp|O60885|BRD4_HUMAN,sp,O60885,BRD4,HUMAN,0283361|tr|A0A416A9X8|A0A416A9X8_9BACT,283361,tr,A0A416A9X8,A0A416A9X8,ATPQAQ,1308,1313,ATPQAQ,16,21,MISFCATPQAQNKAEE,6,,,,,,,,,very_weak,,,,,,,,,very_weak,,,,,,very_weak,,,,,,,,,,,,,,,very_weak,,,,,,,,,,,,,,,,,,,,,,,,,,,very_weak,,,,,,,,,very_weak,,,very_weak,,,very_weak,,,very_weak,57.755,34.585,10.6,43.115,46.03,15.97,56.585,19.775,45.895,29.35,22.02,55.67,42.73,41.125,42.295,22.145,23.785,44.7,53.225,10.3,43.870000000000005,24.205,11.25,11.614999999999998,15.57,3789.15959406544,724.114495781473,433.549282257034,5426.39132689135,860.556338867973,2360.5833929983,4996.46290851873,605.2122596084,1746.30517128927,502.773142194916,3956.58027611219,4236.82930125076,2750.25841970603,2772.48711585345,4739.90116392895,140.882736534079,641.813764769139,4788.87286335165,3626.86061081405,192.575761715545,2500.17770563456,185.048649481121,300.296818211982,318.744027140894,Bromodomain containing 4,O60885,608749.0,gene,23476.0,BRD4,ENSG00000141867,bacteria
sp|O60885|BRD4_HUMAN,sp,O60885,BRD4,HUMAN,0283361|tr|A0A3R6NCY1|A0A3R6NCY1_9BACT,283361,tr,A0A3R6NCY1,A0A3R6NCY1,KRQLSL,615,620,KRQLSL,71,76,RKEEDKRQLSLF,6,,,,,,,,,,,,,,,,,,,,,,,,,,,,,,,,,,,,,,,,,,,,,,,,,,,,,,,,,,,,,,,,,,,,,,,,,,,,,,,,,,,,,95.0,95.0,95.0,95.0,95.0,95.0,84.46,95.0,95.0,95.0,95.0,95.0,95.0,95.0,93.305,95.0,95.0,95.0,95.0,95.0,95.0,95.0,95.0,95.0,95.0,34400.4562840415,23927.3698998205,29032.180439485,27478.3145640319,31641.7110880302,36162.9662887005,15654.6603953676,33416.9081117537,26233.9932447851,30334.3000168347,34854.5399415986,30376.3400526789,28489.4884166914,29785.3094440208,23534.5305327153,27089.8279239804,33565.4784552913,32906.6997896276,32277.9589994352,29581.3691062055,25751.6860371398,28752.3983179806,32881.7862016952,32160.4793093844,Bromodomain containing 4,O60885,608749.0,gene,23476.0,BRD4,ENSG00000141867,bacteria
sp|O60885|BRD4_HUMAN,sp,O60885,BRD4,HUMAN,0283361|tr|A0A3R6MFD1|A0A3R6MFD1_9BACT,283361,tr,A0A3R6MFD1,A0A3R6MFD1,MPQQAA,785,790,MPQQAA,1231,1236,SKLLYMPQQAAANAIR,6,,,very_weak,,weak,very_weak,,weak,very_weak,,,,,weak,very_weak,,weak,very_weak,,,,,,very_weak,,,,,weak,very_weak,,weak,very_weak,,,,,weak,very_weak,,,,,,very_weak,,,very_weak,,,,strong,weak,very_weak,,,very_weak,,,very_weak,,weak,very_weak,,weak,very_weak,,,,,weak,very_weak,,weak,very_weak,,weak,very_weak,,weak,very_weak,strong,weak,very_weak,16.715,2.475,3.4200000000000004,32.325,4.62,2.305,28.21,12.235,20.555,3.405,2.165,21.665,21.75,15.82,15.8,1.865,18.51,19.47,3.255,2.17,23.505,7.015,7.455,4.045,4.15,936.750496111345,90.0609602723039,134.141156656302,3565.65553352845,139.73807476263,201.982937564608,3217.6000709314,249.012390687019,366.657712091198,97.7416311477695,766.081153582765,1280.34050921267,2074.65811166288,902.066642530616,1782.15226024984,11.3451616868902,489.710567613412,2012.46499894269,398.949099528209,68.0706852224834,1129.41883543942,100.615160447956,107.209255741744,107.277716433192,Bromodomain containing 4,O60885,608749.0,gene,23476.0,BRD4,ENSG00000141867,bacteria
sp|O60885|BRD4_HUMAN,sp,O60885,BRD4,HUMAN,0283361|tr|A0A416ABL6|A0A416ABL6_9BACT,283361,tr,A0A416ABL6,A0A416ABL6,SGILKE,358,363,SGILKE,307,312,MGKVPSGILKEAQKQN,6,,,,,,,,,,,,,,,,,,,,,,,,,,,,,,very_weak,,,,,,,,,,,,,,,,,,,,,,,,,,,,,,,,,,,,,,,,,,,,,,,,,,,,,,very_weak,77.75,46.295,45.02,87.48,70.295,62.235,67.095,61.9,64.925,15.475,26.035,67.09,56.58,53.555,37.015,67.455,38.54,64.28999999999999,63.25,70.215,39.855,24.74,63.79,72.965,42.155,17510.997378588,2934.21639517057,3623.60500117206,14410.3004331676,5305.28914504252,13416.9911805574,10673.9117392875,2806.38002110454,5731.88272471462,610.004819037321,5556.9878340875,7218.10090452353,5850.23956206798,5246.03915380372,5525.63106592215,1406.91419733471,2399.8824826044,9917.5295723252,7237.10374987083,4942.10546532034,3184.17960831107,1366.02365497587,2931.29707187069,4884.32134216799,Bromodomain containing 4,O60885,608749.0,gene,23476.0,BRD4,ENSG00000141867,bacteria
sp|O60885|BRD4_HUMAN,sp,O60885,BRD4,HUMAN,0283361|tr|A0A3R6J7L2|A0A3R6J7L2_9BACT,283361,tr,A0A3R6J7L2,A0A3R6J7L2,AQRLAE,508,513,AQRLAE,396,401,GHIYDAQRLAEKYGKN,6,,,,,,,,,,,,,,,,,,,,,very_weak,,,,,,,,,,,,,,,,,weak,very_weak,,,,,,,,,very_weak,,,,,,,,,,,,,,,,,,,,,,,weak,very_weak,,,,,,,,,very_weak,,weak,very_weak,57.74,26.915,20.8,31.17,36.69,32.205,12.315,57.625,31.73,57.845,27.675,34.115,46.085,27.935,15.675,31.915,58.06,32.515,37.905,29.655,30.895,7.03,44.575,34.805,10.66,7064.88165670676,1563.44486246466,1807.86602012213,2808.68866530752,1485.58919601943,7698.9856317437,1614.79870748243,3670.20509658344,3182.52633602695,4759.94444772266,6570.28488219609,3683.37293840051,5406.99229675647,2781.53114140243,2909.90379883947,696.557118879647,5474.80889627115,5461.85152195554,4563.26721835557,1933.70017477891,2200.03227845146,714.27104396226,2328.6957050684,2109.63074982995,Bromodomain containing 4,O60885,608749.0,gene,23476.0,BRD4,ENSG00000141867,bacteria
sp|O60885|BRD4_HUMAN,sp,O60885,BRD4,HUMAN,0283361|tr|A0A3R6IFG0|A0A3R6IFG0_9BACT,283361,tr,A0A3R6IFG0,A0A3R6IFG0,QQQQQR,1285,1290,QQQQQR,30,35,EAGNAQQQQQRRRGPE,6,,,,,,,,,,,,,,,,,,,,,,,,,,,,,,,,,,,,,,,,,,,,,,,,,,,,,,,,,,,,,,,,,,,,,,,,,,,,,,,,,,,,,95.0,34.075,64.63,95.0,79.615,83.66999999999999,52.525000000000006,95.0,66.935,88.18,95.0,95.0,92.23,95.0,73.9,89.47,71.08500000000001,95.0,63.935,86.56,95.0,69.595,95.0,95.0,42.02,33069.0988609663,3056.1809372965,13375.8264996859,35994.7192443394,14471.5494028371,25332.7320953303,11322.2566178056,34249.672354787,14480.6338324392,10925.0062455193,40668.4170935239,35972.9163768963,14805.4107391478,35658.6406607043,22996.1134515221,10196.1817035873,9945.3606669798,37911.0360037145,15326.0052680575,15909.2539748336,33250.2825634444,9550.11932138296,32526.1706610984,33410.7620968842,Bromodomain containing 4,O60885,608749.0,gene,23476.0,BRD4,ENSG00000141867,bacteria
sp|O60885|BRD4_HUMAN,sp,O60885,BRD4,HUMAN,0283361|tr|A0A3R6J7D2|A0A3R6J7D2_9BACT,283361,tr,A0A3R6J7D2,A0A3R6J7D2,LSLDINK,618,624,LSLDINK,47,53,SQNTLLSLDINKQSIKE,7,,,very_weak,strong,weak,very_weak,,weak,very_weak,,weak,very_weak,,,very_weak,,weak,very_weak,strong,weak,very_weak,,,,,,very_weak,,,,,,,,,,,,very_weak,,,,,weak,very_weak,,,very_weak,,,,,,very_weak,,,very_weak,,,,,weak,very_weak,strong,weak,very_weak,,,very_weak,,,very_weak,,,,,weak,very_weak,,weak,very_weak,strong,weak,very_weak,12.44,0.64,6.55,4.94,14.825,7.12,1.7049999999999998,52.595,12.18,56.525000000000006,30.925,25.39,20.985,9.055,14.1,13.565,12.375,21.595,4.825,0.875,15.065,12.005,48.785,2.795,8.649999999999999,1706.05826766841,72.2264685773627,411.011291873809,306.123099131665,457.907406386076,821.240501650446,76.342170878413,1412.89408966241,203.87998558519,4278.42710398006,5218.18695041041,1462.92309442348,2801.85936902949,500.201233225192,1487.00435925321,116.948109056276,749.162627693197,1888.60303342457,500.098414531691,48.1022593971815,744.258544828203,764.91331984589,1529.62844564435,133.645702771294,Bromodomain containing 4,O60885,608749.0,gene,23476.0,BRD4,ENSG00000141867,bacteria
sp|O60885|BRD4_HUMAN,sp,O60885,BRD4,HUMAN,0283361|tr|A0A3R6J9N7|A0A3R6J9N7_9BACT,283361,tr,A0A3R6J9N7,A0A3R6J9N7,AELQEQ,512,517,AELQEQ,59,64,LMKENAELQEQLKPPE,6,,,,,,,,,,,,,,,,,,,,,,,,,,,,,,,,,,,,,,,,,,,,,,,,,,,very_weak,,,,,,,,,,,,,,,,,,,,,,,,,,,,,,,,,very_weak,62.51,45.54,75.055,56.045,78.275,74.14,57.555,81.91499999999999,68.45,72.39500000000001,58.79,67.995,37.22,63.08500000000001,50.325,67.97999999999999,39.865,61.895,62.09,71.235,46.665000000000006,73.525,75.79,73.5,74.375,7025.16822018527,3153.05024910382,7965.90760195334,7265.58394282321,9388.75313569473,12473.6477153943,6845.75718271717,8947.51020692823,5196.77633778429,8811.56724627817,12179.0510162218,6709.36481044583,2678.68788206393,5283.92132642159,7238.43503788904,2521.69444910771,2683.00980345167,8650.59769241657,8825.11581864387,4971.8719788796,2948.4419320884,7259.53333905421,6640.10725357799,5330.72161706994,Bromodomain containing 4,O60885,608749.0,gene,23476.0,BRD4,ENSG00000141867,bacteria
sp|O60885|BRD4_HUMAN,sp,O60885,BRD4,HUMAN,0283361|tr|A0A3R6KZK9|A0A3R6KZK9_9BACT,283361,tr,A0A3R6KZK9,A0A3R6KZK9,AVAAAA,1303,1308,AVAAAA,683,688,LFGIYAVAAAASRRRR,6,,,very_weak,,weak,very_weak,strong,weak,very_weak,,weak,very_weak,,weak,very_weak,strong,weak,very_weak,,weak,very_weak,,weak,very_weak,,weak,very_weak,strong,weak,very_weak,strong,weak,very_weak,,,very_weak,strong,weak,very_weak,,weak,very_weak,,,very_weak,,weak,very_weak,,weak,very_weak,strong,weak,very_weak,strong,weak,very_weak,,,very_weak,,weak,very_weak,strong,weak,very_weak,,,very_weak,strong,weak,very_weak,strong,weak,very_weak,,weak,very_weak,,weak,very_weak,strong,weak,very_weak,11.425,3.49,0.88,9.935,2.58,1.32,4.82,3.36,2.565,0.835,0.155,16.310000000000002,3.54,12.295,2.53,1.01,1.235,19.18,4.945,1.24,11.9,0.61,1.045,2.97,2.305,973.178487266623,94.8916283975594,26.5305113447343,1221.4628649429,42.6766350231702,105.755309593622,180.410635469368,45.6752469913328,77.3297990865054,21.4738023191962,77.9632446592923,892.417025576608,874.561130120591,764.325935820776,664.762607464823,6.55918906942315,39.9482958852872,1767.88280206858,295.433666895789,34.5705207652381,827.358728567651,78.4947947816081,22.7116985620637,66.6682881896382,Bromodomain containing 4,O60885,608749.0,gene,23476.0,BRD4,ENSG00000141867,bacteria
sp|O60885|BRD4_HUMAN,sp,O60885,BRD4,HUMAN,0283361|tr|A0A415ZWB6|A0A415ZWB6_9BACT,283361,tr,A0A415ZWB6,A0A415ZWB6,ETSNPN,49,54,ETSNPN,72,77,SATLLETSNPNRKLPV,6,,,,,,,,,,,,,,,,,weak,very_weak,,weak,very_weak,,,,,,very_weak,,,,,,,,,,,weak,very_weak,,,,,,,,,,,,,,,,,,,,,,,,,,,very_weak,,,,,,,,,,,,,,,,,weak,very_weak,71.23,35.84,49.155,32.02,40.4,9.585,8.51,36.885000000000005,10.85,41.21,36.015,59.63,74.66499999999999,55.7,45.67,42.08,64.11,59.6,52.370000000000005,16.735,56.735,36.265,37.93,35.49,48.09,12391.8600688743,1471.49550486946,2779.87637855259,4125.68054978073,2313.82735911374,781.206444232313,839.659581428042,1465.53713018266,200.97579717902,2517.95928617249,7051.13576496307,7468.35071752013,7761.12796005967,5815.65472860781,7275.88941750643,535.799141656221,4855.02646219786,9778.58572165108,5795.74195919807,623.746964602365,5214.23627288068,1380.83915392261,1459.98195325185,1516.29772929932,Bromodomain containing 4,O60885,608749.0,gene,23476.0,BRD4,ENSG00000141867,bacteria
sp|O60885|BRD4_HUMAN,sp,O60885,BRD4,HUMAN,0283361|tr|A0A3R6LPU7|A0A3R6LPU7_9BACT,283361,tr,A0A3R6LPU7,A0A3R6LPU7,EQLAAL,523,528,EQLAAL,188,193,DRGRYEQLAALHTYLG,6,,,,,,very_weak,,weak,very_weak,,,,,,very_weak,,,very_weak,,,,,weak,very_weak,,,,,,,strong,weak,very_weak,,,very_weak,,weak,very_weak,,,,,,very_weak,,,very_weak,,,,strong,weak,very_weak,,,,,,very_weak,,weak,very_weak,,weak,very_weak,,,very_weak,,weak,very_weak,,weak,very_weak,,weak,very_weak,,weak,very_weak,strong,weak,very_weak,27.495,18.22,5.335,26.01,10.98,12.345,50.465,6.9,22.865,33.33,1.025,16.465,32.5,11.28,10.61,0.13,22.995,14.585,9.015,3.95,11.565,2.9250000000000003,8.879999999999999,4.765,4.675,3106.52252677315,342.178880980819,322.124346979305,2798.04221892414,257.720868095463,2123.89921983264,4150.43988634485,179.627634318952,1079.05645905167,1641.29121145409,551.539291979945,625.172588929254,2702.7642214675,494.636343589269,1138.85526569039,5.24682164596809,528.446990379746,1029.90296146011,382.878873188324,165.086585979986,580.042159263074,235.058222497403,142.696053261311,151.150811035852,Bromodomain containing 4,O60885,608749.0,gene,23476.0,BRD4,ENSG00000141867,bacteria
sp|O60885|BRD4_HUMAN,sp,O60885,BRD4,HUMAN,0283361|tr|A0A416A5P9|A0A416A5P9_9BACT,283361,tr,A0A416A5P9,A0A416A5P9,NLPVMG,13,18,NLPVMG,111,116,LDGALNLPVMGSVFNL,6,,,,,,,,,,,,,,,,,,,,,,,,,,,,,,,,,,,,,,,,,,,,,,,,,,,,,,,,,,,,,,,,,,,,,,,,,,,,,,,,,,,,,64.295,55.69500000000001,51.510000000000005,71.31,63.475,37.55,69.53999999999999,47.1,49.455,37.41,57.97,59.24,54.415,64.4,72.485,49.290000000000006,36.685,68.33500000000001,48.625,43.835,66.25,45.89,46.65,52.575,59.98,4410.40878600444,1123.7143017967,1300.24806983056,5873.45267009718,1535.14961615501,1270.04776598617,6459.40805588405,598.660429598158,598.407865337827,548.599195114915,6487.14361955093,3064.92315792234,3088.95973278162,2795.86332559585,6478.2356803358,205.063583846406,585.394969555943,5425.56941622859,1604.31488584675,1096.43918311506,2934.50213722035,508.440576920927,647.302249718271,1330.15867970185,Bromodomain containing 4,O60885,608749.0,gene,23476.0,BRD4,ENSG00000141867,bacteria
sp|O60885|BRD4_HUMAN,sp,O60885,BRD4,HUMAN,0283361|tr|A0A3R6MBM2|A0A3R6MBM2_9BACT,283361,tr,A0A3R6MBM2,A0A3R6MBM2,LAALSQ,525,530,LAALSQ,106,111,GGGEVLAALSQKNVIN,6,,,,,,very_weak,,weak,very_weak,,,,,,very_weak,,weak,very_weak,,,,,,very_weak,,,very_weak,,weak,very_weak,,weak,very_weak,,,,,weak,very_weak,,,,,,,,,,,,,,weak,very_weak,,weak,very_weak,,,,strong,weak,very_weak,,weak,very_weak,,,,,weak,very_weak,,weak,very_weak,,,very_weak,,,very_weak,strong,weak,very_weak,47.435,19.74,9.5,39.18,10.085,8.98,23.325000000000003,10.775,17.955,2.145,3.315,36.85,22.545,30.59,20.82,4.93,5.295,41.65,0.97,5.385,29.655,6.6450000000000005,4.865,11.5,16.125,6970.12516337764,460.112477441335,324.310050166463,4835.2105549864,344.612500525872,1107.12032681029,2003.57893528212,178.668158056607,472.830426110759,88.8241969231166,806.569648978024,2565.78470783018,2686.84444453712,1527.47842679298,2858.8483375191,29.5656212648659,287.036568784218,3765.25158558052,215.050529557366,171.534246493633,1755.49315546685,282.256809668833,86.8287307529241,260.234314231238,Bromodomain containing 4,O60885,608749.0,gene,23476.0,BRD4,ENSG00000141867,bacteria
sp|O60885|BRD4_HUMAN,sp,O60885,BRD4,HUMAN,0283361|tr|A0A416A8D8|A0A416A8D8_9BACT,283361,tr,A0A416A8D8,A0A416A8D8,DVEALG,381,386,DVEALG,185,190,NTKYMDVEALGTIFNV,6,,,,,,,,,,,,,,,,,,,,,,,weak,very_weak,,,,,,very_weak,,,very_weak,,,,,,very_weak,,,very_weak,,,very_weak,,,,,,very_weak,,weak,very_weak,,,,,,very_weak,,,,,,very_weak,,,,,,very_weak,,,very_weak,,,very_weak,,,,,weak,very_weak,29.0,42.12,35.75,22.57,45.485,26.495,41.755,7.0600000000000005,57.325,18.985,15.07,29.025,17.884999999999998,11.925,34.56,5.390000000000001,27.065,19.16,33.475,11.875,20.985,12.02,18.82,17.98,24.465,1866.78365259894,1140.89023827397,1325.79069257184,2218.22179917028,1399.71720342219,5329.51053291775,3499.34427873855,258.844279518043,1645.32732434357,376.091922280971,3777.82018602824,1032.9942917362,1289.79528838905,467.22615919679,2516.86977150741,54.6540965870816,927.692951106276,1305.44968470142,1581.47917662006,571.204634091541,763.102979358756,748.133901409164,286.301467420627,402.613301355565,Bromodomain containing 4,O60885,608749.0,gene,23476.0,BRD4,ENSG00000141867,bacteria
sp|O60885|BRD4_HUMAN,sp,O60885,BRD4,HUMAN,0283361|tr|A0A3R6N9Q3|A0A3R6N9Q3_9BACT,283361,tr,A0A3R6N9Q3,A0A3R6N9Q3,KPGDDI,141,146,KPGDDI,207,212,ALFGYKPGDDIPADGG,6,,,,,,,,,,,,,,,,,,,,,,,,,,,,,,very_weak,,,,,,,,,,,,,,,,,,,,,,,,,,,,,,,,,,,weak,very_weak,,,,,,very_weak,,,,,,,,,,,weak,very_weak,24.15,55.94,42.88,41.485,46.505,26.085,74.335,38.68,53.52,19.4,61.915,47.335,38.86,64.57000000000001,64.12,26.32,53.905,58.09,77.35,6.135,64.99000000000001,17.48,26.465,24.235,46.72,3941.19889603459,6744.51941315192,6268.61900346121,8241.37030305755,4572.36099875743,7645.19516661347,16585.6100963952,4437.45296421843,7418.82006498115,1442.9583778503,20909.151016585,9687.59863121107,5331.87528640975,11918.2038864522,15735.4932282955,820.636500343211,8133.12200211087,14082.4535071594,15196.0558521847,478.610650206435,9245.20587814525,1715.20151215181,1894.9687944087,2032.02578705571,Bromodomain containing 4,O60885,608749.0,gene,23476.0,BRD4,ENSG00000141867,bacteria
sp|O60885|BRD4_HUMAN,sp,O60885,BRD4,HUMAN,0283361|tr|A0A416ACA3|A0A416ACA3_9BACT,283361,tr,A0A416ACA3,A0A416ACA3,RAAREK,1229,1234,RAAREK,39,44,IGVKIRAAREKQAMTQ,6,,,,,weak,very_weak,,weak,very_weak,,,,,weak,very_weak,,,,,,,,,very_weak,,,very_weak,,,very_weak,,,,,,,,weak,very_weak,,,,,,,,,,,,,,,very_weak,,weak,very_weak,,,,,,very_weak,,,,,,,strong,weak,very_weak,,weak,very_weak,,,,,weak,very_weak,strong,weak,very_weak,49.81,9.485,5.585,48.955,8.42,25.19,20.675,18.095,16.71,14.155,20.09,42.655,50.365,45.39,25.295,12.595,9.62,44.465,15.54,23.46,45.56,0.86,4.845000000000001,26.875,7.235,12093.4362957321,372.745712339077,390.104736439395,8013.71319062547,434.051499974457,5110.51561011631,2495.63720367259,909.249285348342,1092.57858315435,787.051964912865,4470.70539270123,6703.34222642278,6752.18605876807,5657.14675911772,4195.36357462714,147.442147136675,715.152608529176,9243.50550620753,2009.76678067147,1393.44627148493,4645.11327284154,208.554198077069,227.174507542796,1464.12655542875,Bromodomain containing 4,O60885,608749.0,gene,23476.0,BRD4,ENSG00000141867,bacteria
sp|O60885|BRD4_HUMAN,sp,O60885,BRD4,HUMAN,0283361|tr|A0A3R6IP79|A0A3R6IP79_9BACT,283361,tr,A0A3R6IP79,A0A3R6IP79,PPPAPA,259,264,PPPAPA,72,77,PPPPPPPPAPAIAEEL,6,,,,,,,,,,,,,,,,,,,,,,,,,,,,,,very_weak,,,,,,,,,,,,very_weak,,,,,,,,,very_weak,,,,,,,,,,,,,,,,,,,,,,,,,,,,,,,,,very_weak,88.845,95.0,95.0,95.0,95.0,95.0,95.0,63.285,95.0,14.185,86.925,92.79,12.645,93.29,94.975,75.7,73.89,91.595,95.0,95.0,91.715,72.8,56.53,95.0,95.0,20713.0282001023,43406.4697792608,43421.5011294166,44126.2377672828,42201.9428859319,44565.7435985882,44953.6574893571,11370.8723990907,43702.413264185,853.111968972617,23167.6847496048,18948.7458677517,1178.51760704147,19506.4576794802,25485.0364852461,10495.8280946298,8353.68009444719,23379.459611596,44299.8878639665,44066.598592893,15305.6224846882,7669.13846395338,7470.93695397962,44692.7405595223,Bromodomain containing 4,O60885,608749.0,gene,23476.0,BRD4,ENSG00000141867,bacteria
sp|O60885|BRD4_HUMAN,sp,O60885,BRD4,HUMAN,0283361|tr|A0A3R6IJN4|A0A3R6IJN4_9BACT,283361,tr,A0A3R6IJN4,A0A3R6IJN4,LLPSVK,944,949,LLPSVK,493,498,KKEVALLPSVKAVTVS,6,,,,,weak,very_weak,strong,weak,very_weak,,,,strong,weak,very_weak,,weak,very_weak,,weak,very_weak,,weak,very_weak,,weak,very_weak,,,,,weak,very_weak,,,,,weak,very_weak,,,,,,very_weak,,weak,very_weak,,,,strong,weak,very_weak,,,,,,,strong,weak,very_weak,strong,weak,very_weak,,,very_weak,,,very_weak,,weak,very_weak,,weak,very_weak,,weak,very_weak,strong,weak,very_weak,21.74,2.445,1.5199999999999998,27.425,0.365,6.705,8.29,5.975,5.66,32.7,7.789999999999999,23.16,34.015,13.54,5.695,0.16,23.4,20.965,0.21,0.815,17.65,10.915,9.875,2.045,2.3550000000000004,3389.89149393126,64.9853762843257,45.7182622897135,2976.32726594474,15.8959681028273,565.730559303304,510.27026437629,87.9406034345243,110.163086111081,596.759107572116,469.679334140662,759.774590730607,4060.75612102227,506.611968757804,602.918178405284,4.13344541457622,616.554042144341,1323.19683148005,48.9538897373827,35.2725297152283,640.024638187132,125.360464160762,102.011682814633,55.0785481019866,Bromodomain containing 4,O60885,608749.0,gene,23476.0,BRD4,ENSG00000141867,bacteria
sp|O60885|BRD4_HUMAN,sp,O60885,BRD4,HUMAN,0283361|tr|A0A3R6INV2|A0A3R6INV2_9BACT,283361,tr,A0A3R6INV2,A0A3R6INV2,PPRPVH,993,998,PPRPVH,56,61,VGQAEPPRPVHKDSGP,6,,,,,,,,,,,,,,,,,,,,,,,,,,,,,,,,,,,,,,,,,,,,,,,,,,,,,,,,,,,,,,,,,,,,,,,,,,,,,,,,,,,,,95.0,65.62,88.195,90.625,90.25,86.91499999999999,81.875,89.575,92.885,72.61500000000001,87.155,95.0,92.63,95.0,95.0,80.565,95.0,95.0,89.75,94.515,95.0,71.245,91.75,95.0,82.21000000000001,33727.1143318145,8811.28123330825,17617.9917842951,20924.0876860838,16913.8037119828,24308.611830523,20155.4637021236,14284.4055115069,18078.9350500077,3673.93981118227,24912.2368185809,29664.0609443665,15642.131295194,31190.650160264,33073.0348986857,5398.63291389034,25374.7032911767,33687.7260005208,21042.8273845574,16470.4443065268,28755.1983054815,4936.01335992603,12055.2888850265,29906.4063648525,Bromodomain containing 4,O60885,608749.0,gene,23476.0,BRD4,ENSG00000141867,bacteria
sp|O60885|BRD4_HUMAN,sp,O60885,BRD4,HUMAN,0283361|tr|A0A3R6NCZ8|A0A3R6NCZ8_9BACT,283361,tr,A0A3R6NCZ8,A0A3R6NCZ8,GEKLGR,627,632,GEKLGR,762,767,WGQDRGEKLGRAMKTY,6,,,,,,,,,,,,,,,,,,,,,,,,,,,,,,very_weak,,,,,,,,,,,,,,,,,,,,,,,,,,,,,,,,,,,,,,,,,,very_weak,,,,,,,,,,,,very_weak,88.32,48.54,66.485,39.395,80.305,67.645,55.03,70.335,72.155,15.865,48.205,73.8,81.06,81.00999999999999,66.345,56.085,29.56,79.555,79.08500000000001,69.21000000000001,81.185,16.77,65.605,83.88499999999999,43.035,18729.2195474392,3216.69504153243,4582.0182096282,2672.78190936452,6412.3352057589,10844.5690261667,5846.82245249062,4302.1476421706,6963.6424719567,394.348500085718,10764.491098208,10673.3343081146,10612.6478908426,11398.2179584872,11115.7826401784,777.302731850485,2715.98518517736,15179.6229482948,11029.8824606828,5374.0973808436,9198.41013501437,1067.6174982118,2414.59831796147,9782.60702919674,Bromodomain containing 4,O60885,608749.0,gene,23476.0,BRD4,ENSG00000141867,bacteria
sp|O60885|BRD4_HUMAN,sp,O60885,BRD4,HUMAN,0283361|tr|A0A3R6MGY2|A0A3R6MGY2_9BACT,283361,tr,A0A3R6MGY2,A0A3R6MGY2,SNVSKK,581,586,SNVSKK,334,339,TSFGWSNVSKKIDVMK,6,,,,,,,,weak,very_weak,,,,,,,,,very_weak,,,,,,,,,very_weak,,,,,,,,,,,,very_weak,,,,,,,,,,,,,,,,,,,,,,,,,,,,,,,,,very_weak,,,,,,,,weak,very_weak,,weak,very_weak,62.375,27.57,9.87,37.835,58.69,12.735,36.875,27.59,17.245,43.855,36.45,56.44,78.35,55.71,39.07,46.85,43.35,52.505,49.29,37.94,47.5,12.86,28.625,28.11,4.61,8598.62063779559,1204.59787188048,783.644555343814,3851.40816130913,2175.60333416143,779.475605981956,3448.0049377932,615.314487936193,348.870588642733,836.585431278317,6028.94727715508,4540.61181600654,8085.47886697368,4444.75683166288,4629.10825792502,583.933678556159,2600.07483880671,6681.25744034007,3704.71618786613,1329.4105050499,3376.71314145228,450.599078931918,512.217365767088,1187.49025202653,Bromodomain containing 4,O60885,608749.0,gene,23476.0,BRD4,ENSG00000141867,bacteria
sp|O60885|BRD4_HUMAN,sp,O60885,BRD4,HUMAN,0283361|tr|A0A415ZIA1|A0A415ZIA1_9BACT,283361,tr,A0A415ZIA1,A0A415ZIA1,EREKAL,1236,1241,EREKAL,11,16,FLIQAEREKALLVLVV,6,,,,,,,,,,,,,,,,,,,,,,,,,,,,,,,,,very_weak,,,,,,,,,,,,,,,very_weak,,,,,,very_weak,,,,,,,,,,,,,,,,,,,,,,,,,,,,,,very_weak,42.105,38.2,41.125,32.870000000000005,28.47,50.12,22.815,31.09,38.41,64.795,10.46,25.22,39.9,25.925,19.86,19.145,48.69,32.425,28.045,51.81999999999999,20.57,44.46,44.365,51.8,29.11,2110.26996728704,285.506459636415,687.460083631975,1608.99107875975,459.38621723569,3627.52778324127,752.810974814986,285.831001195727,470.26919607558,2332.95771965464,469.247577478213,450.369994224957,2407.58079767112,284.568910936207,671.914268931773,62.7467122803823,907.431098650824,855.867091991062,633.67845497861,1077.23667162368,325.206071202296,660.003846402539,445.320944298197,961.789475942536,Bromodomain containing 4,O60885,608749.0,gene,23476.0,BRD4,ENSG00000141867,bacteria
sp|O60885|BRD4_HUMAN,sp,O60885,BRD4,HUMAN,0283361|tr|A0A3R6LVG6|A0A3R6LVG6_9BACT,283361,tr,A0A3R6LVG6,A0A3R6LVG6,KKEKKKE,543,549,KKEKKKE,87,93,FPIISKKEKKKEVCDDY,7,,,,,,,,,,,,,,,,,,,,,,,,,,,,,,,,,,,,,,,very_weak,,,,,,,,,,,,,,,,,,,,,,,,,,,,,,,,,,,,,,,,,,,,,very_weak,95.0,47.2,41.95,92.22,56.010000000000005,73.39,39.23,88.245,32.66,95.0,77.715,68.815,95.0,86.1,49.120000000000005,78.02000000000001,95.0,84.295,56.010000000000005,88.005,90.225,59.025000000000006,88.63499999999999,88.31,20.27,37168.1749362276,2787.25517754856,3976.06352142682,18771.417381647,4419.3892098294,16021.5358335418,4558.72711274644,9694.72885541483,3663.69829917723,22620.2766050822,17016.7809493802,16586.6868470892,34139.0498050349,15687.3848826316,9407.87040723066,3679.66844761184,31413.8415488803,20149.3584528172,9183.89099118801,11740.8094130252,12889.0810774383,5959.22925413877,9502.7055309223,13451.0037348966,Bromodomain containing 4,O60885,608749.0,gene,23476.0,BRD4,ENSG00000141867,bacteria
sp|O60885|BRD4_HUMAN,sp,O60885,BRD4,HUMAN,0283361|tr|A0A3R6J7D2|A0A3R6J7D2_9BACT,283361,tr,A0A3R6J7D2,A0A3R6J7D2,LSLDIN,618,623,LSLDIN,47,52,SQNTLLSLDINKQSIK,6,,,very_weak,strong,weak,very_weak,,weak,very_weak,,weak,very_weak,,,very_weak,,weak,very_weak,strong,weak,very_weak,,,,,,very_weak,,,,,,,,,,,,very_weak,,,,,weak,very_weak,,,very_weak,,,,,,very_weak,,,very_weak,,,,,weak,very_weak,strong,weak,very_weak,,,very_weak,,,very_weak,,,,,weak,very_weak,,weak,very_weak,strong,weak,very_weak,12.44,0.64,6.55,4.94,14.825,7.12,1.7049999999999998,52.595,12.18,56.525000000000006,30.925,25.39,20.985,9.055,14.1,13.565,12.375,21.595,4.825,0.875,15.065,12.005,48.785,2.795,8.649999999999999,1706.05826766841,72.2264685773627,411.011291873809,306.123099131665,457.907406386076,821.240501650446,76.342170878413,1412.89408966241,203.87998558519,4278.42710398006,5218.18695041041,1462.92309442348,2801.85936902949,500.201233225192,1487.00435925321,116.948109056276,749.162627693197,1888.60303342457,500.098414531691,48.1022593971815,744.258544828203,764.91331984589,1529.62844564435,133.645702771294,Bromodomain containing 4,O60885,608749.0,gene,23476.0,BRD4,ENSG00000141867,bacteria
sp|O60885|BRD4_HUMAN,sp,O60885,BRD4,HUMAN,0283361|tr|A0A415ZSS4|A0A415ZSS4_9BACT,283361,tr,A0A415ZSS4,A0A415ZSS4,EKLGRV,628,633,EKLGRV,138,143,SLPIREKLGRVLKSFF,6,,,,,,,,,,,,,,weak,very_weak,,,,,,,,,,,,very_weak,,,very_weak,,,,,,,,,,,,,,,,,,,,,,,,very_weak,,,very_weak,,,,,,very_weak,,,,,,,,,,,,,,,,,,,,weak,very_weak,75.375,37.065000000000005,25.645000000000003,58.935,6.43,45.265,43.21,38.305,15.23,18.145,34.91,23.305,82.765,48.675,29.175,13.245,17.494999999999997,51.935,17.59,52.96,47.31999999999999,22.545,40.215,59.875,27.065,9210.56017285785,241.780328627915,423.795691990351,4356.67247252861,121.133664779772,3286.81255195689,1572.57227842469,296.715048457984,327.728122003296,311.927391415314,2204.67893160095,1073.25786968599,9020.99877425782,1201.79893005759,993.91854179088,56.6285369762039,578.456520847234,2426.93479741358,348.64040776396,1188.41569590065,1091.77501965357,199.74013868496,405.7576141688,1423.52793684715,Bromodomain containing 4,O60885,608749.0,gene,23476.0,BRD4,ENSG00000141867,bacteria
sp|O60885|BRD4_HUMAN,sp,O60885,BRD4,HUMAN,0283361|tr|A0A416A8P5|A0A416A8P5_9BACT,283361,tr,A0A416A8P5,A0A416A8P5,PQLPGS,810,815,PQLPGS,229,234,AAYFLPQLPGSIFDQC,6,,,,,,very_weak,,,very_weak,,,very_weak,,,,,weak,very_weak,,,,,,very_weak,,,,,,,,,very_weak,,,very_weak,,weak,very_weak,,,,,,very_weak,,,,,,,,weak,very_weak,,,,,,very_weak,,,,,,very_weak,,,,,,,,weak,very_weak,,,very_weak,,,very_weak,,weak,very_weak,54.93000000000001,19.325,19.995,16.64,33.85,9.28,53.955,11.085,23.835,40.855,16.055,19.325,65.98,13.3,24.225,3.32,66.0,17.665,20.115,16.675,26.255,27.35,9.56,19.18,19.855,3027.61296656759,285.979485896975,542.325669389423,1420.91195981755,488.128858128171,680.908723346904,4624.45260964068,149.11384655197,270.336655173624,1108.39080765189,1812.01765020702,870.859662735048,4069.11263893838,637.095194796545,1861.05617225099,13.4549024632806,2350.94861513565,1313.25562647332,669.31665617804,328.004822504734,936.021029131739,227.019707706518,115.031789734558,308.250253338184,Bromodomain containing 4,O60885,608749.0,gene,23476.0,BRD4,ENSG00000141867,bacteria
sp|O60885|BRD4_HUMAN,sp,O60885,BRD4,HUMAN,0283361|tr|A0A3R6MFD1|A0A3R6MFD1_9BACT,283361,tr,A0A3R6MFD1,A0A3R6MFD1,DIVLMA,145,150,DIVLMA,1095,1100,LKTGRDIVLMAMLGAE,6,,,,,weak,very_weak,,,,,,,,,,,,,,,,,,,,,,,,,,weak,very_weak,,,,,,,,,,,,,,,,,,,,,very_weak,,,,,,,,,very_weak,,,,,,,,,,,,,,,,,,,,weak,very_weak,31.11,9.165,28.340000000000003,45.145,26.085,58.195,37.72,58.285,55.985,54.67,8.2,38.73,22.555,30.215,26.66,15.025,32.84,36.745,16.35,44.955,33.795,38.055,48.425,30.985,25.035,1403.56923008288,237.993538574952,714.077863732263,1890.68847912104,620.01931049598,4536.83050356369,901.617786830604,952.623810145623,1111.63352844455,1349.71589758379,1296.46917329748,1425.68588676447,984.819565194218,656.236997367084,1621.83765363591,68.5244076399581,380.138001405164,1707.79431253539,747.050005188657,613.532844523102,734.713395787232,615.507587653107,690.942497631577,576.918910316941,Bromodomain containing 4,O60885,608749.0,gene,23476.0,BRD4,ENSG00000141867,bacteria
sp|O60885|BRD4_HUMAN,sp,O60885,BRD4,HUMAN,0283361|tr|A0A3R6L1Z8|A0A3R6L1Z8_9BACT,283361,tr,A0A3R6L1Z8,A0A3R6L1Z8,EDSETE,715,720,EDSETE,528,533,MILIREDSETEFGKFL,6,,,,,,,,,,strong,weak,very_weak,,,,,,,strong,weak,very_weak,,,,,,,,,,,,,,,,,,,,,,,,,,,,,weak,very_weak,,,,,,,,,,,,,,,,,,,,,,,,,,,very_weak,,,,strong,weak,very_weak,38.915,41.295,61.225,1.45,49.915,50.615,1.87,68.095,37.335,60.355,38.18,56.94,25.45,58.935,55.195,67.96000000000001,71.16499999999999,48.555,32.915,22.675,42.455,68.855,64.33,13.760000000000002,69.905,3742.83057575454,2000.39476104103,6203.70968273346,129.128371031364,4513.18308495199,12051.3764534487,181.193128759125,6937.62181498618,2442.13357435656,5440.029702619,11505.0224249256,3442.04103769672,2771.85723580167,4502.55033208745,7073.83085298468,2958.05993320048,6383.19263117435,4927.04920578027,4864.49113149182,1258.50262059072,2519.64896604468,5719.4925953481,5931.69666638151,671.514539892629,Bromodomain containing 4,O60885,608749.0,gene,23476.0,BRD4,ENSG00000141867,bacteria
sp|O60885|BRD4_HUMAN,sp,O60885,BRD4,HUMAN,0283361|tr|A0A416AGI4|A0A416AGI4_9BACT,283361,tr,A0A416AGI4,A0A416AGI4,IRPPEQ,1162,1167,IRPPEQ,67,72,TTSIEIRPPEQDVIRR,6,,,,,,,,,,,,,,,,,,,,,,,,,,,,,,,,,,,,,,,,,,,,,,,,,,,,,,,,,,,,,,,,,,,,,,,,very_weak,,,,,,,,,,,,very_weak,50.775,30.12,31.91,49.265,45.465,47.665,41.355,56.08,44.18,71.785,56.145,51.49,56.445,56.085,57.385,61.105,55.74,55.81,42.39,53.88,53.025,19.665,43.945,37.585,40.885,10070.5350814151,2844.83959666849,4519.68236832867,12583.4474593713,8024.21155991752,17384.1385723734,9519.17052532883,9272.35408221495,6964.77273968755,6181.9999825059,19365.7713070165,11922.3310752504,4940.71537623521,11066.5810282383,15512.3544638733,4256.77132060423,4685.49506610831,16088.9368042958,9158.78534993425,7545.67548877019,7610.86125779303,2500.25886105702,5555.54501239668,4481.06900299193,Bromodomain containing 4,O60885,608749.0,gene,23476.0,BRD4,ENSG00000141867,bacteria
sp|O60885|BRD4_HUMAN,sp,O60885,BRD4,HUMAN,0283361|tr|A0A3R6LSS6|A0A3R6LSS6_9BACT,283361,tr,A0A3R6LSS6,A0A3R6LSS6,QQQQQAA,1296,1302,QQQQQAA,992,998,VRPKEQQQQQAAEPPVK,7,,,,,,,,,,,,,,,,,,,,,,,,,,,,,,,,,,,,,,,,,,,,,,,,,,,,,,,,,,,,,,,,,,,,,,,,,,,,,,,,,,,,,76.16499999999999,35.955,76.96000000000001,77.015,85.58500000000001,80.81,84.475,68.565,90.545,48.9,54.99,85.33,52.92,86.58500000000001,72.22,61.635,52.435,85.685,80.36,65.64,77.04,63.96,54.775,70.65,78.63,17253.3445033986,3977.05310744556,13651.2835138592,20819.9799132437,18641.4773525784,23287.5630458008,23198.7885925454,12947.9263964392,18147.5283709267,3874.43767228863,18913.3103699371,21162.9278287004,6342.50560134677,20201.3120758487,20443.1796346085,5578.25267534203,7320.66284576706,24711.1635549723,18628.7747933283,12095.6609214106,16065.9748132448,7605.67511217578,7902.9806687725,13984.5176191243,Bromodomain containing 4,O60885,608749.0,gene,23476.0,BRD4,ENSG00000141867,bacteria
sp|O60885|BRD4_HUMAN,sp,O60885,BRD4,HUMAN,0283361|tr|A0A3R6LSS6|A0A3R6LSS6_9BACT,283361,tr,A0A3R6LSS6,A0A3R6LSS6,QQQQQA,1296,1301,QQQQQA,992,997,VRPKEQQQQQAAEPPV,6,,,,,,,,,,,,,,,,,,,,,,,,,,,,,,,,,,,,,,,,,,,,,,,,,,,,,,,,,,,,,,,,,,,,,,,,,,,,,,,,,,,,,76.16499999999999,35.955,76.96000000000001,95.0,85.58500000000001,95.0,84.475,83.65,86.6,73.91499999999999,61.19499999999999,87.16,52.92,88.16,73.0,70.9,59.08,86.065,80.36,75.65,73.81,69.755,72.395,70.65,78.63,17253.3445033986,3977.05310744556,13651.2835138592,35612.372473591,18641.4773525784,38164.1434163819,23198.7885925454,17701.6827069716,18881.0052147167,10544.6596639465,23721.6659284915,22004.4662595309,6342.50560134677,21184.2335176012,22637.1704105113,7910.93696144053,9584.27922682492,25027.0571851247,18628.7747933283,14618.219258787,16292.4932210278,10515.720364564,12601.9775045871,13984.5176191243,Bromodomain containing 4,O60885,608749.0,gene,23476.0,BRD4,ENSG00000141867,bacteria
sp|O60885|BRD4_HUMAN,sp,O60885,BRD4,HUMAN,0283361|tr|A0A3R6QTI0|A0A3R6QTI0_9BACT,283361,tr,A0A3R6QTI0,A0A3R6QTI0,LENNYY,114,119,LENNYY,80,85,SDSTALENNYYRLLDR,6,,,,,,,,,,,,,,,,,,very_weak,,,,,,,,,very_weak,,,,,,,,weak,very_weak,,,,,,,,,very_weak,,,,,,,,,,,,,,weak,very_weak,,,,,,,,,very_weak,,,,,,,,,,,,,,weak,very_weak,31.425,56.855,54.35,32.62,33.995000000000005,12.695,31.9,49.265,13.08,81.26,68.085,3.22,58.78,11.645,29.215,52.54,65.935,5.885,22.45,64.84,17.365,38.41,59.91499999999999,61.92999999999999,46.565,1420.66599787032,1970.10857259274,3608.42472557779,2492.66872399463,917.024751210216,1004.36136341287,2968.19099726904,1908.8384231382,214.372176385209,5362.65471137831,10738.0849839794,189.606797702136,3577.82884118989,636.454446949368,2348.40631646169,896.355583248201,2786.32045234254,565.810138929758,1335.97132800778,3153.59614122775,900.525854464643,939.328436767224,2300.04917065139,2254.07749239682,Bromodomain containing 4,O60885,608749.0,gene,23476.0,BRD4,ENSG00000141867,bacteria
sp|O60885|BRD4_HUMAN,sp,O60885,BRD4,HUMAN,0283361|tr|A0A3R6IFM9|A0A3R6IFM9_9BACT,283361,tr,A0A3R6IFM9,A0A3R6IFM9,ILKEMF,360,365,ILKEMF,49,54,EEKYAILKEMFGSIGT,6,,,,,,,,weak,very_weak,,,,,,,,,,,,,,,,,,very_weak,,,,,,,strong,weak,very_weak,,,very_weak,,,,,weak,very_weak,,weak,very_weak,,,,,weak,very_weak,,,,strong,weak,very_weak,,,very_weak,,weak,very_weak,,weak,very_weak,,,very_weak,,,,,weak,very_weak,,weak,very_weak,strong,weak,very_weak,28.24,30.335,6.415,22.35,21.39,25.93,45.905,37.045,18.055,56.52,27.85,1.575,36.870000000000005,2.125,4.695,5.365,43.995,1.01,16.064999999999998,9.715,3.545,16.955,28.78,6.595,3.575,3238.13579309462,417.682058853903,630.034585283756,2621.45839162125,366.725159931628,4395.16490443312,3126.58611139139,823.545110068192,708.620970622274,3441.78035272266,3037.71929195442,29.7739627595587,4780.90006795242,64.8217539420206,333.039985336956,39.6057168048583,1533.50610867075,34.2981720577203,680.128239169378,645.26738779108,107.907507996136,671.144094549253,583.201246467535,386.282613078908,Bromodomain containing 4,O60885,608749.0,gene,23476.0,BRD4,ENSG00000141867,bacteria
sp|O60885|BRD4_HUMAN,sp,O60885,BRD4,HUMAN,0283361|tr|A0A416AAR7|A0A416AAR7_9BACT,283361,tr,A0A416AAR7,A0A416AAR7,MSYEEK,610,615,MSYEEK,141,146,EVHKHMSYEEKTVFPY,6,,,,,,,,,,,,very_weak,,,,,,,,weak,very_weak,,,,,,,,,,,,,,,,,,,,,,,,,,,,,,,,,,,,,,,,,,,,,,,,,,,very_weak,,,,,,,,,,,weak,very_weak,27.315,51.91,40.675,14.895,33.3,63.415000000000006,4.605,43.59,41.0,74.58000000000001,45.545,39.12,57.345,40.905,31.37,56.195,72.285,43.285,22.845,70.375,35.23,11.255,40.105,62.355,35.15,3983.94400361776,3141.64230930357,3306.21564403792,2129.23730435747,2360.53231157312,13555.9061583271,686.374968739008,2294.08427337041,3736.47800712601,6112.82651807511,10832.2557594913,3621.88032122011,4727.19961205736,4154.97795626386,5221.97111679531,1554.74046201826,6477.81513554415,5711.51517410187,3253.83477846783,4329.69897525083,2424.36278940479,1225.03639063644,1574.47910048884,3571.2539663159,Bromodomain containing 4,O60885,608749.0,gene,23476.0,BRD4,ENSG00000141867,bacteria
sp|O60885|BRD4_HUMAN,sp,O60885,BRD4,HUMAN,0283361|tr|A0A3R6IG28|A0A3R6IG28_9BACT,283361,tr,A0A3R6IG28,A0A3R6IG28,LQKINE,158,163,LQKINE,179,184,MINSNLQKINEHGCNT,6,,,,,,,,,,,,,,,,,,,,,,,,,,,,,,,,,,,,,,,,,,,,,,,,,,,,,,,,,,,,,,,,,,,,,,,,very_weak,,,,,,,,,,,,very_weak,69.935,44.88,47.625,69.195,37.655,35.230000000000004,56.805,50.04,30.515,76.75,74.31,58.855,86.79,60.78,60.075,43.47,53.24,67.47,41.855,57.735,72.115,17.65,51.655,64.61500000000001,48.275,12183.9276536665,2165.59856252588,4154.39357014044,8585.23400469776,3851.61652385712,3055.51966484452,7346.29177100742,2406.46093011217,684.24689061465,5609.17973157231,15537.7190540252,3587.05400691026,11505.8938304672,4092.64676956597,10278.1465116869,1556.77725059994,3235.36913868371,7857.79085842706,5429.44522817086,4340.29921273655,5599.1748015736,1640.45677850961,2792.2356066168,5221.51913179957,Bromodomain containing 4,O60885,608749.0,gene,23476.0,BRD4,ENSG00000141867,bacteria
sp|O60885|BRD4_HUMAN,sp,O60885,BRD4,HUMAN,0283361|tr|A0A3R6LVG6|A0A3R6LVG6_9BACT,283361,tr,A0A3R6LVG6,A0A3R6LVG6,KEKKKE,544,549,KEKKKE,88,93,PIISKKEKKKEVCDDY,6,,,,,,,,,,,,,,,,,,,,,,,,,,,,,,,,,,,,,,,,,,,,,,,,,,,,,,,,,,,,,,,,,,,,,,,,,,,,,,,,,,,,,95.0,60.93,60.875,92.88,73.42,88.17,58.745,92.865,45.605,95.0,85.29,85.355,95.0,90.42,68.43,89.975,95.0,92.06,72.25999999999999,92.8,92.295,77.62,93.64,92.525,35.405,38461.3638791972,5262.07019464746,7320.18761349963,20696.4506699188,8147.47842607779,22578.4636672148,9876.51661392347,14937.3520140631,6744.00861306297,26345.4971696346,24275.2320181911,20508.5351290539,35468.9384976338,19520.3923204046,16069.1040630922,6687.04312190375,34111.3577711373,23840.0252835248,13665.766169129,15783.0660154585,15554.5396196447,9481.13843701548,15272.0418779791,16462.9613315653,Bromodomain containing 4,O60885,608749.0,gene,23476.0,BRD4,ENSG00000141867,bacteria
sp|O60885|BRD4_HUMAN,sp,O60885,BRD4,HUMAN,0283361|tr|A0A416AF73|A0A416AF73_9BACT,283361,tr,A0A416AF73,A0A416AF73,QEQQQQ,1283,1288,QEQQQQ,528,533,KQDKTQEQQQQNEQMS,6,,,,,,,,,,,,,,,,,,,,,,,,,,,,,,,,,,,,,,,,,,,,,,,,,,,,,,,,,,,,,,,,,,,,,,,,,,,,,,,,,,,,,79.295,44.445,95.0,85.755,95.0,95.0,81.875,95.0,95.0,91.59,53.115,95.0,79.305,89.91,66.22,81.155,68.47,95.0,86.37,74.545,78.44,95.0,95.0,75.455,95.0,19342.3177851464,6528.33467443106,34490.2748167303,21687.2667388825,33847.7531424547,41245.3817834613,22178.9553638229,37643.3120005194,35531.9320026037,28995.1377242156,26810.1926155733,36503.0081658706,12854.124858463,21745.3031552476,22835.9407728102,10585.8124761639,13698.9271032679,38217.0347623597,22983.9248532184,14927.1734968024,16748.2688010815,30075.4679635974,36457.2221879526,14210.565606688,Bromodomain containing 4,O60885,608749.0,gene,23476.0,BRD4,ENSG00000141867,bacteria
sp|O60885|BRD4_HUMAN,sp,O60885,BRD4,HUMAN,0283361|tr|A0A3R6IMT5|A0A3R6IMT5_9BACT,283361,tr,A0A3R6IMT5,A0A3R6IMT5,LRVVLK,67,72,LRVVLK,178,183,SALAYLRVVLKDYIMI,6,,,,,,very_weak,,,,,,,,,,,,,,,,,,,,,,,,,,,,,,very_weak,,weak,very_weak,,,,,,,,,very_weak,,,,,,,,,,,,,,weak,very_weak,,,,,,,,,,,,,,,,,,,,weak,very_weak,27.11,17.66,28.635,40.175,26.635,50.115,21.085,44.025,33.92,65.75,30.62,14.975,65.265,20.985,15.72,30.465000000000003,50.08,21.565,8.725,42.09,31.755,43.76,46.790000000000006,35.285000000000004,21.73,1414.46954905593,87.1845766984775,355.712403589665,1807.02510524657,133.499734838387,3650.99580132026,760.226857880574,351.199771417861,281.671058727061,1861.1568560502,1857.8170636677,258.416136425109,4736.36384161506,234.17989346194,341.09951544828,59.3260743313611,702.878687681439,545.049297319481,134.239886646913,546.182758246067,393.538647766905,435.919957410674,535.712190293605,334.249321005931,Bromodomain containing 4,O60885,608749.0,gene,23476.0,BRD4,ENSG00000141867,bacteria
sp|O60885|BRD4_HUMAN,sp,O60885,BRD4,HUMAN,0283361|tr|A0A3R6J7D2|A0A3R6J7D2_9BACT,283361,tr,A0A3R6J7D2,A0A3R6J7D2,SLDINK,619,624,SLDINK,48,53,QNTLLSLDINKQSIKE,6,,,very_weak,strong,weak,very_weak,,weak,very_weak,,weak,very_weak,,,very_weak,,weak,very_weak,strong,weak,very_weak,,,,,,very_weak,,,,,,,,,,,,very_weak,,,,,weak,very_weak,,,very_weak,,,,,,very_weak,,,very_weak,,,,,weak,very_weak,strong,weak,very_weak,,,very_weak,,,very_weak,,,,,weak,very_weak,,weak,very_weak,strong,weak,very_weak,14.135,0.64,6.55,4.94,14.825,7.12,1.7049999999999998,49.255,12.18,53.44,30.34,25.39,28.19,9.055,11.455,13.565,14.585,21.595,4.825,0.875,18.07,12.005,45.88,2.795,8.649999999999999,1820.66469373404,72.2264685773627,411.011291873809,306.123099131665,457.907406386076,821.240501650446,76.342170878413,1702.79412077237,203.87998558519,4575.231271349,5516.90918561893,1462.92309442348,3436.94264676752,500.201233225192,1600.6737744089,116.948109056276,850.954768084563,1888.60303342457,500.098414531691,48.1022593971815,830.165403710499,764.91331984589,1640.90057299459,133.645702771294,Bromodomain containing 4,O60885,608749.0,gene,23476.0,BRD4,ENSG00000141867,bacteria
sp|O60885|BRD4_HUMAN,sp,O60885,BRD4,HUMAN,0283361|tr|A0A3R6J9N7|A0A3R6J9N7_9BACT,283361,tr,A0A3R6J9N7,A0A3R6J9N7,ELQEQL,513,518,ELQEQL,60,65,MKENAELQEQLKPPEF,6,,,,,,,,,,,,,,,,,,,,,,,,,,,,,,,,,,,,,,,,,,,,,,,,,,,,,,,,,,,,,,,,,,,,,,,,,,,,,,,,,,,,,67.985,36.49,55.585,71.27000000000001,72.295,80.565,43.535,91.05,75.67500000000001,89.09,73.78999999999999,75.195,42.445,70.41499999999999,60.855,80.35499999999999,54.0,70.95,49.635000000000005,79.09,59.215,74.35499999999999,83.66499999999999,62.415,43.905,8435.60646167934,2654.19414909357,8987.97121720262,12108.7552409521,12107.0521781178,21117.8671662486,9940.62710353906,14758.5490191402,11128.8998366742,10442.0242694794,17154.6886419445,8704.67822577491,3202.66494142005,7766.84027170012,9770.44235036963,6156.83461619837,4243.43563013159,11230.0211083457,8298.27787221235,11094.7552505995,4425.4182367947,7845.21803359258,10954.5977855474,7422.59371385291,Bromodomain containing 4,O60885,608749.0,gene,23476.0,BRD4,ENSG00000141867,bacteria
sp|O60885|BRD4_HUMAN,sp,O60885,BRD4,HUMAN,0283361|tr|A0A416ACS6|A0A416ACS6_9BACT,283361,tr,A0A416ACS6,A0A416ACS6,PGAPDK,1172,1177,PGAPDK,512,517,DTTPEPGAPDKEDELK,6,,,,,,,,,,,,,,,,,,,,,,,,,,,,,,,,,,,,,,,,,,,,,,,,,,,,,,,,,,,,,,,,,,,,,,,,,,,,,,,,,,,,,95.0,95.0,95.0,60.635,95.0,95.0,68.81,95.0,95.0,39.685,93.715,95.0,50.995000000000005,95.0,95.0,95.0,95.0,95.0,95.0,95.0,95.0,95.0,95.0,95.0,95.0,39070.3754962084,36417.7976139623,38970.7378202544,19766.9355868544,36928.0651622633,41573.3454466098,22333.3116667976,38936.177464963,39394.6819177845,5411.73307295075,42113.9080125084,37092.6473128662,9977.37123141471,38183.9690875297,39255.9718919059,33112.0627846674,37730.5735356368,38866.3076157462,39692.8954576504,35470.4735950545,36324.531544073,31514.9514867418,37739.9641421621,34565.3650417464,Bromodomain containing 4,O60885,608749.0,gene,23476.0,BRD4,ENSG00000141867,bacteria
sp|O60885|BRD4_HUMAN,sp,O60885,BRD4,HUMAN,0283361|tr|A0A3R6MDT2|A0A3R6MDT2_9BACT,283361,tr,A0A3R6MDT2,A0A3R6MDT2,PAVSPA,888,893,PAVSPA,131,136,GNEMFPAVSPAILVLI,6,,,,,,,,,,,,,,,very_weak,,weak,very_weak,,,,,weak,very_weak,,,,,,very_weak,,,,,,,,,,,,,,,,,,,,,,,weak,very_weak,,,,,,,,,,,,very_weak,,,,,,,,weak,very_weak,,,,,,,,weak,very_weak,37.5,48.315,34.985,25.46,11.85,9.04,41.835,2.52,24.22,17.34,22.055,43.25,20.145,34.56,49.16,9.06,28.04,37.015,34.945,18.175,37.815,28.635,2.045,20.15,55.835,1633.53143075181,571.365344690464,652.223429095657,1425.45452146192,289.318947089025,291.638405943625,2777.95207553778,35.7675243406596,70.1477686603413,143.639417127796,999.861681809341,675.924669678456,1339.73489677962,465.027246291493,2545.87428242505,28.3906456834443,369.589195012998,1116.11682265819,870.916199620984,310.147123921587,788.51803384274,140.022607829006,32.0308737203991,318.585424586846,Bromodomain containing 4,O60885,608749.0,gene,23476.0,BRD4,ENSG00000141867,bacteria
sp|O60885|BRD4_HUMAN,sp,O60885,BRD4,HUMAN,0283361|tr|A0A3R6KSW2|A0A3R6KSW2_9BACT,283361,tr,A0A3R6KSW2,A0A3R6KSW2,LLEDEE,912,917,LLEDEE,374,379,ELVASLLEDEESNNVF,6,,,very_weak,,,,,,,,,very_weak,,,,,,,,,,,,,,,,,,,,,,,,,,,,,weak,very_weak,,,,,,,strong,weak,very_weak,,,,,,,,,,,,,,,,,,,,,,,,,,,,,,,strong,weak,very_weak,15.145,40.79,81.52,17.185000000000002,64.295,59.585,26.66,68.67,55.94,41.595,65.97,35.025,4.505,23.72,51.18,53.645,38.71,27.69,52.505,44.005,25.66,69.06,64.35,42.94,81.825,1206.17595597291,3058.66198383475,10284.7098350877,2383.94049120897,9360.25131764107,14239.3469301072,3769.61320289653,6850.79576713994,4338.32729566317,4657.89664088557,11468.2347550944,1282.78096020452,477.808661414757,791.758145381995,4605.42830358537,3603.35278722188,1829.31341544811,1735.77494729907,8146.59693466487,4263.17810487921,694.968711468114,5316.60940960769,4320.43331995165,2804.61943782943,Bromodomain containing 4,O60885,608749.0,gene,23476.0,BRD4,ENSG00000141867,bacteria
sp|O60885|BRD4_HUMAN,sp,O60885,BRD4,HUMAN,0283361|tr|A0A3R6LSS6|A0A3R6LSS6_9BACT,283361,tr,A0A3R6LSS6,A0A3R6LSS6,EQQQQQ,1284,1289,EQQQQQ,991,996,TVRPKEQQQQQAAEPP,6,,,,,,,,,,,,,,,,,,,,,,,,,,,,,,,,,,,,,,,,,,,,,,,,,,,,,,,,,,,,,,,,,,,,,,,,,,,,,,,,,,,,,83.72,29.385,41.75,95.0,77.99000000000001,81.71,72.34,95.0,67.14999999999999,95.0,60.365,83.655,64.48,86.41,70.56,76.13499999999999,61.735,85.785,69.35000000000001,77.92,73.355,61.885,87.755,72.995,57.8,21169.7982893017,2830.22572721502,6025.03463494049,36666.8860726344,14446.0495257192,26355.4758942841,19302.59550674,34798.3945702922,14814.3841680575,29961.4657030105,24241.6357514125,21624.4712469986,8969.9013047806,21065.8355052819,22040.6847177413,8117.38550053697,11051.6239009318,25270.5889794755,15978.948566701,14289.0428871136,16285.9721233353,10057.9035389744,16669.0854775297,14862.2271855159,Bromodomain containing 4,O60885,608749.0,gene,23476.0,BRD4,ENSG00000141867,bacteria
sp|O60885|BRD4_HUMAN,sp,O60885,BRD4,HUMAN,0283361|tr|A0A415ZUG6|A0A415ZUG6_9BACT,283361,tr,A0A415ZUG6,A0A415ZUG6,IIQSRE,636,641,IIQSRE,208,213,ELTEEIIQSREEITEQ,6,,,,,,,,,,,,,,,,,,,,,very_weak,,,,,,,,,,,,,,,,,,,,,very_weak,,,,,,,,,,,,,,,,,,,,,,,,,,,,,,,,,very_weak,,,,,,,,,very_weak,35.865,31.335,44.835,37.035,35.905,45.28,17.97,29.025,37.035,46.375,46.675,47.53,14.975,32.775,34.095,44.625,42.11,39.01,33.480000000000004,52.615,33.97,36.125,18.3,46.79,43.19,5944.48217482386,1814.21481168788,6053.32793007078,5908.50907544963,4504.54815563146,12598.7055149709,1565.49305425085,2927.30358060186,3605.02963883387,5144.74653893076,12714.0073305616,5455.11872854323,1422.80421481683,3054.39583003035,5685.86525451962,2275.27267687595,4030.90172563457,6899.89276087305,5718.1931864991,4961.50046301073,2596.50449876536,4106.35266130063,1193.62185748595,4309.18217789957,Bromodomain containing 4,O60885,608749.0,gene,23476.0,BRD4,ENSG00000141867,bacteria
sp|O60885|BRD4_HUMAN,sp,O60885,BRD4,HUMAN,0283361|tr|A0A3R6IGF9|A0A3R6IGF9_9BACT,283361,tr,A0A3R6IGF9,A0A3R6IGF9,VKEEKI,1110,1115,VKEEKI,85,90,LGTKGVKEEKITWNKI,6,,,,,,,,,,,,,,,,,,,,,,,,,,,,,,,,,,,,,,,,,,,,,,,,,,,,,,,,,,,,,,,,,,,,,,,,,,,,,,,,,,,,,70.89500000000001,21.715,52.055,65.555,64.58500000000001,47.795,30.2,55.895,58.47,68.21,47.065,52.21,56.675,45.955,46.86,49.59,52.635000000000005,49.475,49.955,32.82,45.425,44.765,59.3,47.33,50.615,12626.271298289,1158.1783238258,3456.48395545643,7964.09783112916,4514.50173184249,10789.7946529143,4041.38255889001,2404.43087170946,3818.91729270308,6252.49740366557,12259.0361728475,3502.75353003089,6666.5265998026,4575.77583662229,6794.91299838171,1461.32528876518,4560.84855612406,5813.95602618623,5483.52354889965,1923.24650773265,3668.02165202131,3340.15794921202,3056.14787027526,3254.01081208378,Bromodomain containing 4,O60885,608749.0,gene,23476.0,BRD4,ENSG00000141867,bacteria
sp|O60885|BRD4_HUMAN,sp,O60885,BRD4,HUMAN,0283361|tr|A0A3R6J9N7|A0A3R6J9N7_9BACT,283361,tr,A0A3R6J9N7,A0A3R6J9N7,LQEQLK,514,519,LQEQLK,61,66,KENAELQEQLKPPEFT,6,,,,,,,,,,,,,,,,,,,,,,,,,,,,,,,,,,,,,,,,,,,,,,,,,,,,,,,,,,,,,,,,,,,,,,,,,,,,,,,,,,,,,69.44,36.49,55.585,75.44,72.295,76.96,43.535,85.19999999999999,62.095,90.845,79.785,79.24000000000001,53.775000000000006,72.455,64.545,80.35499999999999,69.22999999999999,74.385,49.635000000000005,79.09,67.175,74.35499999999999,83.66499999999999,62.415,43.905,9819.93573337955,2654.19414909357,8987.97121720262,13065.7173789797,12107.0521781178,22970.0029369647,9940.62710353906,15090.8652904378,11453.3543664515,10768.6848135593,20896.9380363412,10929.8537726064,4375.94738340629,9654.01052138234,12348.4951177216,6156.83461619837,7396.05837748297,13488.8965972247,8298.27787221235,11094.7552505995,6158.56686506258,7845.21803359258,10954.5977855474,7422.59371385291,Bromodomain containing 4,O60885,608749.0,gene,23476.0,BRD4,ENSG00000141867,bacteria
sp|O60885|BRD4_HUMAN,sp,O60885,BRD4,HUMAN,0283361|tr|A0A416AAZ3|A0A416AAZ3_9BACT,283361,tr,A0A416AAZ3,A0A416AAZ3,IAGSSK,689,694,IAGSSK,303,308,GTQPGIAGSSKSPNTG,6,,,,,,,,,,,,,,,,,,,,,,,,,,,,,weak,very_weak,,,,,,,,,,,,,,,,,,,,,,,,,,,,,,,,,,,,,,,,,,,,,,,,,,,,,weak,very_weak,95.0,46.535,31.64,73.16,63.21,40.35,30.97,67.535,43.555,4.805,69.215,95.0,65.565,78.08,62.505,72.21,46.295,72.425,65.16,57.96,76.275,29.35,44.48,72.49000000000001,25.435,38600.6072324038,6507.10808282148,4299.77433457132,20403.4040590492,11794.2846659659,12047.4652916142,7203.58923686838,8329.67225794442,7513.08904094467,97.6676311800482,20522.297408375,37473.4482316081,10240.6271032834,22124.5487018205,21546.6987669087,5226.04074277551,4920.17706697422,25121.7405759569,17262.8676761135,7824.87241650128,18334.231454367,2602.83325983927,4203.6787053478,11823.1601649666,Bromodomain containing 4,O60885,608749.0,gene,23476.0,BRD4,ENSG00000141867,bacteria
sp|O60885|BRD4_HUMAN,sp,O60885,BRD4,HUMAN,0283361|tr|A0A3R6MBI1|A0A3R6MBI1_9BACT,283361,tr,A0A3R6MBI1,A0A3R6MBI1,TKKGVK,284,289,TKKGVK,90,95,LTDYCTKKGVKFFSTA,6,,,,,,,,,,,,,,,,,,,,,,,,,,,,,,,,,,,,very_weak,,,very_weak,,,,,,,,,,,,,,,very_weak,,,,,,,,,,,,,,,,,,very_weak,,,,,,,,,,,,very_weak,85.515,70.035,30.730000000000004,44.645,41.21,44.25,69.08500000000001,21.4,33.245,70.81,47.935,17.740000000000002,92.205,54.35,22.86,18.435,80.315,41.375,40.675,60.03,41.4,19.700000000000003,37.365,62.005,25.705,13565.7367383521,2108.21602870658,1367.45807465777,4794.83524440233,1038.81135241807,6364.36577921425,6527.41648226903,485.757983878331,1661.49936288737,2507.24809135116,3944.69716533039,361.689101736634,13774.1317741017,1300.93760399496,1062.04124159186,148.558268462768,4690.82117283403,1334.46886248561,3118.27525040964,2572.01076326374,819.01323171285,614.742203528292,838.143767910026,2963.92275166343,Bromodomain containing 4,O60885,608749.0,gene,23476.0,BRD4,ENSG00000141867,bacteria
sp|O60885|BRD4_HUMAN,sp,O60885,BRD4,HUMAN,0283361|tr|A0A416AD31|A0A416AD31_9BACT,283361,tr,A0A416AD31,A0A416AD31,LMAEAL,148,153,LMAEAL,543,548,ERRCELMAEALRYMDL,6,,,,,,,,,,,,,,,,,,,,,,,,,,,,,,,,,,,,,,,,,,,,,very_weak,,,,,,,,,,,,,,,very_weak,,,very_weak,,,,,,,,,,,,,,,,,,,,,very_weak,37.775,24.445,52.5,42.22,44.3,57.605,34.475,26.705,44.39,64.61,28.93,24.71,33.21,10.445,24.15,42.05,43.245000000000005,18.895,18.985000000000003,55.42,23.13,45.23,28.005000000000003,51.1,48.0,1283.46123139124,174.966398815499,1153.47615159897,1620.55716095782,474.300977311122,3939.62142457715,919.070963663125,168.042098809295,699.479895532435,2092.01476480232,945.947647937197,332.867066141123,1634.415392232,155.055063837241,589.577509714145,78.5831713081386,719.90385093998,453.985505116892,303.961287949244,898.85153261135,231.802692060102,378.525020677137,174.284323506359,657.452279203865,Bromodomain containing 4,O60885,608749.0,gene,23476.0,BRD4,ENSG00000141867,bacteria
sp|O60885|BRD4_HUMAN,sp,O60885,BRD4,HUMAN,0283361|tr|A0A3R6LSK6|A0A3R6LSK6_9BACT,283361,tr,A0A3R6LSK6,A0A3R6LSK6,SESSSS,707,712,SESSSS,252,257,IRLGDSESSSSASTST,6,,,,,,,,,,,,,,,,,,,,,,,,,,,,,weak,very_weak,,,,,,,,,,,,,,,,,,,,,,,,,,,,,,,,,,,,,,,,,,,,,,,,,,,,,weak,very_weak,91.38,78.18,80.58,88.785,84.11,75.61500000000001,79.47,67.93,83.9,6.305,77.66999999999999,92.59,36.45,92.605,90.625,71.435,33.565,91.93,89.305,44.33,92.945,44.38,63.905,70.815,86.625,19454.817545667,5714.60587643693,8471.18585543621,14493.0166264104,8717.68514486981,13197.5678677061,12192.6313691074,5655.18840780312,7902.12563004376,216.469886828803,18270.862078295,17601.4154068146,3791.29208297666,18228.0143899931,19629.4671841043,1761.84864390626,2578.2798229199,20724.6852184617,16072.2339224392,3029.087440038,15659.2343222089,1814.92160780456,3623.13455248118,7120.7500497684,Bromodomain containing 4,O60885,608749.0,gene,23476.0,BRD4,ENSG00000141867,bacteria
sp|O60885|BRD4_HUMAN,sp,O60885,BRD4,HUMAN,0283361|tr|A0A3R6LSS6|A0A3R6LSS6_9BACT,283361,tr,A0A3R6LSS6,A0A3R6LSS6,QQQQAA,1297,1302,QQQQAA,993,998,RPKEQQQQQAAEPPVK,6,,,,,,,,,,,,,,,,,,,,,,,,,,,,,,,,,,,,,,,,,,,,,,,,,,,,,,,,,,,,,,,,,,,,,,,,,,,,,,,,,,,,,72.05000000000001,46.42,85.37,77.015,83.66,80.81,95.0,68.565,90.545,48.9,54.99,85.33,48.655,87.32499999999999,75.295,61.635,52.435,84.525,84.305,65.64,76.57,63.96,54.775,70.65,84.37,17639.1636222966,6038.15199074213,17321.616462327,20819.9799132437,18693.1832715559,23287.5630458008,36277.0068316869,12947.9263964392,18147.5283709267,3874.43767228863,18913.3103699371,21162.9278287004,6365.05442673516,20718.6317172464,21219.1019060151,5578.25267534203,7320.66284576706,24842.2536325399,21217.9540071753,12095.6609214106,16335.3859061117,7605.67511217578,7902.9806687725,13984.5176191243,Bromodomain containing 4,O60885,608749.0,gene,23476.0,BRD4,ENSG00000141867,bacteria
sp|O60885|BRD4_HUMAN,sp,O60885,BRD4,HUMAN,0283361|tr|A0A3R6IHV4|A0A3R6IHV4_9BACT,283361,tr,A0A3R6IHV4,A0A3R6IHV4,KSKLEA,404,409,KSKLEA,150,155,DTAYGKSKLEAENYLR,6,,,,,,,,,,,,,,,,,,,,,,,,,,,,,,,,,,,,,,,,,,,,,,,,,,,,,,,,,,,,,,,,,,,,,,,,,,,,,,,,,,,,,73.595,59.92,58.41,55.845,62.97,68.21000000000001,67.845,58.535,68.61,37.355,38.115,61.845,28.57,47.81,44.66,61.275000000000006,45.665,58.205,39.705,53.97,45.89,43.49,37.24,44.03,55.095,11930.3315711115,3380.03948990898,4854.39613939984,5507.60512938248,4664.09964885097,13223.0098264009,7735.55820023406,3568.97492343542,6383.26169627698,2567.0620418712,8531.89555588463,5871.99121446988,3212.55603936604,3958.12171186525,5109.52040340594,1197.61918558972,4691.07494792375,7033.00169287403,3698.94855623919,3645.90347346253,2710.5248189557,2773.92737922372,2112.7373351524,2462.40467721779,Bromodomain containing 4,O60885,608749.0,gene,23476.0,BRD4,ENSG00000141867,bacteria
sp|O60885|BRD4_HUMAN,sp,O60885,BRD4,HUMAN,0283361|tr|A0A3R6J9N0|A0A3R6J9N0_9BACT,283361,tr,A0A3R6J9N0,A0A3R6J9N0,EALEKL,151,156,EALEKL,39,44,NRTYWEALEKLAEEYG,6,,,very_weak,,,,,weak,very_weak,,,,,,,,,,,,,,,,,,,,,,,,very_weak,,,very_weak,,,very_weak,,weak,very_weak,,weak,very_weak,,weak,very_weak,,,very_weak,,,,,,,,weak,very_weak,,,,,,,,weak,very_weak,,weak,very_weak,,weak,very_weak,,,very_weak,,weak,very_weak,,weak,very_weak,14.96,39.815,8.610000000000001,27.14,38.195,32.46,33.995,22.55,34.065,34.585,15.04,14.79,7.949999999999999,8.055,5.595,20.015,38.125,9.695,26.42,27.0,4.41,2.6,8.015,16.395,3.59,1349.52606378698,2086.40877574637,887.611787732888,4021.31817441791,3113.25218248038,8342.29934807388,5557.46885791583,1652.76756238023,4184.12122458221,3379.3447070471,3514.29379986721,764.772637511607,1087.51892940378,454.447470115848,974.042295592754,429.17610766354,2574.82298678601,867.783946720032,3662.54890781533,1853.72094745648,323.440993875582,699.835692208385,405.016347040169,939.196322828338,Bromodomain containing 4,O60885,608749.0,gene,23476.0,BRD4,ENSG00000141867,bacteria
sp|O60885|BRD4_HUMAN,sp,O60885,BRD4,HUMAN,0283361|tr|A0A3R6IKB6|A0A3R6IKB6_9BACT,283361,tr,A0A3R6IKB6,A0A3R6IKB6,RQLSLD,616,621,RQLSLD,368,373,PEGVARQLSLDRDPHG,6,,,,,weak,very_weak,,,,,,,,,,,,,,,very_weak,,,,,,,,,,,,,,,,,weak,very_weak,,,,,,,,,,,,,,,,,,,,,,,,,,,,,,,,,,,,,,,,,,,,weak,very_weak,31.835,9.315,53.995000000000005,23.145,43.135,41.28,12.21,67.63,47.28,49.595,51.305,60.83,26.165,43.945,32.035000000000004,50.535,46.075,54.120000000000005,28.29,23.1,39.65,29.58,65.795,37.95,48.78,5674.92526802268,582.381509048542,6361.68076571404,2999.83131313721,3569.16800624504,10050.071241531,1336.76658485413,7807.45118134741,3684.56873081912,4418.00273982891,15350.7329679139,11391.0672833281,3834.9830891056,7597.03938809336,8412.36433458211,2441.42024827202,5215.53402259875,12302.6194005916,4709.02621344008,1454.99872585141,5622.66912377827,2836.2034019146,5857.26989366278,2713.42977499144,Bromodomain containing 4,O60885,608749.0,gene,23476.0,BRD4,ENSG00000141867,bacteria
sp|O60885|BRD4_HUMAN,sp,O60885,BRD4,HUMAN,0283361|tr|A0A415ZNT4|A0A415ZNT4_9BACT,283361,tr,A0A415ZNT4,A0A415ZNT4,ERLRQE,1253,1258,ERLRQE,160,165,AKEQRERLRQEHPDDA,6,,,,,,very_weak,,,,,,,,,,,,,,,,,,,,,,,,,,,,,,,,,,,,,,,,,,,,,,,,,,,,,,,,,,,,,,,,,,,,,,,,,,,,,,very_weak,68.74000000000001,13.14,72.305,60.63,80.82,74.205,57.765,88.435,72.905,95.0,62.645,78.35499999999999,72.975,78.265,65.1,69.225,75.99,75.11,71.275,62.135000000000005,70.165,55.5,82.775,72.08500000000001,63.120000000000005,13872.0951440371,932.362030037913,13430.3533659679,12688.0345380491,14020.7273586508,22390.6541876294,11634.836947766,18038.6842494741,13472.5604479264,26638.7256393402,21514.5507639738,16299.1932825493,8997.40921102311,14066.4638440332,15787.6774594287,7150.16475766532,13444.7471047006,18445.4576039339,15770.263515049,7894.60527706644,10691.596244787,8464.31441738501,13486.9994213372,9618.45724899393,Bromodomain containing 4,O60885,608749.0,gene,23476.0,BRD4,ENSG00000141867,bacteria
sp|O60885|BRD4_HUMAN,sp,O60885,BRD4,HUMAN,0283361|tr|A0A416A9V0|A0A416A9V0_9BACT,283361,tr,A0A416A9V0,A0A416A9V0,PKTPVA,1184,1189,PKTPVA,212,217,ARALNPKTPVARGMAE,6,,,,,,,,,very_weak,,,,,,,,,,,,very_weak,,,,,,very_weak,,,,,,,,,,,weak,very_weak,,,,,,,,,,,,,,,,,,,,,,,,,,,,,,,,,very_weak,,,,,,,,,very_weak,,weak,very_weak,93.83,29.18,13.11,64.76,34.495,22.205,13.855,53.205,10.79,30.43,35.175,50.82000000000001,81.47,61.44,42.46,42.03,69.62,59.015,39.245,56.79,65.355,11.06,55.97,78.37,16.67,23252.3144716122,948.109688083913,872.585690004482,11670.0123066671,2231.87200588623,3329.11746685538,1882.17719619292,3063.46438647152,680.739296956447,869.729695437409,7490.92962585102,11543.3018756989,9680.9973681633,11011.161846998,9056.69511462173,727.585752701715,5100.57225964782,14826.2502558527,5326.91627902229,4208.59372660795,9233.70945803326,543.565198735863,2318.31298418058,7487.2022444111,Bromodomain containing 4,O60885,608749.0,gene,23476.0,BRD4,ENSG00000141867,bacteria
sp|O60885|BRD4_HUMAN,sp,O60885,BRD4,HUMAN,0283361|tr|A0A3R6J9N7|A0A3R6J9N7_9BACT,283361,tr,A0A3R6J9N7,A0A3R6J9N7,ELQEQLK,513,519,ELQEQLK,60,66,MKENAELQEQLKPPEFT,7,,,,,,,,,,,,,,,,,,,,,,,,,,,,,,,,,,,,,,,,,,,,,,,,,,,,,,,,,,,,,,,,,,,,,,,,,,,,,,,,,,,,,67.985,36.49,55.585,71.27000000000001,72.295,80.565,43.535,91.05,75.67500000000001,89.09,73.78999999999999,75.195,42.445,70.41499999999999,60.855,80.35499999999999,54.0,70.95,49.635000000000005,79.09,59.215,74.35499999999999,83.66499999999999,62.415,43.905,8435.60646167934,2654.19414909357,8987.97121720262,12108.7552409521,12107.0521781178,21117.8671662486,9940.62710353906,14758.5490191402,11128.8998366742,10442.0242694794,17154.6886419445,8704.67822577491,3202.66494142005,7766.84027170012,9770.44235036963,6156.83461619837,4243.43563013159,11230.0211083457,8298.27787221235,11094.7552505995,4425.4182367947,7845.21803359258,10954.5977855474,7422.59371385291,Bromodomain containing 4,O60885,608749.0,gene,23476.0,BRD4,ENSG00000141867,bacteria
sp|O60885|BRD4_HUMAN,sp,O60885,BRD4,HUMAN,0283361|tr|A0A3R6IFG0|A0A3R6IFG0_9BACT,283361,tr,A0A3R6IFG0,A0A3R6IFG0,KREQER,1330,1335,KREQER,285,290,TPDSLKREQERIENQL,6,,,,,,,,,,,,,,,,,,,,,,,,,,,,,,,,,,,,,,,,,,,,,,,,,,,,,,,,,,,,,,,,,,,,,,,,,,,,,,,,,,,,,71.175,38.29,64.8,59.525000000000006,57.585,74.955,51.75,81.33500000000001,69.325,93.9,39.66,67.725,71.845,54.285,42.16,77.39,79.925,58.015,55.96,63.07,44.155,57.865,65.175,51.355,58.005,11823.7998021263,3444.01543615659,10568.989045445,12933.0849774094,9891.48859140192,23487.9778079363,9822.48605314961,15377.3306280887,11628.2926984093,28033.8784132137,11718.5996792178,10992.9487619001,8715.79888055835,7691.24250558409,8832.94912838403,7403.74464498501,12613.7091136961,11768.1532903401,11457.07265253,9405.83480604744,4533.98432170432,9004.12886716308,11481.3951787543,6629.4827782152,Bromodomain containing 4,O60885,608749.0,gene,23476.0,BRD4,ENSG00000141867,bacteria
sp|O60885|BRD4_HUMAN,sp,O60885,BRD4,HUMAN,0283361|tr|A0A415ZXL3|A0A415ZXL3_9BACT,283361,tr,A0A415ZXL3,A0A415ZXL3,APAPQP,262,267,APAPQP,73,78,TQPTQAPAPQPKKPQP,6,,,,,,,,,,,,,,,,,,,,,,,,,,,,,,,,,,,,,,,,,,,,,,,,,,,,,,,,,,,,,,,,,,,,,,,,,,,,,,,,,,,,,95.0,70.41,83.96,95.0,90.71,75.005,69.495,87.025,95.0,38.285,69.91,95.0,83.28,95.0,95.0,82.64,77.485,95.0,95.0,95.0,95.0,68.835,76.495,95.0,68.03999999999999,37635.1670360235,12858.4370238123,18162.064254597,38123.2854734979,20153.5010988461,23627.912964986,22867.341478552,17949.7096286278,36476.1611404184,2730.0977893561,24772.1990113568,36701.0205229214,14871.0741477773,37889.3022186936,37762.0208394481,9612.21510088057,13943.1202430387,38342.1159595729,38100.6055201528,33076.255641641,35907.9754959338,8407.08683551205,12829.5314711484,33631.6407056024,Bromodomain containing 4,O60885,608749.0,gene,23476.0,BRD4,ENSG00000141867,bacteria
sp|O60885|BRD4_HUMAN,sp,O60885,BRD4,HUMAN,0283361|tr|A0A3R6LQ04|A0A3R6LQ04_9BACT,283361,tr,A0A3R6LQ04,A0A3R6LQ04,LEPQLP,808,813,LEPQLP,197,202,GDIPMLEPQLPRMVSK,6,,,,,weak,very_weak,,,,,,,,,very_weak,,,,,,,,,,,,,,,,,,,,,,,,very_weak,,,,,,,,,,,,,,weak,very_weak,,,,,,,,,very_weak,,,,,,,,,,,,,,,,,,,,weak,very_weak,56.825,4.465,35.565,48.755,17.385,31.905,20.37,29.845,23.81,63.765,29.44,29.15,75.775,24.11,28.43,6.565,65.03,34.845,14.18,39.04,29.355,29.975,30.005,45.655,32.825,6062.96345364,75.4454807394998,1068.28768878604,4638.93551576066,366.602176125397,3534.16018304332,1404.05527607263,629.455420713385,555.317688620679,3176.84975678814,4093.93113544412,2236.34392667195,6912.37146813097,1414.79097475609,2882.70316895048,31.1676376370144,3618.78579652851,3725.33656067295,855.348672702141,1221.34392711753,1728.80256804682,299.563408501447,466.614870134242,1582.19801260846,Bromodomain containing 4,O60885,608749.0,gene,23476.0,BRD4,ENSG00000141867,bacteria
sp|O60885|BRD4_HUMAN,sp,O60885,BRD4,HUMAN,0283361|tr|A0A416A8F6|A0A416A8F6_9BACT,283361,tr,A0A416A8F6,A0A416A8F6,KKGVKR,285,290,KKGVKR,369,374,PLFSGKKGVKRADMTV,6,,,,,,,,,very_weak,,,,,,,,,,,,,,,,,,very_weak,,,,,,,,,,strong,weak,very_weak,,,,,,,,,,,,,,,,,,,,,,,,,,,,,,,,,,,,,,,,,weak,very_weak,strong,weak,very_weak,92.18,54.370000000000005,15.75,59.92,33.004999999999995,26.555,24.57,35.89,14.82,70.775,40.875,39.870000000000005,95.0,74.155,28.355,25.7,84.495,51.135,67.205,49.4,71.38499999999999,36.46,40.78,67.02000000000001,8.195,20965.5588294604,1577.8557480472,1306.12784524249,12388.7766774438,1986.01029518219,5773.27322227612,3647.56066039594,1855.32619006323,1201.42189647126,3444.35082383686,6927.3457294473,7895.88664922595,30802.6243364471,9013.19373616509,5398.28245319919,473.659931980036,8757.95966784667,12819.540849728,6299.69181804164,3957.30810150986,6670.06192352666,1201.52589392048,1948.97059906462,6053.06595307554,Bromodomain containing 4,O60885,608749.0,gene,23476.0,BRD4,ENSG00000141867,bacteria
sp|O60885|BRD4_HUMAN,sp,O60885,BRD4,HUMAN,0283361|tr|A0A3R6KZA0|A0A3R6KZA0_9BACT,283361,tr,A0A3R6KZA0,A0A3R6KZA0,MSAESG,1,6,MSAESG,13,18,LTGAGMSAESGISTFR,6,,,,,,,,,,,,,,,,,,,,,,,,,,,,,,very_weak,,,,,,,,,,,,,,,,,,,,,,,,very_weak,,,,,,,,,,,,,,,,,,,,,,,,,,,,,,very_weak,81.925,59.135000000000005,68.345,63.065,50.015,45.845,60.46,54.13,69.72999999999999,15.27,67.6,81.295,36.375,72.425,73.795,11.555,25.055,79.47,71.965,32.02,81.25,38.35,49.71,62.005,73.43,11919.1065869015,3499.42000381635,5342.50076606382,7291.57227366131,4702.50904809163,8144.74611311565,7728.69808788485,3149.12942886729,4668.0375431754,62.984779697526,14994.0258489735,11133.4764421427,1799.12402674072,11005.0874682779,16510.4109876574,142.401465285872,882.431328787407,14662.0969302457,10121.0010714862,1468.42590874056,9988.82080802538,937.825468298059,1718.73117799207,4624.60271873265,Bromodomain containing 4,O60885,608749.0,gene,23476.0,BRD4,ENSG00000141867,bacteria
sp|O60885|BRD4_HUMAN,sp,O60885,BRD4,HUMAN,0283361|tr|A0A3R6QWS1|A0A3R6QWS1_9BACT,283361,tr,A0A3R6QWS1,A0A3R6QWS1,LFLQKI,156,161,LFLQKI,219,224,KFGDILFLQKIKREDW,6,,,,,weak,very_weak,,weak,very_weak,,,,,,very_weak,,,,,weak,very_weak,,,,,weak,very_weak,,,,,,,,weak,very_weak,,weak,very_weak,,,,,weak,very_weak,strong,weak,very_weak,,,,,,,,,,,weak,very_weak,,weak,very_weak,,,,,weak,very_weak,,,very_weak,,,,,,very_weak,,weak,very_weak,strong,weak,very_weak,28.055,2.47,6.335,31.205,11.335,29.025,3.19,46.175,6.565,83.6,26.64,7.405,62.475,5.195,0.615,27.355,49.405,7.815,2.8150000000000004,28.380000000000003,6.42,16.62,48.86,14.66,2.035,2995.77686680604,90.9944054545464,428.688807536479,3962.40662947467,239.074928593989,4642.50053493348,286.282881713513,1245.34999786195,415.383600325289,6836.65268462953,3354.82667120473,147.059773892755,5230.3964913255,153.800245131621,240.996798095071,216.990470469184,2152.14410478904,285.710414145326,286.053757170893,1019.67989544872,204.841829583495,712.202871790815,1474.22055963953,477.912068278325,Bromodomain containing 4,O60885,608749.0,gene,23476.0,BRD4,ENSG00000141867,bacteria
sp|O60885|BRD4_HUMAN,sp,O60885,BRD4,HUMAN,0283361|tr|A0A3R6N6D0|A0A3R6N6D0_9BACT,283361,tr,A0A3R6N6D0,A0A3R6N6D0,LEKLFL,153,158,LEKLFL,15,20,IDTARLEKLFLEKGTL,6,,,,,weak,very_weak,,,,,,,,,,,,,,,,,,,,,,,,,,,,,,,,,,,,,,,very_weak,,,very_weak,,,,,,,,,,,,,,,very_weak,,,,,,very_weak,,,,,,,,,,,,,,weak,very_weak,36.35,9.345,48.985,52.795,48.13,71.235,41.735,68.89500000000001,67.745,73.48,25.105,20.88,39.345,10.915,16.74,40.615,36.47,24.77,15.85,51.165,14.425,37.835,63.47,41.135000000000005,35.93,3175.57821735355,319.341217852422,2100.45200373932,5383.99138955118,1397.90102713859,12469.3296756755,3732.67971981632,2797.73949333716,4162.98782433962,3347.90082024789,3909.68453778954,639.166523301309,2813.25077467631,325.3609289948,786.209359227254,542.331537264668,1359.32995558398,955.534873285152,894.611575717731,2322.32984129489,386.37875336216,1130.72713918426,2079.24242665138,1444.6611431157,Bromodomain containing 4,O60885,608749.0,gene,23476.0,BRD4,ENSG00000141867,bacteria
sp|O60885|BRD4_HUMAN,sp,O60885,BRD4,HUMAN,0283361|tr|A0A416A5E5|A0A416A5E5_9BACT,283361,tr,A0A416A5E5,A0A416A5E5,EVEENK,556,561,EVEENK,117,122,LIPFSEVEENKPIVNS,6,,,,,,,,,,,,,,,,,weak,very_weak,,,,,,,,,,,,,,,,,,,,,,,,,,,,,,,,,,,,,,,,,,,,,,,,,,,,,,,,,,,,,,,,,weak,very_weak,45.22,69.99000000000001,60.73,44.355,66.475,3.89,45.255,44.7,20.52,46.525,50.17,64.325,49.405,51.565,60.785,58.905,65.35,58.55,69.515,47.5,50.18000000000001,55.095,37.845,36.38,63.81,3112.91535371919,5402.72330347532,7544.36932126028,6331.94622737277,7011.42373501748,739.218583622639,8450.22253209797,3930.51004934281,838.678981977944,2785.175087776,13718.0607497335,6654.85171964309,3325.08563522423,5804.77904206557,8669.71268029717,2676.45713514492,4808.44684045498,8284.55205080013,10072.9325077889,3886.73988527381,3484.98620657488,4128.58310199603,3096.55581939048,2524.01467073766,Bromodomain containing 4,O60885,608749.0,gene,23476.0,BRD4,ENSG00000141867,bacteria
sp|O60885|BRD4_HUMAN,sp,O60885,BRD4,HUMAN,0283361|tr|A0A3R6JBM8|A0A3R6JBM8_9BACT,283361,tr,A0A3R6JBM8,A0A3R6JBM8,AAVAAA,1302,1307,AAVAAA,83,88,LQGKEAAVAAAKRANY,6,,,,,,,,,very_weak,,,,,,,,,,,,very_weak,,,,,,,,weak,very_weak,strong,weak,very_weak,,,,,weak,very_weak,,,,,,,,,,,,,,,,strong,weak,very_weak,,,,,,very_weak,,,,,,,,weak,very_weak,,,very_weak,,,,,,very_weak,strong,weak,very_weak,66.88,31.655,18.865,51.57,43.22,33.445,12.04,26.57,26.03,2.155,1.7899999999999998,57.655,26.015,54.19,27.53,20.105,1.825,59.57000000000001,11.985,41.665,49.055,2.66,15.74,54.455,16.01,14506.8225859121,1506.02968228144,896.753304574102,9075.0380629897,2486.7423531703,6344.29008944968,1526.94965504416,1361.56735751002,1748.25240350305,60.7920078939493,837.228346682525,8379.47956755319,3255.91258207957,7293.93945368634,5208.20315966894,261.521435810018,145.661474994862,10853.3727851695,1349.64288142506,2582.18828062325,5229.83060463614,309.182179874088,546.200487262842,4529.2773230141,Bromodomain containing 4,O60885,608749.0,gene,23476.0,BRD4,ENSG00000141867,bacteria
sp|O60885|BRD4_HUMAN,sp,O60885,BRD4,HUMAN,0283361|tr|A0A416AAN2|A0A416AAN2_9BACT,283361,tr,A0A416AAN2,A0A416AAN2,AAAVAA,1301,1306,AAAVAA,90,95,SNSIAAAAVAAHECGH,6,,,,,,very_weak,,weak,very_weak,,,,,,,,,,,,,,,,,,,strong,weak,very_weak,,weak,very_weak,,,,,,,strong,weak,very_weak,,,,,,,,weak,very_weak,,,very_weak,strong,weak,very_weak,,,,,,,,weak,very_weak,,,,strong,weak,very_weak,,weak,very_weak,,,,,,,strong,weak,very_weak,53.535,13.15,8.29,67.255,41.03,24.16,33.31,31.945,41.98,0.22,7.725,65.02,1.72,55.11,60.010000000000005,19.1,0.41,68.0,44.035,9.795,65.98,1.725,8.305,20.515,31.525,8431.59147623188,800.951724822409,440.514343951499,10336.920146166,2866.09562069301,4586.78001867039,5277.8075843708,1367.0586519872,2435.90562004008,16.4912692622164,1987.7516015892,9599.01591293855,533.519895513167,7775.41662328545,10506.9631252598,155.071841358996,30.594626272052,13468.770957929,5674.06571306116,573.595221375626,6795.20708255394,123.655003893769,287.705065516056,1244.24558617268,Bromodomain containing 4,O60885,608749.0,gene,23476.0,BRD4,ENSG00000141867,bacteria
sp|O60885|BRD4_HUMAN,sp,O60885,BRD4,HUMAN,0283361|tr|A0A416AG08|A0A416AG08_9BACT,283361,tr,A0A416AG08,A0A416AG08,APEKSS,343,348,APEKSS,107,112,SAFDGAPEKSSAEHSF,6,,,,,,,,,,,,,,,,,,,,,,,,,,,,,,very_weak,,,,,,,,,,,,,,,,,,,,,,,,,,,,,,,,,,,,,,,,,,,,,,,,,,,,,,very_weak,89.305,85.10499999999999,63.81,83.69,84.32,69.74,86.16499999999999,69.125,92.25,13.49,82.455,80.19,39.66,84.89500000000001,82.775,69.265,65.305,78.94,88.18,58.345,84.515,37.905,41.86,65.88,62.125,20982.3519110304,15010.2578322407,13403.6422895103,17474.0906299664,17726.7907016521,22772.0366822039,20714.5970321211,9392.1060137369,18589.3110472956,516.413184539186,23046.1792553681,17728.1333521122,4292.84805102395,19617.789402549,23175.2060465909,5672.10150486196,7266.2914853385,21983.5248874119,22913.9036972015,8874.33224647555,15562.2831933312,4045.40743319603,5158.73744757426,11959.410749708,Bromodomain containing 4,O60885,608749.0,gene,23476.0,BRD4,ENSG00000141867,bacteria
sp|O60885|BRD4_HUMAN,sp,O60885,BRD4,HUMAN,0283361|tr|A0A416AGI0|A0A416AGI0_9BACT,283361,tr,A0A416AGI0,A0A416AGI0,ALTQTP,893,898,ALTQTP,478,483,FSWIFALTQTPFFIQE,6,,,,,,,,,,,weak,very_weak,,,,,,very_weak,,,,,weak,very_weak,,,,,,,,,,,weak,very_weak,,,,,,,,weak,very_weak,,,very_weak,,,very_weak,,,,,,,,weak,very_weak,strong,weak,very_weak,,weak,very_weak,,weak,very_weak,,,,,weak,very_weak,,weak,very_weak,,,,strong,weak,very_weak,20.82,40.335,30.03,7.47,26.53,19.02,28.25,2.835,27.025,45.565,39.52,5.66,20.855,9.635,17.04,23.785000000000004,59.940000000000005,5.37,0.5700000000000001,9.725,8.5,48.87,5.59,7.29,37.28,769.512099641104,377.825327943616,645.085890419353,253.766773202752,188.830869880314,728.601990576452,1387.27848241166,25.6162916269511,178.052546258393,1437.86211448931,2369.206417633,112.637519834474,1493.17925373406,129.398300855871,645.651492821709,50.432915103257,1750.63740748944,137.877287762236,47.941188382538,89.8662830602535,141.877036803781,841.250950388735,70.7254436362568,62.2234335710117,Bromodomain containing 4,O60885,608749.0,gene,23476.0,BRD4,ENSG00000141867,bacteria
sp|O60885|BRD4_HUMAN,sp,O60885,BRD4,HUMAN,0283361|tr|A0A3R6IEV8|A0A3R6IEV8_9BACT,283361,tr,A0A3R6IEV8,A0A3R6IEV8,KDKKEK,541,546,KDKKEK,13,18,IGILNKDKKEKDQVSI,6,,,,,,,,,,,,very_weak,,,,,,,strong,weak,very_weak,,,,,,,,,,,,,,,,,,,,,,,,,,,,,,,,,,,,,,,,,,,,,,,,,,,,,,,,,,,,,strong,weak,very_weak,80.25,37.485,45.655,19.39,63.6,45.075,1.77,87.00999999999999,31.06,95.0,83.63,95.0,95.0,70.95,49.65,85.63499999999999,95.0,73.305,48.88,56.565,70.22,64.66,87.17,57.64,27.695,22756.2732838099,3435.93874556132,7217.78851827779,3835.31505280647,10443.4931178157,13643.7526949291,295.593536474403,17498.6864760393,4327.91917860688,26334.9523402785,25270.3155587848,32606.5088315905,29759.8609566754,18221.3100387168,14702.6061505803,9025.29442578484,30556.3223953795,23398.6925214284,10435.1347396631,8120.10863485125,15035.126783162,12177.9968647915,16812.3591478623,9704.69898617131,Bromodomain containing 4,O60885,608749.0,gene,23476.0,BRD4,ENSG00000141867,bacteria
