human_id,database,protein,gene,species,pathogen_id,pathogen_species,database_pathogen,pathogen_protein,pathogen_gene,human_seq,human_start,human_end,pathogen_seq,pathogen_start,pathogen_end,extended_pathogen_seq,pathogen_length,binding_rank_strong_HLA_DQA10101_DQB10501,binding_rank_weak_HLA_DQA10101_DQB10501,binding_rank_very_weak_HLA_DQA10101_DQB10501,binding_rank_strong_DRB4_0101,binding_rank_weak_DRB4_0101,binding_rank_very_weak_DRB4_0101,binding_rank_strong_DRB1_0802,binding_rank_weak_DRB1_0802,binding_rank_very_weak_DRB1_0802,binding_rank_strong_DRB3_0101,binding_rank_weak_DRB3_0101,binding_rank_very_weak_DRB3_0101,binding_rank_strong_DRB1_1501,binding_rank_weak_DRB1_1501,binding_rank_very_weak_DRB1_1501,binding_rank_strong_DRB3_0202,binding_rank_weak_DRB3_0202,binding_rank_very_weak_DRB3_0202,binding_rank_strong_DRB1_0301,binding_rank_weak_DRB1_0301,binding_rank_very_weak_DRB1_0301,binding_rank_strong_DRB1_0701,binding_rank_weak_DRB1_0701,binding_rank_very_weak_DRB1_0701,binding_rank_strong_DRB1_1302,binding_rank_weak_DRB1_1302,binding_rank_very_weak_DRB1_1302,binding_rank_strong_HLA_DQA10501_DQB10301,binding_rank_weak_HLA_DQA10501_DQB10301,binding_rank_very_weak_HLA_DQA10501_DQB10301,binding_rank_strong_HLA_DPA10201_DPB11401,binding_rank_weak_HLA_DPA10201_DPB11401,binding_rank_very_weak_HLA_DPA10201_DPB11401,binding_rank_strong_HLA_DPA10103_DPB10201,binding_rank_weak_HLA_DPA10103_DPB10201,binding_rank_very_weak_HLA_DPA10103_DPB10201,binding_rank_strong_DRB5_0101,binding_rank_weak_DRB5_0101,binding_rank_very_weak_DRB5_0101,binding_rank_strong_HLA_DQA10301_DQB10302,binding_rank_weak_HLA_DQA10301_DQB10302,binding_rank_very_weak_HLA_DQA10301_DQB10302,binding_rank_strong_HLA_DPA10301_DPB10402,binding_rank_weak_HLA_DPA10301_DPB10402,binding_rank_very_weak_HLA_DPA10301_DPB10402,binding_rank_strong_HLA_DPA10201_DPB10501,binding_rank_weak_HLA_DPA10201_DPB10501,binding_rank_very_weak_HLA_DPA10201_DPB10501,binding_rank_strong_HLA_DQA10501_DQB10201,binding_rank_weak_HLA_DQA10501_DQB10201,binding_rank_very_weak_HLA_DQA10501_DQB10201,binding_rank_strong_DRB1_0101,binding_rank_weak_DRB1_0101,binding_rank_very_weak_DRB1_0101,binding_rank_strong_HLA_DQA10102_DQB10602,binding_rank_weak_HLA_DQA10102_DQB10602,binding_rank_very_weak_HLA_DQA10102_DQB10602,binding_rank_strong_HLA_DPA10103_DPB10401,binding_rank_weak_HLA_DPA10103_DPB10401,binding_rank_very_weak_HLA_DPA10103_DPB10401,binding_rank_strong_DRB1_1201,binding_rank_weak_DRB1_1201,binding_rank_very_weak_DRB1_1201,binding_rank_strong_DRB1_0401,binding_rank_weak_DRB1_0401,binding_rank_very_weak_DRB1_0401,binding_rank_strong_HLA_DPA10201_DPB10101,binding_rank_weak_HLA_DPA10201_DPB10101,binding_rank_very_weak_HLA_DPA10201_DPB10101,binding_rank_strong_HLA_DQA10401_DQB10402,binding_rank_weak_HLA_DQA10401_DQB10402,binding_rank_very_weak_HLA_DQA10401_DQB10402,binding_rank_strong_DRB1_0901,binding_rank_weak_DRB1_0901,binding_rank_very_weak_DRB1_0901,binding_rank_strong_DRB1_0405,binding_rank_weak_DRB1_0405,binding_rank_very_weak_DRB1_0405,binding_rank_strong_DRB1_1101,binding_rank_weak_DRB1_1101,binding_rank_very_weak_DRB1_1101,binding_rank_strong,binding_rank_weak,binding_rank_very_weak,Rank_average_HLA_DQA10101_DQB10501,Rank_average_DRB4_0101,Rank_average_DRB1_0802,Rank_average_DRB3_0101,Rank_average_DRB1_1501,Rank_average_DRB3_0202,Rank_average_DRB1_0301,Rank_average_DRB1_0701,Rank_average_DRB1_1302,Rank_average_HLA_DQA10501_DQB10301,Rank_average_HLA_DPA10201_DPB11401,Rank_average_HLA_DPA10103_DPB10201,Rank_average_HLA_DQA10301_DQB10302,Rank_average_HLA_DPA10301_DPB10402,Rank_average_HLA_DPA10201_DPB10501,Rank_average_DRB1_0101,Rank_average_HLA_DQA10102_DQB10602,Rank_average_HLA_DPA10103_DPB10401,Rank_average_DRB1_1201,Rank_average_DRB1_0401,Rank_average_HLA_DPA10201_DPB10101,Rank_average_HLA_DQA10401_DQB10402,Rank_average_DRB1_0901,Rank_average_DRB1_0405,Rank_average_DRB1_1101,nM_HLA_DQA10101_DQB10501,nM_DRB4_0101,nM_DRB1_0802,nM_DRB3_0101,nM_DRB1_1501,nM_DRB3_0202,nM_DRB1_0301,nM_DRB1_0701,nM_DRB1_1302,nM_HLA_DQA10501_DQB10301,nM_HLA_DPA10201_DPB11401,nM_HLA_DPA10103_DPB10201,nM_HLA_DQA10301_DQB10302,nM_HLA_DPA10301_DPB10402,nM_HLA_DPA10201_DPB10501,nM_DRB1_0101,nM_HLA_DQA10102_DQB10602,nM_HLA_DPA10103_DPB10401,nM_DRB1_1201,nM_DRB1_0401,nM_HLA_DPA10201_DPB10101,nM_HLA_DQA10401_DQB10402,nM_DRB1_0901,nM_DRB1_0405,Gene description,Uniprot,# MIM Number,MIM Entry Type,Entrez Gene ID,HGNC,Ensembl Gene ID,type
sp|P14902|I23O1_HUMAN,sp,P14902,I23O1,HUMAN,0102041|tr|E9RH48|E9RH48_9BETA,102041,tr,E9RH48,E9RH48,LSDGLV,243,248,LSDGLV,119,124,PLSSYLSDGLVRDVIG,6,,,very_weak,,,,,,,strong,weak,very_weak,,,very_weak,,,very_weak,,weak,very_weak,,,,,,,,weak,very_weak,,,,,,,,,,,,very_weak,,,very_weak,,,,,weak,very_weak,,,,,,,,,very_weak,,,,,weak,very_weak,,,very_weak,,,,,,,,weak,very_weak,,,,strong,weak,very_weak,10.04,34.54,46.77500000000001,1.85,10.755,13.15,9.845,37.87000000000001,38.77,6.835,37.17,30.67,11.81,15.62,33.745000000000005,43.86,26.155,12.395,48.945,8.775,14.8,24.145,36.465,4.945,36.975,721.7366420362849,976.987097267775,2498.98772870169,62.653771125636304,206.365664674504,1499.99638902738,410.21604008245794,877.641874749644,1078.43785340069,235.24140984711,6215.06380731875,1053.38944025116,1390.885574681,630.4573708162239,2481.3938191154502,305.484514591686,993.058595761191,970.20317493425,2711.8742094987697,195.754234769646,652.915373341992,534.386483591731,721.1121898968961,128.266430777608,"Indoleamine 2,3-dioxygenase 1",P14902,147435.0,gene,3620.0,IDO1,ENSG00000131203,virus
sp|P14902|I23O1_HUMAN,sp,P14902,I23O1,HUMAN,0102041|tr|B7TPX7|B7TPX7_9BETA,102041,tr,B7TPX7,B7TPX7,LLEIAS,200,205,LLEIAS,394,399,RSVSGLLEIASSGRVV,6,,,,,,,,,,,,,,weak,very_weak,,,,,,very_weak,strong,weak,very_weak,,,very_weak,,,,,,,,,,,weak,very_weak,,,,,,,,,,,,,,weak,very_weak,,,very_weak,,,,,,very_weak,,,,,,,,,,strong,weak,very_weak,,,,,,,strong,weak,very_weak,52.765,34.725,26.715000000000003,26.47,8.68,20.11,17.045,1.755,11.94,28.655,40.290000000000006,54.11,34.025,44.38,40.135,7.75,12.125,54.265,14.185,20.92,47.95,36.195,1.42,21.985,31.455,4877.71989806035,643.775043054612,584.047414223978,2599.90605088583,161.786957645228,1591.38325367686,1389.45664720302,30.11284324916669,81.4361730158416,335.009650215584,2521.39434104388,2472.4962300149,2658.76420796733,1665.90958412068,3173.6203551717,27.686257982812705,271.33591654051,4049.78684313074,757.0830152259323,441.9274207316031,1717.41134839672,358.35857719589995,36.8932344275506,527.276165086397,"Indoleamine 2,3-dioxygenase 1",P14902,147435.0,gene,3620.0,IDO1,ENSG00000131203,virus
sp|P14902|I23O1_HUMAN,sp,P14902,I23O1,HUMAN,0151521|tr|A4ZKK8|A4ZKK8_9ADEN,151521,tr,A4ZKK8,A4ZKK8,FALPNP,23,28,FALPNP,354,359,FNDVTFALPNPLSKKR,6,,,very_weak,,weak,very_weak,,,very_weak,,,very_weak,,weak,very_weak,,weak,very_weak,,,very_weak,strong,weak,very_weak,,weak,very_weak,,weak,very_weak,strong,weak,very_weak,,,very_weak,,weak,very_weak,,weak,very_weak,,,very_weak,,,very_weak,,weak,very_weak,,weak,very_weak,,,very_weak,,,very_weak,,,very_weak,,weak,very_weak,,,very_weak,,weak,very_weak,strong,weak,very_weak,,,very_weak,,,very_weak,strong,weak,very_weak,10.935,9.855,17.39,19.00500000000001,5.7,6.025,19.43,1.705,7.7650000000000015,2.385,1.62,11.645,8.1,14.54,14.095,2.055,10.055,13.085,11.365,6.545,12.535,4.195,0.665,10.76,19.575000000000006,1481.81666391748,336.699396889719,560.7941481352179,2174.12084810445,132.720576759234,560.018024150303,1696.6149443776,40.3579768261579,74.20200019032579,113.752026367386,594.786593547781,450.833158053279,1385.0887457596,724.075323049598,1918.52863797831,13.0153159724662,399.186579926247,1102.84021249539,892.368748110728,201.559412560708,743.944555294944,219.695409291828,33.0690218312134,311.876770744968,"Indoleamine 2,3-dioxygenase 1",P14902,147435.0,gene,3620.0,IDO1,ENSG00000131203,virus
sp|P14902|I23O1_HUMAN,sp,P14902,I23O1,HUMAN,0001259|tr|Q1G9A8|Q1G9A8_LACDA,1259,tr,Q1G9A8,Q1G9A8,LEKALQ,207,212,LEKALQ,121,126,TELPDLEKALQKAIKN,6,,,,,,,,,,,,,,,,,,,,,,,,,,,,,,,,,very_weak,,,,,,very_weak,,,,,,,,,,,,,,,,,,,,,,,,,,,,,,,,,,,weak,very_weak,,,,,,,,weak,very_weak,85.52000000000001,35.305,35.14,57.88,36.86,53.51,42.29,20.765,40.135000000000005,75.46000000000001,16.365000000000002,45.795,87.86,46.66,26.845,33.885000000000005,51.14,49.85,21.045,62.38,42.56,29.715,7.425,72.39,25.875,16251.29560322,1146.90531047901,2181.07136879406,7141.89168540545,2480.96428620079,9683.09251974777,4579.54005895851,892.880622159473,2854.18140306524,6081.16188901543,3597.35371492584,5695.34720137014,10959.5770222285,4407.45116013899,3419.32415496762,490.527226005124,4659.50963719129,8018.22320243482,2543.06616113767,4254.2849516455,3350.32867763675,1846.51452563237,313.358282089995,5271.98611709307,"Indoleamine 2,3-dioxygenase 1",P14902,147435.0,gene,3620.0,IDO1,ENSG00000131203,bacteria
sp|P14902|I23O1_HUMAN,sp,P14902,I23O1,HUMAN,0001259|tr|Q1GAF1|Q1GAF1_LACDA,1259,tr,Q1GAF1,Q1GAF1,EKSLLK,396,401,EKSLLK,46,51,QNDRLEKSLLKLGLAE,6,,,,,,very_weak,,,,,,,,,,,,,,,,,,,,,,,,,,,very_weak,,,very_weak,,,very_weak,,,,,,very_weak,,weak,very_weak,,,,,,,,,very_weak,,,,,,,,,,,,,,,,,,,,,,,,,,weak,very_weak,72.72,18.445,27.445,71.765,44.11,57.77,44.63,46.695,42.915,67.13,18.47,17.799999999999997,86.165,18.705,7.654999999999999,43.295,13.445,32.59,30.37,52.28,25.795,29.825,36.9,61.14,26.575,9609.19951496072,396.831004116057,1026.11009004762,7443.42338788881,865.96434649117,6687.04312190375,2545.32342612312,1093.63119965143,1654.27038180482,4828.04858528171,2190.8157395924,794.03156465605,9694.09950694283,641.529112323251,706.225220504218,234.819275911381,841.997657786013,1891.38413929537,1188.51856750749,1579.97410289796,827.609418003525,758.616370879712,871.56663768053,1962.72574068074,"Indoleamine 2,3-dioxygenase 1",P14902,147435.0,gene,3620.0,IDO1,ENSG00000131203,bacteria
sp|P14902|I23O1_HUMAN,sp,P14902,I23O1,HUMAN,0001259|tr|Q1GBX3|Q1GBX3_LACDA,1259,tr,Q1GBX3,Q1GBX3,VLRIYL,229,234,VLRIYL,63,68,KIIRFVLRIYLEFFRI,6,,,,,,,,,,,,,,,very_weak,,,,,,,,,,,,,,,,,,,,weak,very_weak,,,,,,,,,,,,very_weak,,,,,,,,,,,weak,very_weak,,,very_weak,,,,,,very_weak,,,,,,,,,,,,,,weak,very_weak,21.9,40.7,39.195,48.74,12.13,61.905,30.81,55.86,37.33,87.495,23.17,8.4,48.375,23.545,17.005,52.0,68.19,9.905,15.46,56.900000000000006,16.24,46.055,65.625,43.14,26.41,558.94655951753,215.248398450795,841.023427442852,2315.02935596754,67.5176159604333,5524.85390124111,1730.11243225348,831.441857232707,777.714943029357,6847.68326256886,1319.75100222837,65.0282812106835,4029.72433412114,97.2416390901849,245.989075728548,264.941966157166,2328.79649113423,88.6705606476015,259.629647127919,1363.88222462939,117.811721929778,940.182544176502,1538.00919246672,398.082417587563,"Indoleamine 2,3-dioxygenase 1",P14902,147435.0,gene,3620.0,IDO1,ENSG00000131203,bacteria
sp|P14902|I23O1_HUMAN,sp,P14902,I23O1,HUMAN,0001259|tr|Q1GAL9|Q1GAL9_LACDA,1259,tr,Q1GAL9,Q1GAL9,ASAIKV,175,180,ASAIKV,36,41,GLSRVASAIKVEKAKW,6,,,,,,very_weak,,weak,very_weak,,,,,,,,,,,weak,very_weak,,weak,very_weak,,,very_weak,,weak,very_weak,strong,weak,very_weak,,,,,weak,very_weak,,,very_weak,,,,,weak,very_weak,,,,,,very_weak,strong,weak,very_weak,,,,,,,,,,,,,strong,weak,very_weak,,,very_weak,,,,,weak,very_weak,strong,weak,very_weak,47.065,14.204999999999998,9.615,57.24,29.43,24.965,8.61,9.935,11.075,7.915,0.725,47.275,14.04,32.96,8.0,13.84,0.425,44.895,21.515,22.18,24.55,1.215,13.615,29.89,8.335,6964.0192074851,422.806407363539,347.728726568682,5680.39262757828,431.803099876916,2379.84281742363,850.844289553789,98.1167191640285,378.189333955945,166.491121915851,446.314615690993,3170.11982455284,1541.15754405092,1972.39072013835,1044.96639612999,38.1859459048787,60.9342493496016,4481.89330974207,1232.54818921895,639.256432945273,1469.72930636276,112.813151290792,123.373024829405,892.755040976863,"Indoleamine 2,3-dioxygenase 1",P14902,147435.0,gene,3620.0,IDO1,ENSG00000131203,bacteria
sp|P14902|I23O1_HUMAN,sp,P14902,I23O1,HUMAN,0001259|tr|Q1G847|Q1G847_LACDA,1259,tr,Q1G847,Q1G847,FLKTVR,387,392,FLKTVR,173,178,KKTGKFLKTVRLPGRQ,6,,,,,weak,very_weak,strong,weak,very_weak,,,,,weak,very_weak,,,very_weak,,,very_weak,,weak,very_weak,,weak,very_weak,,,,,,very_weak,,,very_weak,,weak,very_weak,,,,,,very_weak,,weak,very_weak,,,,,weak,very_weak,,,,,,very_weak,,weak,very_weak,,,very_weak,,,very_weak,,weak,very_weak,,,very_weak,,,very_weak,strong,weak,very_weak,strong,weak,very_weak,45.24,9.94,0.275,32.17,5.8100000000000005,13.065,10.44,8.785,5.83,45.895,11.56,16.425,69.605,15.245,4.074999999999999,3.16,34.465,17.755,3.22,12.695,15.315,3.605,18.645,13.555,0.07,9182.9967257508,178.979666426101,82.9892343806582,4257.0937340669,94.3388234560434,1635.14059757352,1016.51841873674,152.146776896885,340.75277342052,2501.77424590794,1559.15406500085,883.271927504864,10322.1673833962,709.288324265614,731.999712564397,14.4701065547147,1876.70704549909,1672.86359528203,313.690724088643,317.329742066114,778.278932547638,246.207419449183,327.784862044354,336.335292619329,"Indoleamine 2,3-dioxygenase 1",P14902,147435.0,gene,3620.0,IDO1,ENSG00000131203,bacteria
sp|P14902|I23O1_HUMAN,sp,P14902,I23O1,HUMAN,0001259|tr|Q1G853|Q1G853_LACDA,1259,tr,Q1G853,Q1G853,ALLEIA,199,204,ALLEIA,182,187,HVIHHALLEIAAEVGI,6,,,very_weak,,weak,very_weak,,,,,,,,,,,,,,,,,,,,,,,weak,very_weak,,,very_weak,,weak,very_weak,,,,,weak,very_weak,,weak,very_weak,,,very_weak,,weak,very_weak,,,very_weak,strong,weak,very_weak,,weak,very_weak,,,,,,,,,very_weak,,,very_weak,,,very_weak,,,,,,,strong,weak,very_weak,12.41,4.745,29.46,48.7,29.745,42.89,42.385000000000005,29.075,35.935,3.31,12.965,5.09,8.055,5.3950000000000005,14.48,19.395,0.845,8.96,22.950000000000003,30.29,12.170000000000002,16.115000000000002,13.12,25.24,33.395,685.833053757613,98.5913375189022,621.799606485343,3210.15855347558,382.212484788557,3745.9095828906,2602.66429285119,285.586787966029,515.05163840551,125.92326189963,1338.87992726274,106.60891310508,622.587249788425,120.275628027595,843.319677608168,64.6305659839288,41.3020003009186,323.777126160262,717.081916633903,599.795043728372,243.694940526959,301.12649421485,153.175820355004,436.495757348004,"Indoleamine 2,3-dioxygenase 1",P14902,147435.0,gene,3620.0,IDO1,ENSG00000131203,bacteria
sp|P14902|I23O1_HUMAN,sp,P14902,I23O1,HUMAN,0001259|tr|Q1G968|Q1G968_LACDA,1259,tr,Q1G968,Q1G968,KGDAGL,323,328,KGDAGL,248,253,VIGGPKGDAGLTGRKI,6,,,,,,,,,,,,,,,,,,,,,,,,,,,,,,,,,,,,,,,,,,,,,,,,,,,,,,,,,,,,,,,,,,,,,,,,,,,,,,,,,,,,,85.265,70.25,81.05000000000001,41.945,72.92500000000001,66.84,48.885000000000005,58.165,76.25999999999999,43.215,80.54499999999999,90.625,75.95,90.42,83.005,40.94,78.685,88.67,70.16,55.30500000000001,90.005,49.88,71.55,76.49000000000001,79.97,22561.1254557788,8568.15918651115,10490.1515036099,8270.66995710676,7048.16101533719,18184.4801602175,9059.04721439401,3693.46963092711,8692.44308309444,2763.92103534655,22004.9424315753,17041.4706280204,11623.0096458403,18649.1434011947,20487.2439994113,669.961491949975,8959.91048152185,20409.8071124879,9321.74464434311,6106.41435902463,16040.7891834897,2954.957023161,3773.2857648567,11773.3749296288,"Indoleamine 2,3-dioxygenase 1",P14902,147435.0,gene,3620.0,IDO1,ENSG00000131203,bacteria
sp|P14902|I23O1_HUMAN,sp,P14902,I23O1,HUMAN,0001259|tr|Q1G9P4|Q1G9P4_LACDA,1259,tr,Q1G9P4,Q1G9P4,FHQIHD,214,219,FHQIHD,1052,1057,TTHFDFHQIHDNLLKF,6,strong,weak,very_weak,,,very_weak,,,very_weak,,weak,very_weak,,weak,very_weak,,weak,very_weak,,,,strong,weak,very_weak,,weak,very_weak,,,,,,very_weak,,weak,very_weak,,weak,very_weak,,,very_weak,,weak,very_weak,,,very_weak,,weak,very_weak,,weak,very_weak,,,,,weak,very_weak,,,very_weak,strong,weak,very_weak,,weak,very_weak,strong,weak,very_weak,,weak,very_weak,strong,weak,very_weak,,,very_weak,strong,weak,very_weak,1.065,15.985,18.64,3.95,6.64,7.26,23.59,1.185,9.085,37.755,15.84,5.55,10.525,5.395,11.54,2.24,33.97,7.56,15.335,1.965,5.449999999999999,0.485,4.13,1.47,17.58,276.965662633761,392.560525114273,1094.28219992417,131.384678708632,245.555625858821,978.934058883843,792.898329694435,50.591408787166,200.502311848836,3399.5882952482,3613.66019561978,309.771510565499,1546.15143749746,290.960769903737,1204.08967331671,22.6829656940519,1912.82865717008,567.821702628337,1055.69424093287,100.793854874071,269.343988059397,235.733158267459,156.440252221848,77.8654548173656,"Indoleamine 2,3-dioxygenase 1",P14902,147435.0,gene,3620.0,IDO1,ENSG00000131203,bacteria
sp|P14902|I23O1_HUMAN,sp,P14902,I23O1,HUMAN,0001259|tr|Q1G9T5|Q1G9T5_LACDA,1259,tr,Q1G9T5,Q1G9T5,QLSDGL,242,247,QLSDGL,137,142,IADTDQLSDGLLLGFS,6,,,,,,,,,,,,,,,,,,,,,,,,,,,,,,,,,,,,,,,,,,,,,,,,,,,,,,,,,,,,,,,,,,,,,,,,,,,,,,,,,,,,,43.815,58.825,77.1,26.325000000000003,60.33,51.67,29.175,21.92,51.425,44.645,57.53,45.755,37.92,40.9,45.095,32.84,35.495000000000005,45.39,56.745,51.485,36.43,60.405,36.735,60.295,73.515,2935.64538371001,2499.04180627312,5911.32261047691,1829.27383034528,2337.65747500824,8083.90432470848,2463.4439607098,437.84382914693,1042.15491519531,1593.0887899463,7075.59142951301,1438.73359003928,2001.30400838776,1147.05423128061,4188.01636521815,305.259838573172,1323.52615647132,2160.47318340787,3860.67032756506,2486.23119169598,1149.30280025381,2461.52562596335,704.851142933011,2837.18555887562,"Indoleamine 2,3-dioxygenase 1",P14902,147435.0,gene,3620.0,IDO1,ENSG00000131203,bacteria
sp|P14902|I23O1_HUMAN,sp,P14902,I23O1,HUMAN,0001259|tr|Q1GA32|Q1GA32_LACDA,1259,tr,Q1GA32,Q1GA32,EIASCL,202,207,EIASCL,933,938,VILDKEIASCLNRSQV,6,,,,,,,,,,,,,,,,,,,,,,,,,,,,,,,,,,,,,,,,,,,,,,,,,,,,,,,,,very_weak,,,,,,,,,very_weak,,,,,,very_weak,,,,,,,,,,,,very_weak,54.23,28.035000000000004,22.93,54.48,33.165,50.66,44.625,53.365,52.49,32.375,33.29,52.0,48.11,49.005,39.305,30.98,10.54,58.885,37.925,18.745,48.05500000000001,17.72,54.94,24.745,27.625,5470.30879414985,822.031704510763,910.125277988578,2947.35748097884,1174.15201717568,4157.72117379102,1280.9224674509,1016.02360653001,1018.30173881939,790.944731978013,3966.52451440087,1969.53312092664,3732.51817624417,1628.60769521126,2877.2811779926,87.4812822142512,356.834148839447,4197.72466976693,2485.15540569778,564.929265932571,1777.85744782932,468.704636266671,1020.23168020947,801.281105093384,"Indoleamine 2,3-dioxygenase 1",P14902,147435.0,gene,3620.0,IDO1,ENSG00000131203,bacteria
sp|P14902|I23O1_HUMAN,sp,P14902,I23O1,HUMAN,0001259|sp|Q1G9E8|PEPX_LACDA,1259,sp,Q1G9E8,PEPX,PSKLEA,371,376,PSKLEA,729,734,QDMKQPSKLEAGQFVD,6,,,,,,,,,,,,,,,,,,,,,,,,,,,,,,,,,,,,,,,,,,,,,,,,,,,,,,,,,,,,,,,,,,,,,,,,,,,,,,,,,,,,,77.255,54.85,57.55499999999999,53.815,73.225,70.74,62.895,60.415,66.88,52.525000000000006,35.405,67.18,55.55,70.005,52.885000000000005,34.4,22.845,66.755,33.980000000000004,71.285,55.405,43.51,58.93,76.935,50.955,14905.2244654111,3296.99920366332,5732.56496001538,6373.11714089689,5504.38815167819,15996.9391095882,10571.2763752834,3215.05967280794,5828.06399572741,3113.4879842984,9325.88078931609,8809.37471740958,5967.5526640596,7433.60445460455,9674.2959290037,511.270546536566,1736.13181728128,10833.0762088001,3108.33809890054,5475.34204819503,4721.2702525901,2732.37324415498,2518.06826357551,5705.83264865732,"Indoleamine 2,3-dioxygenase 1",P14902,147435.0,gene,3620.0,IDO1,ENSG00000131203,bacteria
sp|P14902|I23O1_HUMAN,sp,P14902,I23O1,HUMAN,0644875|tr|A0A934UDX5|A0A934UDX5_9STRE,644875,tr,A0A934UDX5,A0A934UDX5,WKKKDP,134,139,WKKKDP,262,267,EEVNEWKKKDPLLKYR,6,,,,,,,,,very_weak,,,,,,,,,,,,,,,,,,,,,,,,,,,,strong,weak,very_weak,,,,,,,,,very_weak,,,,,,,,,,,,,,,,,,,,,,,,,,,,,,,,weak,very_weak,strong,weak,very_weak,79.215,44.99,13.63,29.07,55.725,29.285,23.02,53.91,21.44,92.94,36.155,41.365,95.0,49.400000000000006,18.505,37.295,95.0,47.92,57.370000000000005,47.58,42.455,21.565,60.085,64.21000000000001,9.825,16585.6100963952,1450.18940605098,998.28345955663,1980.68836716949,3094.8140989418,5301.84613960306,1519.56604164054,3276.09017947626,1581.41073308495,11404.2625440382,8155.41614215855,5196.38275691471,32191.1151863964,4344.10472716203,2690.68456621091,761.791307743814,35735.887927565,6668.54655527636,6013.76739313307,2957.89990976592,3097.92979006599,1988.63358549974,3187.21283844194,4588.61662015598,"Indoleamine 2,3-dioxygenase 1",P14902,147435.0,gene,3620.0,IDO1,ENSG00000131203,bacteria
sp|P14902|I23O1_HUMAN,sp,P14902,I23O1,HUMAN,0644875|tr|A0A934UDC6|A0A934UDC6_9STRE,644875,tr,A0A934UDC6,A0A934UDC6,LEKALQ,207,212,LEKALQ,70,75,RGGLKLEKALQVFNLS,6,,,very_weak,,weak,very_weak,,,very_weak,,weak,very_weak,strong,weak,very_weak,,weak,very_weak,,weak,very_weak,,weak,very_weak,strong,weak,very_weak,,,,,weak,very_weak,,weak,very_weak,,weak,very_weak,,,,strong,weak,very_weak,strong,weak,very_weak,,,,strong,weak,very_weak,,,,,weak,very_weak,strong,weak,very_weak,,weak,very_weak,,weak,very_weak,,,,,weak,very_weak,,weak,very_weak,,weak,very_weak,strong,weak,very_weak,10.635000000000002,2.635,10.495,3.305,1.135,2.255,2.7350000000000003,2.45,1.645,49.48,2.98,4.82,38.785,1.66,1.69,0.215,44.155,4.075,0.7350000000000001,5.215000000000001,2.465,25.25,8.185,9.355,8.265,1257.1280831213,52.3731599703916,269.332331342713,242.524417979642,32.7223550097994,198.443357867788,119.507687569108,44.3343087165464,24.2470879685574,2494.28745674346,477.772474298701,137.218000912696,3272.44121647759,97.671858239979,295.881519755258,5.20441684743,955.814058300629,247.947746612402,96.1223484137209,101.46239880871,141.178765187774,361.376165521098,114.533778880688,162.163753023246,"Indoleamine 2,3-dioxygenase 1",P14902,147435.0,gene,3620.0,IDO1,ENSG00000131203,bacteria
sp|P14902|I23O1_HUMAN,sp,P14902,I23O1,HUMAN,0644875|tr|A0A934PAP6|A0A934PAP6_9STRE,644875,tr,A0A934PAP6,A0A934PAP6,KTSEDP,366,371,KTSEDP,1064,1069,AVVTAKTSEDPLMNAI,6,,,,,,,,,,,,,,,,,,,,,,,,,,,,,,,,weak,very_weak,,,,,,,,weak,very_weak,,,,,,,,,very_weak,,,,,,,,,,,,,,,,,,,,,,,,,,,very_weak,,,,,weak,very_weak,42.595,55.53,62.625,42.5,76.515,63.4,48.12,58.59,77.195,24.735,9.71,52.44,7.845000000000001,53.5,28.17,68.6,52.105,53.8,72.4,48.08,36.545,52.595,51.055,19.595,73.27,6607.71282257328,3492.80025691213,6285.66623312251,4801.68817211153,8409.54319030758,12125.930250086,5460.25616238905,5144.18991887502,6711.10728882708,1645.75462966587,3256.79340750968,5355.29088455372,1392.01471327291,4381.39565202859,5473.03209810297,2065.67622708939,3606.86336925328,7150.39685102422,10984.626025273,3185.31673117891,2764.27991879787,3601.52084158343,3319.29843031241,1062.12168199338,"Indoleamine 2,3-dioxygenase 1",P14902,147435.0,gene,3620.0,IDO1,ENSG00000131203,bacteria
sp|P14902|I23O1_HUMAN,sp,P14902,I23O1,HUMAN,0644875|tr|A0A934UDC6|A0A934UDC6_9STRE,644875,tr,A0A934UDC6,A0A934UDC6,EKALQV,208,213,EKALQV,71,76,GGLKLEKALQVFNLSV,6,,,very_weak,,weak,very_weak,,,,,weak,very_weak,,weak,very_weak,,weak,very_weak,,weak,very_weak,,weak,very_weak,,weak,very_weak,,,,,,very_weak,,,very_weak,,weak,very_weak,,,,,weak,very_weak,,,very_weak,,,,strong,weak,very_weak,,,,,,very_weak,,weak,very_weak,,,very_weak,,,very_weak,,,,,,very_weak,,,,,,,strong,weak,very_weak,17.865000000000002,8.715,24.35,7.24,3.93,6.58,7.26,8.46,6.3,63.47,13.455,10.925,40.19,4.805,14.455,0.84,47.33,10.315,2.765,13.375,11.45,34.56,14.605,20.265,20.975,1112.22303848802,76.5630331790691,424.433538698748,460.311653138636,56.6450825146391,447.988589831633,229.969071305604,72.5146244391216,38.9908916805486,2811.0600381312,658.242350701197,177.696502238031,3056.31320895934,113.942956037659,365.35088530974,6.70818778373888,853.388928390459,354.40240501977,146.138212967693,172.300609908588,182.11886671445,402.164864054107,149.666644233082,256.263837452785,"Indoleamine 2,3-dioxygenase 1",P14902,147435.0,gene,3620.0,IDO1,ENSG00000131203,bacteria
sp|P14902|I23O1_HUMAN,sp,P14902,I23O1,HUMAN,0644875|tr|A0A934UDC6|A0A934UDC6_9STRE,644875,tr,A0A934UDC6,A0A934UDC6,LEKALQV,207,213,LEKALQV,70,76,RGGLKLEKALQVFNLSV,7,,,very_weak,,weak,very_weak,,,very_weak,,weak,very_weak,strong,weak,very_weak,,weak,very_weak,,weak,very_weak,,weak,very_weak,strong,weak,very_weak,,,,,weak,very_weak,,weak,very_weak,,weak,very_weak,,,,,weak,very_weak,,weak,very_weak,,,,strong,weak,very_weak,,,,,weak,very_weak,strong,weak,very_weak,,weak,very_weak,,weak,very_weak,,,,,weak,very_weak,,weak,very_weak,,weak,very_weak,strong,weak,very_weak,17.865000000000002,2.635,10.495,3.305,1.135,2.255,2.7350000000000003,2.45,1.645,49.48,2.98,4.82,40.19,2.28,2.865,0.215,47.33,5.265,0.7350000000000001,5.215000000000001,2.465,25.25,8.185,9.355,8.265,1112.22303848802,52.3731599703916,269.332331342713,242.524417979642,32.7223550097994,198.443357867788,119.507687569108,44.3343087165464,24.2470879685574,2494.28745674346,477.772474298701,137.218000912696,3056.31320895934,90.6514491681719,235.914319058774,5.20441684743,853.388928390459,246.711413523381,96.1223484137209,101.46239880871,141.178765187774,361.376165521098,114.533778880688,162.163753023246,"Indoleamine 2,3-dioxygenase 1",P14902,147435.0,gene,3620.0,IDO1,ENSG00000131203,bacteria
sp|P14902|I23O1_HUMAN,sp,P14902,I23O1,HUMAN,0644875|tr|A0A934UDT4|A0A934UDT4_9STRE,644875,tr,A0A934UDT4,A0A934UDT4,DPSKLE,370,375,DPSKLE,46,51,EKTYTDPSKLEESYDV,6,,,,,,,,,,,,,,,,,,,,,,,,,,,,,,,,,,,,,,,,,,,,,,,,,,,,,,,,,very_weak,,,,,,,,,,,,,,,,,,,,,,,,,,,very_weak,65.975,67.22,55.525,35.91,85.035,57.915000000000006,43.1,59.25,79.73,42.33,25.63,62.705,30.0,66.49000000000001,67.22999999999999,79.35499999999999,11.905,63.78,79.625,69.985,52.97,54.760000000000005,65.705,65.245,49.370000000000005,12270.1830020246,9395.56174649193,11426.4946728146,6400.27443450812,11584.8419014052,18559.7681107265,8468.34498495985,5661.00424532877,11317.6024110246,3046.40870295281,6836.13490677383,9151.45517884018,2994.4158031415,8886.05421484266,12349.4304089951,4101.51266493712,1025.23338437865,11656.1312047494,14565.1720029411,8549.91563665538,5829.38837174648,5427.85933420236,6589.07921446673,7451.88449323824,"Indoleamine 2,3-dioxygenase 1",P14902,147435.0,gene,3620.0,IDO1,ENSG00000131203,bacteria
sp|P14902|I23O1_HUMAN,sp,P14902,I23O1,HUMAN,0644875|tr|A0A934UE22|A0A934UE22_9STRE,644875,tr,A0A934UE22,A0A934UE22,REFVLS,317,322,REFVLS,315,320,SAFAGREFVLSAYQHA,6,,,,,,,,,,,,,,,,,,,,,,,,very_weak,,,,,,,strong,weak,very_weak,strong,weak,very_weak,,,,,,,strong,weak,very_weak,,weak,very_weak,,,,,,,,,,strong,weak,very_weak,,,,,,,strong,weak,very_weak,,,,,,very_weak,,,,,,,strong,weak,very_weak,23.6,39.825,23.905,26.885,37.365,23.47,48.635,13.345,27.135,49.87,1.63,0.165,38.33,1.92,3.55,26.69,41.91,1.275,26.98,34.895,1.935,25.485,12.445,30.045,24.9,1028.15494505621,523.320390594524,607.554510055359,1377.22831288898,588.551368966379,820.166042683414,3869.95476819963,126.832566348955,414.808720619029,914.656455576806,552.160264708212,19.4173399404873,1860.21064334602,79.7834492763877,444.02671298068,85.5233875177748,973.526025297916,62.9125840826169,1067.39804446192,453.445504052616,101.235408361701,165.480018104305,127.818949127312,373.173458334563,"Indoleamine 2,3-dioxygenase 1",P14902,147435.0,gene,3620.0,IDO1,ENSG00000131203,bacteria
sp|P14902|I23O1_HUMAN,sp,P14902,I23O1,HUMAN,0644875|tr|A0A934PAG2|A0A934PAG2_9STRE,644875,tr,A0A934PAG2,A0A934PAG2,TGGTDL,379,384,TGGTDL,202,207,QFNDLTGGTDLSFPTK,6,,,very_weak,,,,,,,,,,,,,,,,,,,,,,,,,,,very_weak,,,,,,,,,,,weak,very_weak,,,,,,,,,very_weak,,,,,,,,,,,,,,,,,,,,,,,,,,,,,,,,weak,very_weak,14.735,70.02000000000001,75.595,29.8,56.690000000000005,72.68,43.6,44.35,56.010000000000005,15.555,78.12,66.955,7.369999999999999,65.86500000000001,69.925,60.85,30.115,71.315,47.55,50.4,64.375,50.925,34.565,39.31,80.765,1673.89561423894,5643.75784098286,8763.26778998248,3641.48798824918,5764.78415666613,14426.8370373457,5786.15547386843,2529.20877084806,4641.24493409584,618.177222710267,16559.430696379,6925.6969740983,1165.20450955884,6604.13908994994,11115.1813049262,1188.87868826155,1715.14583875515,8713.25307112583,6779.05133886778,3507.1146295774,4595.02565989423,2765.68599438744,1576.01304355946,1696.81688336736,"Indoleamine 2,3-dioxygenase 1",P14902,147435.0,gene,3620.0,IDO1,ENSG00000131203,bacteria
sp|P14902|I23O1_HUMAN,sp,P14902,I23O1,HUMAN,0644875|tr|A0A934UDK9|A0A934UDK9_9STRE,644875,tr,A0A934UDK9,A0A934UDK9,KLEAKG,373,378,KLEAKG,72,77,TTSLNKLEAKGYIERT,6,,,,,,,,,,,,,,,,,,,,,,,,,,,,,,,,,,,,,,,very_weak,,,,,,,,,,,,,,,very_weak,,,,,,,strong,weak,very_weak,,,,,,,,,,,,,,,,,,,strong,weak,very_weak,72.56,32.230000000000004,34.31,44.55,21.585,43.27,29.36,32.045,29.14,36.165,39.665,26.84,69.815,46.115,29.76,16.605,66.19,49.155,0.615,56.525,37.03,25.36,32.62,53.79,23.075,13981.0379363691,1347.67293753443,2190.74462832483,7392.21823658913,1302.85332961013,7818.27145830559,3616.67207324033,1785.93563898889,1777.76127031386,1550.44000215584,8356.57291414036,3169.77684317172,7070.15801730002,4996.46290851873,4549.70967480236,246.058285691719,4066.42788432293,7206.62958659091,178.904158066386,4501.47869451742,3512.65915332787,1305.28019959061,1448.58983463067,3963.56435232404,"Indoleamine 2,3-dioxygenase 1",P14902,147435.0,gene,3620.0,IDO1,ENSG00000131203,bacteria
sp|P14902|I23O1_HUMAN,sp,P14902,I23O1,HUMAN,0644875|tr|A0A934P915|A0A934P915_9STRE,644875,tr,A0A934P915,A0A934P915,KSLLKE,397,402,KSLLKE,193,198,NKRQGKSLLKELGANP,6,,,,,,,,,,,,,,,,,,,,,,,,,,,,,,,,,,,,,,,,,,,,,,,,very_weak,,,,,,,,,,,,,,,,,,,,,,,,,,,,,,,,,very_weak,,,very_weak,80.66499999999999,30.16,29.08,83.095,58.68,65.695,54.005,59.965,57.900000000000006,81.41499999999999,24.75,41.115,84.375,48.59,18.815,48.455,54.32,54.400000000000006,38.97,55.84,35.84,39.58,68.325,64.215,11.095,14261.5498092369,1023.54866482644,1602.51063469842,11017.1203750934,2946.24155088279,12406.3488678431,7139.960104544,3815.07648044483,4707.85449499007,5824.65983884017,5063.67583911868,3361.29402658814,10688.5889695787,3464.75888910352,2981.64553997695,649.680852349264,3979.89415669704,6491.07542010164,3778.10632310157,2987.71673245457,2253.97994003301,1811.76279495115,2682.16807794914,3238.62633300512,"Indoleamine 2,3-dioxygenase 1",P14902,147435.0,gene,3620.0,IDO1,ENSG00000131203,bacteria
sp|P14902|I23O1_HUMAN,sp,P14902,I23O1,HUMAN,0644875|tr|A0A934UE04|A0A934UE04_9STRE,644875,tr,A0A934UE04,A0A934UE04,SDGLVY,244,249,SDGLVY,333,338,QRHVESDGLVYDPQTI,6,,,very_weak,,,,,,,,weak,very_weak,,,,,,,,weak,very_weak,,,,,,,,,,,,,,,,,,,,weak,very_weak,,,,,,,,weak,very_weak,,,,,,,,,,,,,,,,,,,,,,,,,,,,,,,,weak,very_weak,17.045,47.29,74.64999999999999,9.17,52.235,50.73,9.255,57.655,58.96,28.34,60.57000000000001,47.995,5.92,39.215,49.17,85.78,53.69,35.84,60.82,45.57,32.215,56.635000000000005,57.295,40.72,71.02,2260.81881181147,7040.08213785403,13122.8131384163,1590.97006539116,4610.16456006672,15493.5677427606,1544.14525827442,6042.85768896686,6955.4347004814,2529.07194715842,15151.399911387,5860.24924613827,1172.76809037688,5529.21939672533,10375.914941388,5227.00208942245,5018.1340183636,7749.46439092244,9616.68822891954,5612.21505658952,3682.09785423827,3591.67550584246,5456.41739295444,4567.71300117152,"Indoleamine 2,3-dioxygenase 1",P14902,147435.0,gene,3620.0,IDO1,ENSG00000131203,bacteria
sp|P14902|I23O1_HUMAN,sp,P14902,I23O1,HUMAN,0644875|tr|A0A934UDC6|A0A934UDC6_9STRE,644875,tr,A0A934UDC6,A0A934UDC6,KALQVF,209,214,KALQVF,72,77,GLKLEKALQVFNLSVA,6,,,very_weak,,,,,,,,,,,,very_weak,,,,,,,,,,,,,,,,,,,,,very_weak,,,,,,,,,very_weak,,,very_weak,,,,,weak,very_weak,,,,,,,,,very_weak,,,,,,very_weak,,,,,,,,,,,,,,weak,very_weak,12.2,24.405,35.0,22.42,19.28,26.93,24.555,25.335,25.42,64.64,25.635,18.855,36.915,14.815,14.455,6.465,39.695,21.55,15.28,36.95,18.755,29.81,21.835,34.81,39.315000000000005,402.491346603484,112.767997638089,581.028317248518,967.038139003817,108.729061916659,995.392929291232,494.358125373762,104.634208992349,71.1468071160581,2585.45917897268,730.425313276191,189.822327977216,2431.95543260899,112.64361356426,365.35088530974,11.1446590629366,578.043589397083,361.532599769862,206.004262920825,308.447092923876,187.36757429949,285.373658518244,189.992872890645,320.767938354313,"Indoleamine 2,3-dioxygenase 1",P14902,147435.0,gene,3620.0,IDO1,ENSG00000131203,bacteria
sp|P14902|I23O1_HUMAN,sp,P14902,I23O1,HUMAN,0644875|tr|A0A934PAC4|A0A934PAC4_9STRE,644875,tr,A0A934PAC4,A0A934PAC4,LPDLIE,46,51,LPDLIE,787,792,DVLPELPDLIEMTYSN,6,,,,,,,,,,,,,,,,,,,,,,,,,,,,,,,,,,,,,,,,,,,,,,,,,,,,,,,,,,,,,,,,,,,,,,,,,,,,,,,,,,,,,58.575,29.78,82.4,34.59,81.275,71.16,38.68,82.82,75.88499999999999,76.315,67.77000000000001,69.925,55.45,58.605,67.645,60.21,78.28,65.21000000000001,52.04,62.7,55.95,70.09,80.00999999999999,70.185,81.87,4496.85409655249,864.588118523687,6954.15546169156,1613.78566307088,6545.3799553575,11956.0468703929,2041.74481208943,6243.30368311183,4140.30333899891,5092.30091437658,11077.72226231,3973.9560939611,3147.42624550002,2065.16223739442,5722.15421105565,1216.46427295297,5111.78754522726,4768.50138614168,3915.90786782341,2452.51352208342,2275.86358429609,3876.11485746153,4652.5072384319,3119.52384505209,"Indoleamine 2,3-dioxygenase 1",P14902,147435.0,gene,3620.0,IDO1,ENSG00000131203,bacteria
sp|P14902|I23O1_HUMAN,sp,P14902,I23O1,HUMAN,0644875|tr|A0A934UDC6|A0A934UDC6_9STRE,644875,tr,A0A934UDC6,A0A934UDC6,EKALQVF,208,214,EKALQVF,71,77,GGLKLEKALQVFNLSVA,7,,,very_weak,,weak,very_weak,,,,,weak,very_weak,,weak,very_weak,,weak,very_weak,,weak,very_weak,,weak,very_weak,,weak,very_weak,,,,,,very_weak,,,very_weak,,weak,very_weak,,,,,weak,very_weak,,,very_weak,,,,strong,weak,very_weak,,,,,,very_weak,,weak,very_weak,,,very_weak,,,very_weak,,,,,,very_weak,,,,,,,strong,weak,very_weak,12.2,8.715,24.35,7.24,3.93,6.58,7.26,8.46,6.3,64.64,13.455,10.925,36.915,7.335,11.315,0.84,39.695,13.405,2.765,13.375,11.45,29.81,14.605,20.265,20.975,402.491346603484,76.5630331790691,424.433538698748,460.311653138636,56.6450825146391,447.988589831633,229.969071305604,72.5146244391216,38.9908916805486,2585.45917897268,658.242350701197,177.696502238031,2431.95543260899,100.62278117264,300.335810483165,6.70818778373888,578.043589397083,314.00992840991,146.138212967693,172.300609908588,182.11886671445,285.373658518244,149.666644233082,256.263837452785,"Indoleamine 2,3-dioxygenase 1",P14902,147435.0,gene,3620.0,IDO1,ENSG00000131203,bacteria
sp|P14902|I23O1_HUMAN,sp,P14902,I23O1,HUMAN,0644875|tr|A0A934PAI2|A0A934PAI2_9STRE,644875,tr,A0A934PAI2,A0A934PAI2,LVSLLV,165,170,LVSLLV,15,20,TLLECLVSLLVIAGSL,6,,,,,,,,,,,,,,,,,,,,,,,,,,,,,,,,,,,,,,,,,,,,,,,,,,,,,,,,,,,,,,,,,,,,,,,,,,,,,,,,,,,,,55.965,59.11,64.185,71.245,55.64,77.59,76.055,63.445,71.53,78.83,69.89,58.575,73.37,53.14,63.785,27.4,60.04,57.815,50.045,61.935,61.27,59.725,73.905,56.13,62.615,2693.68483658208,1208.38351770231,2359.76622282617,5662.10686729084,1557.38375216093,10842.1052535992,7790.99594285378,1212.01057063175,2814.62085192153,4116.36155013212,8091.69255265314,1565.34061708321,6469.68996680723,750.217119687345,3938.3854694125,266.148683527021,1273.32248974576,2054.44240486176,1785.35603023324,2977.71232576775,1442.66177103421,2284.99285135638,2468.80722795853,1727.10122705026,"Indoleamine 2,3-dioxygenase 1",P14902,147435.0,gene,3620.0,IDO1,ENSG00000131203,bacteria
sp|P14902|I23O1_HUMAN,sp,P14902,I23O1,HUMAN,0283361|tr|A0A415ZS36|A0A415ZS36_9BACT,283361,tr,A0A415ZS36,A0A415ZS36,KDPNKP,137,142,KDPNKP,569,574,NRVGLKDPNKPIGTFM,6,,,,,,,,,,,,very_weak,,,,,,,,,,,,,,,,,,,,,,,,,,,,,,,,,,,,,,,,,,,,,,,,,,,,,,,,,,,,,,,,,,,,,,,,very_weak,93.46,69.05499999999999,57.10000000000001,16.255,62.8,42.995000000000005,31.54,86.48,52.345,83.295,69.71,90.81,95.0,92.525,86.345,80.735,95.0,91.355,72.075,64.245,88.35,78.055,88.24000000000001,83.225,58.24,23281.7685426403,6850.94401692651,7497.49756952361,2563.48156074778,8245.11628571424,5781.21179837523,4784.00477233388,9202.49155531616,2836.14202839469,5451.40153555713,19234.8385216359,19214.4538954077,28055.1188802202,19321.4011438638,19206.13984942,3889.85310254914,30402.3157084978,21998.2769605396,13830.5816254681,7037.56890634019,15662.2843491873,5599.29596654443,8607.64978647477,12458.9455174679,"Indoleamine 2,3-dioxygenase 1",P14902,147435.0,gene,3620.0,IDO1,ENSG00000131203,bacteria
sp|P14902|I23O1_HUMAN,sp,P14902,I23O1,HUMAN,0283361|tr|A0A416A1C9|A0A416A1C9_9BACT,283361,tr,A0A416A1C9,A0A416A1C9,KALLEI,198,203,KALLEI,330,335,VYEVMKALLEIEQERG,6,,,very_weak,,,very_weak,,,very_weak,,,,,,,,,,,,,,,,,,,,,,,,,,,very_weak,,,very_weak,,weak,very_weak,,,very_weak,,,very_weak,,,very_weak,,weak,very_weak,,,very_weak,,,very_weak,,weak,very_weak,,,very_weak,,weak,very_weak,,,,,,,,weak,very_weak,,,very_weak,,weak,very_weak,13.315,15.419999999999998,18.91,39.85,29.055,36.515,38.385000000000005,33.57,52.34,35.6,20.81,19.035,4.33,10.835,13.695,9.45,17.445,15.335,9.26,14.55,9.47,20.08,21.385,5.315,14.54,1152.61532839011,417.903559701409,769.345598650686,3629.37295754212,926.258708160312,4920.70944802477,3074.92112804361,795.648362628075,2430.66642662443,2176.92194815999,2799.13230228245,658.007365457114,537.663287171314,328.971555877281,979.082356007965,40.0422003607644,684.18766598069,775.052051394668,799.799959763179,318.62679155618,333.526802328066,1019.82333077115,470.213229113381,72.2413181168124,"Indoleamine 2,3-dioxygenase 1",P14902,147435.0,gene,3620.0,IDO1,ENSG00000131203,bacteria
sp|P14902|I23O1_HUMAN,sp,P14902,I23O1,HUMAN,0283361|tr|A0A3R6MDJ7|A0A3R6MDJ7_9BACT,283361,tr,A0A3R6MDJ7,A0A3R6MDJ7,LSKGDA,321,326,LSKGDA,85,90,CPEKKLSKGDAFFLFP,6,,,,,,,,,,,,,,,very_weak,,,,,,,,,very_weak,,,,,,very_weak,,,,,,,,,,,,,,,,,,,,,,,weak,very_weak,,,,,,very_weak,,,,,,,,,,,,,,weak,very_weak,,,,,,,,weak,very_weak,36.48,55.58,60.93,20.09,13.28,36.48,37.99,11.765,36.81,12.91,29.215,26.865,37.58,35.2,30.01,7.1,62.985,18.725,26.86,38.37,28.655,45.95,8.335,51.365,53.845,2855.60231069411,1112.22303848802,2405.54979456305,585.901896420095,325.825944957215,4255.29774141907,1811.27278943239,120.084480801074,543.529912351648,481.826875861022,3473.54217727909,396.624963697084,2870.22298873303,563.824002446617,1340.61942235093,45.6372097428789,2556.58451643981,361.129918827916,1382.91742825574,1187.02780037291,413.267670689562,1435.65466709594,83.0233625505106,1196.09112032485,"Indoleamine 2,3-dioxygenase 1",P14902,147435.0,gene,3620.0,IDO1,ENSG00000131203,bacteria
sp|P14902|I23O1_HUMAN,sp,P14902,I23O1,HUMAN,0283361|tr|A0A415ZZ27|A0A415ZZ27_9BACT,283361,tr,A0A415ZZ27,A0A415ZZ27,EKSLLK,396,401,EKSLLK,442,447,GLMIAEKSLLKAENRT,6,,,,,weak,very_weak,,weak,very_weak,,,,,,very_weak,,,,,weak,very_weak,,,,,,very_weak,,,,,,very_weak,,weak,very_weak,strong,weak,very_weak,,,,,,very_weak,,weak,very_weak,,,,,,,,,,,,very_weak,,,very_weak,,,very_weak,,,very_weak,,,very_weak,,,,,,,,weak,very_weak,strong,weak,very_weak,72.46000000000001,5.805,3.5250000000000004,28.6,16.84,20.84,4.415,37.41,15.735,65.08,15.955000000000002,8.735,74.00999999999999,12.47,4.0200000000000005,20.45,27.07,19.39,13.43,17.645,19.07,13.435,40.83,36.46,8.28,9793.93907095928,165.192005439778,274.99785647589,2570.89786066015,242.097073077973,1667.67694864674,135.008972777267,460.266831090754,413.925498982912,3362.78546407342,1946.12587415443,698.791526690017,7216.14871227848,682.546225667251,663.598429438908,65.3746639452884,1611.65685043521,2120.50088392143,651.391244726095,274.02068492002,810.006624682525,830.902271404529,496.078089835475,769.845209731663,"Indoleamine 2,3-dioxygenase 1",P14902,147435.0,gene,3620.0,IDO1,ENSG00000131203,bacteria
sp|P14902|I23O1_HUMAN,sp,P14902,I23O1,HUMAN,0283361|tr|A0A3R6N764|A0A3R6N764_9BACT,283361,tr,A0A3R6N764,A0A3R6N764,AAASAI,173,178,AAASAI,315,320,SVLKDAAASAIYGARA,6,,,,,,,,,,,,very_weak,,,,,,,,weak,very_weak,,,very_weak,,,,strong,weak,very_weak,,weak,very_weak,,,,,,,,weak,very_weak,,,,,,,,,,,,very_weak,strong,weak,very_weak,,,,,,,,,,,,,,weak,very_weak,,weak,very_weak,,,,,,,strong,weak,very_weak,56.89,43.075,36.545,16.04,41.615,21.665,9.205,10.22,22.96,1.075,8.945,57.28,6.94,61.685,58.035,11.64,0.035,69.02,44.03,20.585,60.985,5.58,4.54,45.145,49.97,5958.19770280218,1304.0097624419,1023.93634816472,674.609546823218,1831.94774825668,1375.35202771287,304.175134731383,269.288623148007,172.093801883068,25.5540058894019,1732.15405410489,5299.38002693925,1028.90055065037,5290.27110383693,6483.14405402568,76.7097995931965,15.9088726518193,8197.08316516307,2969.73292572198,356.548559073636,4119.7924142864,217.364090170451,115.127665288538,1672.23021475571,"Indoleamine 2,3-dioxygenase 1",P14902,147435.0,gene,3620.0,IDO1,ENSG00000131203,bacteria
sp|P14902|I23O1_HUMAN,sp,P14902,I23O1,HUMAN,0283361|tr|A0A416A5D2|A0A416A5D2_9BACT,283361,tr,A0A416A5D2,A0A416A5D2,ELPPIL,119,124,ELPPIL,169,174,LESWEELPPILLSSSE,6,,,,,,,,,,,,,,,,,,,,,,,,very_weak,,,,,,,,,,,,,,,very_weak,,,,,,,,,,,,,strong,weak,very_weak,,,,,,,,,,,,,,,,,,,,,,,,,,,,strong,weak,very_weak,31.62,52.6,42.865,22.76,37.13,33.17,71.815,18.865,51.225,63.275000000000006,25.195,40.385,49.615,29.265,40.17,1.49,56.21,33.01,21.525,31.815,35.31,36.830000000000005,21.72,27.885,31.62,1625.08727077132,1458.63985261094,2515.91683290258,3011.89725020031,2402.63647839185,7207.097446583,9645.55343330313,832.395982023785,2874.01422193752,2688.15296081588,3936.08506879402,1826.36666931064,3175.26900093909,1388.0291877349,3565.38548653887,21.2670901308852,2145.63396894598,2409.90031894379,1854.14218915367,1749.46342776814,1257.53620476854,1183.41148769623,586.999627328333,1151.49348088808,"Indoleamine 2,3-dioxygenase 1",P14902,147435.0,gene,3620.0,IDO1,ENSG00000131203,bacteria
sp|P14902|I23O1_HUMAN,sp,P14902,I23O1,HUMAN,0283361|tr|A0A3R6IL56|A0A3R6IL56_9BACT,283361,tr,A0A3R6IL56,A0A3R6IL56,FFSVLR,226,231,FFSVLR,8,13,TILRNFFSVLRRFKAA,6,,,very_weak,,,,strong,weak,very_weak,,,,,weak,very_weak,,,,,,very_weak,,,,,weak,very_weak,,,,,,very_weak,,,very_weak,,weak,very_weak,,,,,,very_weak,,weak,very_weak,,,,,,very_weak,,weak,very_weak,,,very_weak,,,very_weak,,,very_weak,,,very_weak,,,very_weak,,,,,,,strong,weak,very_weak,strong,weak,very_weak,17.8,27.45,0.385,32.23,3.665,20.85,17.41,26.41,4.43,48.68,15.88,10.3,42.0,14.65,4.89,14.085,8.865,11.435,12.245,17.65,17.765,18.205,27.57,30.23,0.065,553.410296137699,89.3301881862198,20.0844488393262,1216.04316589855,21.4935604546974,221.413573102488,436.495757348004,76.4603810707677,46.7770398663237,954.811439995269,462.7034909863,53.1403234895396,2687.62947785072,66.8560996210978,83.0314475935338,32.2562382216838,88.3086496228394,96.3712354539132,114.147790961428,137.369520678584,104.305280476724,132.747863700977,123.491885370178,130.689960909702,"Indoleamine 2,3-dioxygenase 1",P14902,147435.0,gene,3620.0,IDO1,ENSG00000131203,bacteria
sp|P14902|I23O1_HUMAN,sp,P14902,I23O1,HUMAN,0283361|tr|A0A416AE70|A0A416AE70_9BACT,283361,tr,A0A416AE70,A0A416AE70,RIYLSG,231,236,RIYLSG,89,94,IYGYRRIYLSGIALFS,6,,,,,,,,,,,,very_weak,,,,,,,,,very_weak,,,very_weak,,,very_weak,,weak,very_weak,,weak,very_weak,,,,,,,,,,,,very_weak,,,very_weak,,,,,,very_weak,,,,,,very_weak,,,very_weak,,,,,,,,,,,,very_weak,,,,,,,,weak,very_weak,20.22,30.32,23.36,13.76,23.415,25.495,11.895,15.815,13.695,7.939999999999999,4.655,21.095,28.935,17.575,16.825,11.185,42.375,13.47,12.785,28.135,23.095,32.33,10.63,20.455,26.615,494.56677435969,146.040212492096,216.378562007338,274.180833225265,71.0637180624971,266.933107403659,317.975885250179,32.5919715178708,25.6934588259689,82.6201125702471,342.104842999337,142.604989890482,1897.63607831876,96.4379923503187,463.861404070914,13.8563120520704,482.646053249499,212.391289084698,176.435899951925,128.577678212301,186.132994230255,92.8331500298409,38.1863590705822,91.1767276361336,"Indoleamine 2,3-dioxygenase 1",P14902,147435.0,gene,3620.0,IDO1,ENSG00000131203,bacteria
sp|P14902|I23O1_HUMAN,sp,P14902,I23O1,HUMAN,0283361|tr|A0A415ZUY1|A0A415ZUY1_9BACT,283361,tr,A0A415ZUY1,A0A415ZUY1,FFLVSL,163,168,FFLVSL,151,156,AYFIYFFLVSLPTLIF,6,,,,,,,,,,,,very_weak,,,,,,,,,,,,very_weak,,,,,,,,,,,,,,,,,,,,,,,,,,,,,weak,very_weak,,,,,,very_weak,,weak,very_weak,,,,,,,,,,,,,,,,,,,,weak,very_weak,31.25,50.58,46.505,14.895,40.005,21.325,45.93,15.825,41.635,65.595,38.59,37.315,58.175,28.935,48.235,9.42,75.58500000000001,19.875,7.340000000000001,32.525,34.105,49.325,24.51,25.31,34.825,730.59920084979,422.349187600476,878.839172900474,463.299630237452,211.035205008537,562.282698967595,1534.26953965884,54.8584919321751,168.194895207281,2433.6137305013,1815.64832408647,235.060765789013,4377.98376864447,130.141056699757,1206.92006712187,26.2478442451291,3479.86185589573,231.149013451804,72.7252002935979,338.397666434228,274.323265847825,974.896322429436,173.83421918607,139.448084561899,"Indoleamine 2,3-dioxygenase 1",P14902,147435.0,gene,3620.0,IDO1,ENSG00000131203,bacteria
sp|P14902|I23O1_HUMAN,sp,P14902,I23O1,HUMAN,0283361|tr|A0A3R6LSV5|A0A3R6LSV5_9BACT,283361,tr,A0A3R6LSV5,A0A3R6LSV5,SLLKEG,398,403,SLLKEG,93,98,TVDISSLLKEGKNTLA,6,,,,,,,,,,,,,,,,,,,,weak,very_weak,,,,,,,,,,,,,,,,,,very_weak,,,,,,,,,very_weak,,,,,,,,,,,,,,,very_weak,,,,,,,,,,,,,,,,,,very_weak,,weak,very_weak,73.49000000000001,40.295,33.385000000000005,38.675,42.005,46.585,6.785,64.80000000000001,22.255000000000003,58.425,64.9,50.36,67.78999999999999,35.655,18.505000000000003,52.86,24.74,51.015,19.365,47.34,33.695,50.385000000000005,51.135000000000005,64.955,12.075,12771.6387817637,916.142117849292,1656.97531549704,4749.50110753077,1614.92101446196,5479.13484840324,648.143235575954,2448.3774518741,900.6427839364,2220.02257982719,9676.91312638168,3492.15786347933,5641.92621201032,1723.98334041519,2408.88362456843,553.817614776543,1617.01914672556,4490.48481117898,1953.80560792856,1737.72923944173,1653.16102593622,1783.1552319745,1317.73913998966,3217.39119539518,"Indoleamine 2,3-dioxygenase 1",P14902,147435.0,gene,3620.0,IDO1,ENSG00000131203,bacteria
sp|P14902|I23O1_HUMAN,sp,P14902,I23O1,HUMAN,0283361|tr|A0A3R6J7V5|A0A3R6J7V5_9BACT,283361,tr,A0A3R6J7V5,A0A3R6J7V5,FLVSLL,164,169,FLVSLL,14,19,QHYWWFLVSLLGALLV,6,,,,,,,,,,,,,,,,,,,,,,,,,,,,,,,,,,,,,,,,,,,,,,,,,,,,,,,,,,,,,,,,,,,,,,,,,,,,,,,,,,,,,35.755,72.9,55.815,61.67,54.11,53.365,84.245,41.525,69.005,78.905,65.83500000000001,47.875,74.97,43.41,55.595,21.935,77.805,39.2,50.97,49.44,47.65,43.22,55.74,38.7,42.115,850.669394546711,2600.04670672561,3602.37823207775,4959.72926218163,971.158907239138,7979.7961812929,11763.06123994,958.299290749871,2307.65194518405,5202.51475642353,6476.0631594164,558.408575259468,6493.11246758007,372.560239304437,2494.1795085304,121.946353971419,4001.8296639176,563.506868233061,1786.63141788241,2357.39292737603,765.940256461302,997.365779123732,1291.63870394359,1314.16532602628,"Indoleamine 2,3-dioxygenase 1",P14902,147435.0,gene,3620.0,IDO1,ENSG00000131203,bacteria
sp|P14902|I23O1_HUMAN,sp,P14902,I23O1,HUMAN,0283361|tr|A0A416ABC4|A0A416ABC4_9BACT,283361,tr,A0A416ABC4,A0A416ABC4,LEKALQ,207,212,LEKALQ,342,347,ACYAKLEKALQLYRSS,6,,,,,,,,weak,very_weak,,,,,,,,,,,weak,very_weak,,,,,,,,,,,,,,,,,weak,very_weak,,,,,,,,,very_weak,,,,,,very_weak,,,very_weak,,,,,,,,,,,,,,,very_weak,,,,,,,strong,weak,very_weak,strong,weak,very_weak,57.370000000000005,24.88,3.51,43.31,35.730000000000004,43.23,8.285,36.965,22.06,62.05,30.110000000000003,35.535000000000004,65.19500000000001,30.96,11.7,16.41,10.525,37.99,21.395,33.215,27.83,13.510000000000002,37.345,39.99,1.255,4906.93933600958,270.441975060134,182.197703203457,2662.53538829496,352.318721849391,3500.02586343401,509.773615227739,348.142831198121,535.277645096309,1795.15731697363,1485.4284672576,947.176638867429,5022.5881919848,426.196030045385,495.053964522938,40.3152063983219,334.716175693987,1446.67893876982,575.372935999827,571.01925495471,468.466346688928,248.447238626226,404.508332209233,604.610119202617,"Indoleamine 2,3-dioxygenase 1",P14902,147435.0,gene,3620.0,IDO1,ENSG00000131203,bacteria
sp|P14902|I23O1_HUMAN,sp,P14902,I23O1,HUMAN,0283361|tr|A0A3R6KXK8|A0A3R6KXK8_9BACT,283361,tr,A0A3R6KXK8,A0A3R6KXK8,LVLGCI,81,86,LVLGCI,155,160,NKHLRLVLGCILTIVL,6,,,,,,,,,,,,,,,,,,,,,,,,,,,,,,,,,,,,,,,,,,,,,,,,,,,,,,very_weak,,,,,,,,,,,,,,,,,,,,,,,,,,,,,,very_weak,44.155,48.205,54.97,47.405,24.950000000000003,52.53,59.205,26.215,46.615,67.51,36.88,47.8,71.705,36.895,51.025,15.68,59.66,36.29,37.895,61.805,41.45,49.485,47.385000000000005,53.865,54.38,1628.67818143324,390.041428875498,987.123851125232,2143.96311941117,160.243425740144,2730.74772586795,3349.20512185733,159.042955168907,311.640649547714,1980.19552448858,2631.74614849081,389.606994331898,6537.09930924771,266.609829731259,1570.22597661906,41.8322448828144,1136.55335101057,568.030627022282,579.245663825336,1402.87083373434,628.23750879516,844.99112115147,436.736685968289,813.898437069689,"Indoleamine 2,3-dioxygenase 1",P14902,147435.0,gene,3620.0,IDO1,ENSG00000131203,bacteria
sp|P14902|I23O1_HUMAN,sp,P14902,I23O1,HUMAN,0283361|tr|A0A416A5L2|A0A416A5L2_9BACT,283361,tr,A0A416A5L2,A0A416A5L2,AGGGHA,283,288,AGGGHA,60,65,HAHEEAGGGHAGEISF,6,,,,,,,,,,,,,,,,,,,,,,,,,,,,strong,weak,very_weak,,,,,,,,,,,,,,,,,,,,,,,,,,,,,,,,,,,,,,,,,,,,,,,,,,,,strong,weak,very_weak,93.555,95.0,95.0,95.0,95.0,95.0,95.0,86.96000000000001,95.0,1.595,95.0,95.0,34.48,95.0,95.0,84.04,54.92,95.0,95.0,95.0,95.0,59.1,71.455,95.0,95.0,23069.6305066871,36833.8908282952,38398.5775250298,39187.6481317765,37014.4696408301,41236.4574313681,41858.1494325881,17350.6903225944,39430.0758711136,89.8730896508164,42565.1364209749,39008.2831668004,4557.59279231066,39359.7455968466,39727.6976403686,10957.2056749429,6708.56632572716,40038.3945847725,40027.5658855833,37233.3805946568,38067.2286996033,6212.24013322784,11235.4902249003,37952.8983779049,"Indoleamine 2,3-dioxygenase 1",P14902,147435.0,gene,3620.0,IDO1,ENSG00000131203,bacteria
sp|P14902|I23O1_HUMAN,sp,P14902,I23O1,HUMAN,0283361|tr|A0A3R6MFD1|A0A3R6MFD1_9BACT,283361,tr,A0A3R6MFD1,A0A3R6MFD1,GSAGQS,262,267,GSAGQS,1313,1318,NIKFKGSAGQSFGAFL,6,,,,,,,,,very_weak,,weak,very_weak,,,,,weak,very_weak,,,,strong,weak,very_weak,,weak,very_weak,,weak,very_weak,,weak,very_weak,,,,,weak,very_weak,,,,,,,,,,,,,,weak,very_weak,,,,,,very_weak,,,,,,very_weak,,,very_weak,,,very_weak,strong,weak,very_weak,,,very_weak,,,,strong,weak,very_weak,55.805,53.150000000000006,14.355,3.43,22.065,3.965,24.95,0.36,7.640000000000001,9.635,8.69,25.635,29.515,36.010000000000005,39.625,6.59,37.47,11.97,27.39,14.235,18.62,10.15,0.105,18.06,24.18,6852.6491200713,1715.70265405055,707.181016740574,307.134983978143,675.741860527429,421.901591936113,2268.68462368166,19.6634326491337,178.884802080298,75.0571070969269,1901.50002315374,879.857208499793,2984.51812903575,1305.8169779413,2866.68488112378,39.0267673633777,1128.50270259875,1217.58354682818,2260.69650732834,446.343590782617,928.46615541629,239.266423836728,21.670093470933,568.824010118429,"Indoleamine 2,3-dioxygenase 1",P14902,147435.0,gene,3620.0,IDO1,ENSG00000131203,bacteria
sp|P14902|I23O1_HUMAN,sp,P14902,I23O1,HUMAN,0283361|tr|A0A3R6KXK8|A0A3R6KXK8_9BACT,283361,tr,A0A3R6KXK8,A0A3R6KXK8,RLVLGC,80,85,RLVLGC,154,159,RNKHLRLVLGCILTIV,6,,,,,,,,,,,,,,,,,,,,,,,,,,,,,,,,,,,,,,,,,,,,,,,,,,,,,,very_weak,,,,,,,,,,,,,,,,,,,,,,,,,,,,,,very_weak,42.015,47.045,50.705,47.845,23.5,54.09,60.285,22.32,47.05,67.51,37.38,47.255,73.065,37.855,47.855,15.345,53.515,36.16,35.89,58.275,40.05,47.985,45.41,50.485,50.415,1322.3094939647,271.959019326714,720.30900330719,2003.94749993481,129.941260395586,2717.51370572305,3140.79262739498,113.439839530511,272.070858695684,1980.19552448858,2241.67355134469,365.082179112367,6164.63357506398,243.993072693709,1136.19678655102,35.3053661117981,562.142789571759,519.815944328985,421.208300172625,1040.23977658167,514.155207546695,491.419679374868,324.380237017014,621.813062098688,"Indoleamine 2,3-dioxygenase 1",P14902,147435.0,gene,3620.0,IDO1,ENSG00000131203,bacteria
sp|P14902|I23O1_HUMAN,sp,P14902,I23O1,HUMAN,0283361|tr|A0A3R6N390|A0A3R6N390_9BACT,283361,tr,A0A3R6N390,A0A3R6N390,AGGSAG,260,265,AGGSAG,263,268,DKIAVAGGSAGGHLAA,6,,,,,,,,,,,,,,,,,,,,,,,,,,,,strong,weak,very_weak,,,,,,,,,,,,,,,,,,,,,,,,very_weak,,,,,,,,,,,,,,,,,,,,,,,,,,,,strong,weak,very_weak,86.22,45.535,37.475,79.66,35.800000000000004,35.425,62.875,61.56,50.68,0.805,50.08,92.375,52.295,91.425,91.505,13.59,25.895,91.28,78.35,29.72,93.14,28.05,24.655,55.94499999999999,52.405,17980.6158943951,3596.10840829395,2281.08993603925,16660.0701258987,3019.36916891934,7781.22364226479,12374.9778546952,3286.17248779175,3588.91742494521,23.7444646427723,11188.9059090016,17548.9314294222,4994.94944040122,16440.8885685177,19927.9935777588,167.864011773577,1420.91195981755,20172.2626778906,11149.9919389481,2311.12514754353,16006.6347133375,764.780912226748,908.836188439153,6323.86717586332,"Indoleamine 2,3-dioxygenase 1",P14902,147435.0,gene,3620.0,IDO1,ENSG00000131203,bacteria
sp|P14902|I23O1_HUMAN,sp,P14902,I23O1,HUMAN,0283361|tr|A0A416AE41|A0A416AE41_9BACT,283361,tr,A0A416AE41,A0A416AE41,PNKPLT,139,144,PNKPLT,162,167,TISANPNKPLTFGAWC,6,,,,,,,,,,,,,,,,,weak,very_weak,,,,,,,,weak,very_weak,,,,,,,,,,,,,,,,,,,,,,,,,,,,,,,,,,,,,,,,,,,,,,,,,,,,,,,,weak,very_weak,76.41,65.825,64.91499999999999,22.745,25.35,3.12,21.270000000000003,41.870000000000005,6.72,54.625,74.75,72.91,83.015,72.88,75.46,43.46,75.025,68.36,40.13,50.995000000000005,78.82,48.35,50.22,78.055,65.955,12235.8461251638,3034.33583036166,3845.99468970776,2196.51212616368,1135.01723311487,144.986927058782,2287.07053712432,1485.4284672576,53.4014226700243,1487.80902976625,14472.9586820561,6838.502211418,9129.69740715957,7876.68788577048,10459.7772645904,599.399305724817,5728.96863381715,8789.28609048605,3204.01665945197,2498.28482675233,6769.96230616723,1187.88861864999,1741.90826603392,5655.86151459011,"Indoleamine 2,3-dioxygenase 1",P14902,147435.0,gene,3620.0,IDO1,ENSG00000131203,bacteria
sp|P14902|I23O1_HUMAN,sp,P14902,I23O1,HUMAN,0283361|tr|A0A3R6ISN2|A0A3R6ISN2_9BACT,283361,tr,A0A3R6ISN2,A0A3R6ISN2,LVEIAA,169,174,LVEIAA,430,435,DLINSLVEIAAQSGNE,6,,,very_weak,,,very_weak,,,very_weak,,,,,,very_weak,,,,,,,,,,,,,,,very_weak,,,,,,,,,,,weak,very_weak,,,,,,,,,very_weak,,weak,very_weak,strong,weak,very_weak,,,,,weak,very_weak,,,very_weak,,,,,,very_weak,,,,,,very_weak,,,,strong,weak,very_weak,19.32,11.665,15.875,52.57,19.29,25.355,34.73,24.06,27.455,18.03,25.28,43.435,8.695,24.42,39.565,9.465,0.96,44.315,8.46,10.65,36.635,12.745,21.13,18.885,25.575000000000003,1921.83200929708,332.226607557274,692.244519833382,4997.65238374084,951.470105342902,3036.96343467544,2936.0900998417,735.588354326056,515.804508631051,630.73028622845,4125.90375056224,1876.62582504013,1067.74457100445,873.04843066035,4246.97240672838,94.3592401680748,76.5986624535772,3294.57434538494,921.779754849572,425.385205316524,1457.47244020026,637.777990068708,414.925428632148,601.426159585708,"Indoleamine 2,3-dioxygenase 1",P14902,147435.0,gene,3620.0,IDO1,ENSG00000131203,bacteria
sp|P14902|I23O1_HUMAN,sp,P14902,I23O1,HUMAN,0283361|tr|A0A3R6LSS6|A0A3R6LSS6_9BACT,283361,tr,A0A3R6LSS6,A0A3R6LSS6,EAKGTG,375,380,EAKGTG,462,467,YLAEQEAKGTGIDRPG,6,,,,,,,,,,,,,,,,,,,,,,,,,,,,,,,,,,,,,,,,,,,,,,,,,,,,,,,,,,,,,,,,,,,,,,,,,,,,,,,,,,,,,83.675,72.555,59.45,79.775,80.42,79.28999999999999,78.85499999999999,52.24,79.565,40.08,71.6,88.88499999999999,56.52,88.145,85.83500000000001,44.365,57.9,88.14500000000001,85.91,73.00999999999999,89.39500000000001,42.41,52.385000000000005,74.96000000000001,68.0,20711.6835815118,7182.18725224968,9149.57405459933,13887.5633399636,12558.6925207743,18728.8142598185,18103.5987267615,6190.56756114488,13286.5419900522,2488.94962426981,22220.2688714509,17608.4632237042,6392.0390409107,15664.8264921336,18901.6496100464,1128.35619032191,7345.8943555165,19983.2679104646,17968.3636552387,5073.76684494931,14500.5455201796,4163.1229543485,4014.8838813804,7488.49851450278,"Indoleamine 2,3-dioxygenase 1",P14902,147435.0,gene,3620.0,IDO1,ENSG00000131203,bacteria
sp|P14902|I23O1_HUMAN,sp,P14902,I23O1,HUMAN,0283361|tr|A0A3R6MB15|A0A3R6MB15_9BACT,283361,tr,A0A3R6MB15,A0A3R6MB15,LREAYD,328,333,LREAYD,86,91,QYKFDLREAYDENGTL,6,,,very_weak,,,,,,,,weak,very_weak,,,,,,,,weak,very_weak,,,,,,,,,,,,,,,,,,,,,,,,,,,,,,,,,,,,,,,,,,,,,,,,,,weak,very_weak,,,,,,,,,,,weak,very_weak,13.48,39.370000000000005,33.475,4.035,52.19,32.935,3.115,47.9,37.745,61.12,60.46,48.6,27.57,54.755,38.48,49.275,39.86,51.37,57.54,22.135,42.925,6.315,41.08,30.995,30.0,1764.40491332996,3614.59869351726,4320.38657407392,289.823375379168,5629.97418909758,6056.14489895971,225.660544550996,5432.38329250812,3475.72267285016,6333.45363236768,13990.268557739,6060.01217575801,2430.40344813334,4835.31518793083,5526.58772637483,2117.93278513165,3138.3468272369,7171.70410437873,9149.77204946691,1700.43749960773,3368.64848873469,1064.44558869225,3365.91599533866,2235.52138863033,"Indoleamine 2,3-dioxygenase 1",P14902,147435.0,gene,3620.0,IDO1,ENSG00000131203,bacteria
