human_id,database,protein,gene,species,pathogen_id,pathogen_species,database_pathogen,pathogen_protein,pathogen_gene,human_seq,human_start,human_end,pathogen_seq,pathogen_start,pathogen_end,extended_pathogen_seq,pathogen_length,binding_rank_strong_HLA_DQA10101_DQB10501,binding_rank_weak_HLA_DQA10101_DQB10501,binding_rank_very_weak_HLA_DQA10101_DQB10501,binding_rank_strong_DRB4_0101,binding_rank_weak_DRB4_0101,binding_rank_very_weak_DRB4_0101,binding_rank_strong_DRB1_0802,binding_rank_weak_DRB1_0802,binding_rank_very_weak_DRB1_0802,binding_rank_strong_DRB3_0101,binding_rank_weak_DRB3_0101,binding_rank_very_weak_DRB3_0101,binding_rank_strong_DRB1_1501,binding_rank_weak_DRB1_1501,binding_rank_very_weak_DRB1_1501,binding_rank_strong_DRB3_0202,binding_rank_weak_DRB3_0202,binding_rank_very_weak_DRB3_0202,binding_rank_strong_DRB1_0301,binding_rank_weak_DRB1_0301,binding_rank_very_weak_DRB1_0301,binding_rank_strong_DRB1_0701,binding_rank_weak_DRB1_0701,binding_rank_very_weak_DRB1_0701,binding_rank_strong_DRB1_1302,binding_rank_weak_DRB1_1302,binding_rank_very_weak_DRB1_1302,binding_rank_strong_HLA_DQA10501_DQB10301,binding_rank_weak_HLA_DQA10501_DQB10301,binding_rank_very_weak_HLA_DQA10501_DQB10301,binding_rank_strong_HLA_DPA10201_DPB11401,binding_rank_weak_HLA_DPA10201_DPB11401,binding_rank_very_weak_HLA_DPA10201_DPB11401,binding_rank_strong_HLA_DPA10103_DPB10201,binding_rank_weak_HLA_DPA10103_DPB10201,binding_rank_very_weak_HLA_DPA10103_DPB10201,binding_rank_strong_DRB5_0101,binding_rank_weak_DRB5_0101,binding_rank_very_weak_DRB5_0101,binding_rank_strong_HLA_DQA10301_DQB10302,binding_rank_weak_HLA_DQA10301_DQB10302,binding_rank_very_weak_HLA_DQA10301_DQB10302,binding_rank_strong_HLA_DPA10301_DPB10402,binding_rank_weak_HLA_DPA10301_DPB10402,binding_rank_very_weak_HLA_DPA10301_DPB10402,binding_rank_strong_HLA_DPA10201_DPB10501,binding_rank_weak_HLA_DPA10201_DPB10501,binding_rank_very_weak_HLA_DPA10201_DPB10501,binding_rank_strong_HLA_DQA10501_DQB10201,binding_rank_weak_HLA_DQA10501_DQB10201,binding_rank_very_weak_HLA_DQA10501_DQB10201,binding_rank_strong_DRB1_0101,binding_rank_weak_DRB1_0101,binding_rank_very_weak_DRB1_0101,binding_rank_strong_HLA_DQA10102_DQB10602,binding_rank_weak_HLA_DQA10102_DQB10602,binding_rank_very_weak_HLA_DQA10102_DQB10602,binding_rank_strong_HLA_DPA10103_DPB10401,binding_rank_weak_HLA_DPA10103_DPB10401,binding_rank_very_weak_HLA_DPA10103_DPB10401,binding_rank_strong_DRB1_1201,binding_rank_weak_DRB1_1201,binding_rank_very_weak_DRB1_1201,binding_rank_strong_DRB1_0401,binding_rank_weak_DRB1_0401,binding_rank_very_weak_DRB1_0401,binding_rank_strong_HLA_DPA10201_DPB10101,binding_rank_weak_HLA_DPA10201_DPB10101,binding_rank_very_weak_HLA_DPA10201_DPB10101,binding_rank_strong_HLA_DQA10401_DQB10402,binding_rank_weak_HLA_DQA10401_DQB10402,binding_rank_very_weak_HLA_DQA10401_DQB10402,binding_rank_strong_DRB1_0901,binding_rank_weak_DRB1_0901,binding_rank_very_weak_DRB1_0901,binding_rank_strong_DRB1_0405,binding_rank_weak_DRB1_0405,binding_rank_very_weak_DRB1_0405,binding_rank_strong_DRB1_1101,binding_rank_weak_DRB1_1101,binding_rank_very_weak_DRB1_1101,binding_rank_strong,binding_rank_weak,binding_rank_very_weak,Rank_average_HLA_DQA10101_DQB10501,Rank_average_DRB4_0101,Rank_average_DRB1_0802,Rank_average_DRB3_0101,Rank_average_DRB1_1501,Rank_average_DRB3_0202,Rank_average_DRB1_0301,Rank_average_DRB1_0701,Rank_average_DRB1_1302,Rank_average_HLA_DQA10501_DQB10301,Rank_average_HLA_DPA10201_DPB11401,Rank_average_HLA_DPA10103_DPB10201,Rank_average_HLA_DQA10301_DQB10302,Rank_average_HLA_DPA10301_DPB10402,Rank_average_HLA_DPA10201_DPB10501,Rank_average_DRB1_0101,Rank_average_HLA_DQA10102_DQB10602,Rank_average_HLA_DPA10103_DPB10401,Rank_average_DRB1_1201,Rank_average_DRB1_0401,Rank_average_HLA_DPA10201_DPB10101,Rank_average_HLA_DQA10401_DQB10402,Rank_average_DRB1_0901,Rank_average_DRB1_0405,Rank_average_DRB1_1101,nM_HLA_DQA10101_DQB10501,nM_DRB4_0101,nM_DRB1_0802,nM_DRB3_0101,nM_DRB1_1501,nM_DRB3_0202,nM_DRB1_0301,nM_DRB1_0701,nM_DRB1_1302,nM_HLA_DQA10501_DQB10301,nM_HLA_DPA10201_DPB11401,nM_HLA_DPA10103_DPB10201,nM_HLA_DQA10301_DQB10302,nM_HLA_DPA10301_DPB10402,nM_HLA_DPA10201_DPB10501,nM_DRB1_0101,nM_HLA_DQA10102_DQB10602,nM_HLA_DPA10103_DPB10401,nM_DRB1_1201,nM_DRB1_0401,nM_HLA_DPA10201_DPB10101,nM_HLA_DQA10401_DQB10402,nM_DRB1_0901,nM_DRB1_0405,Gene description,Uniprot,# MIM Number,MIM Entry Type,Entrez Gene ID,HGNC,Ensembl Gene ID,type
sp|P43308|SSRB_HUMAN,sp,P43308,SSRB,HUMAN,0001259|tr|Q1GAP1|Q1GAP1_LACDA,1259,tr,Q1GAP1,Q1GAP1,LDWAAF,148,153,LDWAAF,130,135,TYMPNLDWAAFALVKS,6,,weak,very_weak,,,,,,,,,,,,,,,very_weak,,,,,,,,,,,,,,,very_weak,strong,weak,very_weak,,,,,,very_weak,strong,weak,very_weak,,weak,very_weak,,,,,,,,,,strong,weak,very_weak,,,,,,,strong,weak,very_weak,,,very_weak,,,,,,,,,,strong,weak,very_weak,6.795000000000001,42.46,42.105,20.775,20.59,14.2,36.785,24.805,38.9,28.5,19.015,0.59,18.51,1.355,7.470000000000001,32.004999999999995,30.66,0.49,37.2,22.39,1.15,18.775,21.79,30.105,49.67,173.261506140114,756.231581438429,1211.98434354422,805.889237560251,348.798876668146,225.25560320214,1992.61813830686,333.956512546494,367.837852330599,525.044536603237,1353.34246043114,30.4424027462359,873.530319316313,96.0901131226545,682.915575506856,139.127080761633,407.054794449605,40.4979516012968,1714.60775574436,229.700501101858,119.727707791601,134.85859756805,258.670698207699,475.138203891078,Signal sequence receptor subunit 2,P43308,600867.0,gene,6746.0,SSR2,ENSG00000163479,bacteria
sp|P43308|SSRB_HUMAN,sp,P43308,SSRB,HUMAN,0001259|tr|Q1GAC9|Q1GAC9_LACDA,1259,tr,Q1GAC9,Q1GAC9,LLASKS,23,28,LLASKS,140,145,DLLETLLASKSKADKH,6,,,,,,,,weak,very_weak,,,,,,,,,very_weak,,,,,weak,very_weak,,,very_weak,,,,,,very_weak,,,,,,very_weak,,,,,,,,,,,,,,,very_weak,,,very_weak,,,,,,,,,very_weak,,,,,weak,very_weak,,weak,very_weak,,weak,very_weak,,weak,very_weak,,weak,very_weak,55.29,21.21,9.405,45.72,22.81,17.134999999999998,25.01,5.755,18.36,31.785,10.83,35.08,34.375,23.13,21.89,14.364999999999998,15.28,33.95,22.9,12.605,24.905,6.329999999999999,4.665,5.335,8.825,7405.10658712048,510.678982800736,399.203856741262,6239.79201068401,771.254192238857,3026.17195316133,2803.5878853243,200.930137581611,1196.2852576893,1055.15752566395,1917.51176288976,1454.57373331414,3717.96761964493,679.003268555956,991.469656579705,29.1457322536428,750.460674700381,2400.24603688793,1140.06347795838,475.189615572549,891.085525773888,259.110476886824,175.316972626901,309.362877919323,Signal sequence receptor subunit 2,P43308,600867.0,gene,6746.0,SSR2,ENSG00000163479,bacteria
sp|P43308|SSRB_HUMAN,sp,P43308,SSRB,HUMAN,0001259|tr|Q1GB84|Q1GB84_LACDA,1259,tr,Q1GB84,Q1GB84,LKAGYF,98,103,LKAGYF,239,244,SGITKLKAGYFLAQAS,6,,,very_weak,,,,,,,,,,,weak,very_weak,,,,,,,,,,,,,,,,,,,strong,weak,very_weak,,,very_weak,,,,,weak,very_weak,,weak,very_weak,,,,,weak,very_weak,,,,,weak,very_weak,strong,weak,very_weak,,,,,weak,very_weak,,,very_weak,,,,,,,,,,strong,weak,very_weak,14.275,28.67,30.09,38.485,7.984999999999999,47.41,34.195,21.09,27.75,28.875,24.815,1.39,38.815,4.705,9.385000000000002,9.115,25.955,2.255,0.04,52.72,7.395,10.175,32.315,52.385,27.755000000000003,340.819143533548,383.940865412483,589.902933486485,3503.70113360037,94.3378027364119,3994.86460772719,2342.97503034407,250.731848656061,522.545242389362,376.0430946763,1255.65994158599,33.1363565944816,1507.31753027802,84.922186249473,291.499598620037,34.3193312029434,363.041746339372,82.4968421031503,29.4701276678631,1104.14162079376,125.090836424363,62.7154903970579,224.292530470853,876.285012367063,Signal sequence receptor subunit 2,P43308,600867.0,gene,6746.0,SSR2,ENSG00000163479,bacteria
sp|P43308|SSRB_HUMAN,sp,P43308,SSRB,HUMAN,0001259|tr|Q1GAB3|Q1GAB3_LACDA,1259,tr,Q1GAB3,Q1GAB3,LASKSL,24,29,LASKSL,188,193,WLKEELASKSLSAVVG,6,,,,,,,,,very_weak,,,,,,,,,,,,,,weak,very_weak,,,,,,very_weak,,,very_weak,,weak,very_weak,,,,,,,,,very_weak,,,,,,,,,,,weak,very_weak,,,very_weak,,,,,,,,,very_weak,,weak,very_weak,,,very_weak,,,,,,,,weak,very_weak,58.74,21.96,16.485,48.075,37.8,35.18,42.045,8.22,23.630000000000003,16.04,14.51,4.37,42.415,13.04,22.35,27.855,4.395,14.615,30.46,23.295,18.74,6.84,10.295,35.575,25.23,8523.4991872328,576.295034417977,513.399189751843,4485.92004418713,920.085826263681,1882.80860901767,3636.17285851079,65.3619330763878,519.354956810476,277.133529079879,1594.91694605325,305.342420836002,3464.00921176009,857.878936265531,2594.87558095668,78.0991737665738,228.656565660139,1785.43330053094,2330.86356703575,352.444540655069,1130.43355609725,202.630856078429,100.029012240508,749.98175831026,Signal sequence receptor subunit 2,P43308,600867.0,gene,6746.0,SSR2,ENSG00000163479,bacteria
sp|P43308|SSRB_HUMAN,sp,P43308,SSRB,HUMAN,0001259|tr|Q1GA24|Q1GA24_LACDA,1259,tr,Q1GA24,Q1GA24,AVTQAE,13,18,AVTQAE,83,88,ERIPEAVTQAEVNRVL,6,,,,,,,,,,,,,,,,,,,,,,,weak,very_weak,,,very_weak,,weak,very_weak,,,very_weak,,,,,,,,weak,very_weak,,,,,,,,weak,very_weak,,,,,weak,very_weak,,,,,,,,,,,,,,weak,very_weak,,weak,very_weak,,,,,,,,weak,very_weak,31.395,21.87,49.835,30.72,37.19,28.05,26.31,9.97,16.81,3.885,15.27,42.93,4.58,41.475,48.06,26.26,7.734999999999999,48.32,31.75,28.235,36.635,9.65,7.37,32.205,60.535,5964.13156243926,1470.41325769978,4102.93298944976,5101.12416011421,3323.21537355861,6091.6984984223,3859.25035446847,469.943663458819,507.670989937486,220.004643951547,4698.7962668578,5054.91736650326,885.693111897139,4589.9076449153,8970.38657962365,539.685718320082,542.60739902918,8611.65543129287,4175.34781045464,1941.77202497191,3546.72480117234,985.032698840885,364.115684175564,2207.25668422673,Signal sequence receptor subunit 2,P43308,600867.0,gene,6746.0,SSR2,ENSG00000163479,bacteria
sp|P43308|SSRB_HUMAN,sp,P43308,SSRB,HUMAN,0644875|tr|A0A934P9N8|A0A934P9N8_9STRE,644875,tr,A0A934P9N8,A0A934P9N8,LLNRYA,29,34,LLNRYA,11,16,KQLVDLLNRYAKEYYT,6,,,,,,very_weak,,,very_weak,,,very_weak,,weak,very_weak,,,,,weak,very_weak,,,,,,very_weak,,,,,,,,,,,,very_weak,,,,,,,,,very_weak,,,,,weak,very_weak,,,,,,,,weak,very_weak,,,very_weak,,,,,,,,,,,,very_weak,,weak,very_weak,,weak,very_weak,25.595,15.595,10.85,18.03,4.64,27.435,9.795,50.145,11.86,71.57,46.35,32.685,57.64,30.425,13.41,8.03,35.355000000000004,42.055,4.4350000000000005,10.26,38.43,28.785,48.12,17.335,6.925,1738.66958603179,257.525748209533,336.491809177907,523.037356630649,97.8622654076359,2315.27985056231,413.491304404237,1354.48508601703,451.536125272564,3764.1110611068,5397.5816000675,1135.49627893721,4860.28233604319,901.43245509465,876.664342828481,40.0105857634207,1037.75535691387,1897.16390103548,286.313858562364,268.462418517995,968.210720821277,485.3692108046,1099.26627004837,392.981244769318,Signal sequence receptor subunit 2,P43308,600867.0,gene,6746.0,SSR2,ENSG00000163479,bacteria
sp|P43308|SSRB_HUMAN,sp,P43308,SSRB,HUMAN,0644875|tr|A0A934PBP8|A0A934PBP8_9STRE,644875,tr,A0A934PBP8,A0A934PBP8,DVELSD,56,61,DVELSD,67,72,LLPKFDVELSDGRQFI,6,,,,,,,,,,,weak,very_weak,,,,,,,,weak,very_weak,,,very_weak,,,,,,,,,,,,,,weak,very_weak,,,,,,,,,,,,,,,,,,,,,,,,very_weak,,,,,,,,,,,,very_weak,,,,,,,,weak,very_weak,32.01,26.99,56.455,7.225,36.335,30.19,6.824999999999999,13.335,21.54,57.5,49.2,59.095,39.91,39.715,26.03,36.09,59.315,43.18,18.255,20.275,37.43,44.615,12.46,35.935,47.14,2929.48981810841,1240.06579702232,4266.22355049851,581.311283020165,1533.48951656441,6130.2459601808,535.138665091311,384.456326344611,496.813976433923,3308.57747357024,10286.7130391918,4625.00303346623,2810.42139471525,3492.64909488575,4428.3400055742,633.00689756267,3625.64431814771,5414.54438300881,1470.33371212429,1142.92884706449,2259.9872717895,1354.22131759335,319.216854832167,1862.08340261533,Signal sequence receptor subunit 2,P43308,600867.0,gene,6746.0,SSR2,ENSG00000163479,bacteria
sp|P43308|SSRB_HUMAN,sp,P43308,SSRB,HUMAN,0644875|tr|A0A934UD30|A0A934UD30_9STRE,644875,tr,A0A934UD30,A0A934UD30,AFGVMT,152,157,AFGVMT,274,279,NDINEAFGVMTTVIGS,6,,,very_weak,,,,,weak,very_weak,,,,,,,,,,,,,,,,,,,,,very_weak,,,,,,,,,,,,,,,,,,,,,,,weak,very_weak,,weak,very_weak,,,,,,,strong,weak,very_weak,,,,,,very_weak,,,,,weak,very_weak,,weak,very_weak,strong,weak,very_weak,14.760000000000002,32.745000000000005,5.09,57.57,47.525000000000006,20.165,74.35,27.365,55.92,11.205,58.635000000000005,52.135000000000005,22.885,58.585,67.035,3.595,3.255,60.355,59.885,1.955,64.01,18.49,29.135,4.075,7.479999999999999,1377.06440828802,1316.81271885063,267.21051452566,5097.75849593923,1063.36353490692,3793.42577202444,8416.00591922594,323.69656266046,1159.88382597676,201.987308433103,7094.06558098522,2568.08992416347,1275.88760446586,2445.99443122467,6455.42559036625,28.37897522409,102.019409313759,4094.59562077249,3517.07063957876,113.699115493443,2720.63220062943,205.7725855667,253.434760857459,182.639818629802,Signal sequence receptor subunit 2,P43308,600867.0,gene,6746.0,SSR2,ENSG00000163479,bacteria
sp|P43308|SSRB_HUMAN,sp,P43308,SSRB,HUMAN,0644875|tr|A0A934PAW4|A0A934PAW4_9STRE,644875,tr,A0A934PAW4,A0A934PAW4,PVVIGS,119,124,PVVIGS,38,43,RLKGKPVVIGSDPRQT,6,,,,,,,,,very_weak,,,,,,,,,,,,,,,,,,,,weak,very_weak,,,,,,,,,,,,,,,,,,,,,,,,,,,,,,,,,,,,very_weak,,,,,,very_weak,,,,,,,,,,,weak,very_weak,48.575,22.815,14.294999999999998,43.65,34.84,27.095,28.285,44.94499999999999,31.380000000000003,7.890000000000001,42.05,68.395,32.555,71.405,65.555,41.545,20.4,71.125,50.04,11.78,68.425,16.4,29.125,27.86,35.625,9866.47671869402,1696.13772956857,970.938270100999,7962.460773722,3570.98349532577,6424.14066737703,4804.44248143788,3095.61784815111,1832.2847408122,250.794252269722,9335.26958071731,12071.8655867563,3883.92331082486,11777.961693901,13335.6538210084,1206.33257281703,1305.44968470142,16015.2964680168,7788.04611172304,893.131837522566,9095.38615048078,1215.25398304342,1234.45669872107,2414.2325898036,Signal sequence receptor subunit 2,P43308,600867.0,gene,6746.0,SSR2,ENSG00000163479,bacteria
sp|P43308|SSRB_HUMAN,sp,P43308,SSRB,HUMAN,0644875|tr|A0A934P9A9|A0A934P9A9_9STRE,644875,tr,A0A934P9A9,A0A934P9A9,RLLASK,22,27,RLLASK,33,38,PVKNLRLLASKRSVGK,6,,,,,weak,very_weak,strong,weak,very_weak,,,,strong,weak,very_weak,,weak,very_weak,,weak,very_weak,,weak,very_weak,,weak,very_weak,,,,,,very_weak,,,,strong,weak,very_weak,,,,,,,,,very_weak,,,,strong,weak,very_weak,,,very_weak,,,,strong,weak,very_weak,strong,weak,very_weak,,,,,weak,very_weak,,,very_weak,,weak,very_weak,strong,weak,very_weak,strong,weak,very_weak,36.795,5.005,0.96,47.69,1.0,8.95,7.25,9.86,6.3100000000000005,45.195,16.0,28.215000000000003,78.115,23.62,11.595,0.7,17.965,34.37,1.745,1.985,37.825,8.86,14.125,5.255,0.795,6963.0397375021,42.5972875815726,39.9876483404113,6032.27502072373,24.8752785822003,741.268956319424,506.168167496943,145.220855806209,201.561593400662,1353.06427458432,1352.78614591991,1473.69427919332,10906.5816405327,707.4488714179,799.436588686983,5.78770732687895,456.304972836955,2401.80475057811,132.455181128972,60.2015976624948,1227.37142670932,72.1795953311765,139.741098665321,132.628704110524,Signal sequence receptor subunit 2,P43308,600867.0,gene,6746.0,SSR2,ENSG00000163479,bacteria
sp|P43308|SSRB_HUMAN,sp,P43308,SSRB,HUMAN,0283361|tr|A0A416A9J7|A0A416A9J7_9BACT,283361,tr,A0A416A9J7,A0A416A9J7,VELSDD,57,62,VELSDD,173,178,IQNLGVELSDDGIKAG,6,,,,,weak,very_weak,,,,,,,,,,,,,,,,,,,,,,,,,,,,,,,,,,,,,,,,,,,,,,,,,,,very_weak,,,,,,,,,,,,,,,,,,,,,,,,,,weak,very_weak,27.99,5.45,61.05,21.905,64.645,66.28,30.345,75.845,63.265,56.475,77.895,79.95,23.275,69.58,75.575,47.0,16.515,73.125,57.3,27.025,70.56,45.665,69.91,40.655,69.745,2880.33368740484,388.394831067926,4740.46532897758,2373.31145595996,5831.28085956582,14793.7213940366,3690.91291480808,6611.64616212231,4713.05303312774,2950.70780795198,15430.4973272381,9318.71935905515,1164.62472014957,6372.56551905538,11386.5079895743,1221.92551104597,857.220163082257,11017.9548262916,5385.44792636287,1646.76992462538,5246.72032978999,1673.40668381475,4548.7252443206,2169.82030557452,Signal sequence receptor subunit 2,P43308,600867.0,gene,6746.0,SSR2,ENSG00000163479,bacteria
sp|P43308|SSRB_HUMAN,sp,P43308,SSRB,HUMAN,0283361|tr|A0A416AEU7|A0A416AEU7_9BACT,283361,tr,A0A416AEU7,A0A416AEU7,VIGSTS,121,126,VIGSTS,25,30,VVLGHVIGSTSEGGMK,6,,,,,,,,,,,,,,,,,,,,,,,,,,,,,weak,very_weak,,,,,,,,,,,,,,,,,,,,,,,,,,weak,very_weak,,,,,,,,,very_weak,,,,,,,,,,,,,,,,,weak,very_weak,64.345,49.745,41.985,74.33,50.095,49.36,48.74,36.835,60.45,4.640000000000001,61.16,72.24000000000001,23.950000000000003,75.58500000000001,80.62,31.405,8.845,79.41499999999999,64.72,15.205,77.97,28.61,21.575,39.45,58.785,9497.2577832241,2310.92510930767,1666.8110665618,12306.879709734,2449.64934538097,9008.80637023042,9154.6242623415,1684.34200415107,3576.8998902524,135.641501300034,10236.4175187708,6911.92274073629,2788.43156757123,7095.37055668195,12060.3769450215,240.702327039797,543.230070556639,12128.8169909348,6927.79545811439,1054.25600194503,7426.77105143777,386.182318287993,694.352393509353,2330.98966758171,Signal sequence receptor subunit 2,P43308,600867.0,gene,6746.0,SSR2,ENSG00000163479,bacteria
sp|P43308|SSRB_HUMAN,sp,P43308,SSRB,HUMAN,0283361|tr|A0A416A9M0|A0A416A9M0_9BACT,283361,tr,A0A416A9M0,A0A416A9M0,SLLNRY,28,33,SLLNRY,373,378,SCYYYSLLNRYYAHRG,6,,,,,,,,weak,very_weak,,,very_weak,,weak,very_weak,,,very_weak,,,,,,very_weak,,,very_weak,,,,,,,,weak,very_weak,,weak,very_weak,,,,,weak,very_weak,,weak,very_weak,,,,,,very_weak,,,,,weak,very_weak,,weak,very_weak,,,,,weak,very_weak,,,very_weak,,,very_weak,,,very_weak,strong,weak,very_weak,strong,weak,very_weak,22.6,41.605,2.6950000000000003,15.635,6.215,19.19,38.59,19.795,10.26,62.145,21.875,5.385,52.625,4.755,6.779999999999999,12.010000000000002,59.040000000000006,3.03,8.51,20.235,5.02,10.485,12.085,16.345,1.005,1074.90809960629,350.899707288749,79.7170075364401,535.590482091526,66.9799100796265,426.375910510398,1336.40504580183,80.2718047469342,186.247822946173,2042.12039747532,1393.79308056901,46.0414236871075,4355.77693820785,51.3735896653577,181.426574882175,22.7429284277627,1374.1323265374,64.2867346448632,206.325477634693,127.37716311209,85.3689945830982,98.9696863225392,76.6376250451503,84.3279484129216,Signal sequence receptor subunit 2,P43308,600867.0,gene,6746.0,SSR2,ENSG00000163479,bacteria
sp|P43308|SSRB_HUMAN,sp,P43308,SSRB,HUMAN,0283361|tr|A0A3R6KV14|A0A3R6KV14_9BACT,283361,tr,A0A3R6KV14,A0A3R6KV14,QAEEGA,16,21,QAEEGA,201,206,LTVLVQAEEGAFVPGI,6,,,,,,very_weak,,,,,,very_weak,,,,,,,,,,,,,,,,,,very_weak,,,,,,,,,,,weak,very_weak,,,,,,,,,very_weak,,weak,very_weak,,,,,,,,,very_weak,,,,,,,,,,,,very_weak,,,,,,,,weak,very_weak,21.21,11.4,50.64,14.385000000000002,21.91,36.655,20.125,22.115,26.825,16.939999999999998,31.755,42.84,8.215,29.745,39.03,5.744999999999999,42.335,32.81,10.785,33.205,26.975,53.620000000000005,10.055,37.32,57.795,2213.71425956503,527.584325706677,3448.78846643266,1462.44831637669,1201.62990037193,8051.17100629914,2493.20818481959,1048.10294042468,809.594817071442,488.57798753607,6499.22744644959,3110.96246541918,700.381093446955,2100.99750876264,5431.32540623626,72.3782338310775,1226.6412502214,3581.15956364265,1245.17484283942,1754.58167793232,1555.5144641826,2457.13507462495,486.978859686532,1854.02182461629,Signal sequence receptor subunit 2,P43308,600867.0,gene,6746.0,SSR2,ENSG00000163479,bacteria
sp|P43308|SSRB_HUMAN,sp,P43308,SSRB,HUMAN,0283361|tr|A0A3R6NAR7|A0A3R6NAR7_9BACT,283361,tr,A0A3R6NAR7,A0A3R6NAR7,LTLQYN,40,45,LTLQYN,260,265,DLIQDLTLQYNKTRQQ,6,,,,,weak,very_weak,,,,,weak,very_weak,,,very_weak,,weak,very_weak,strong,weak,very_weak,,,,,weak,very_weak,,,,,,,,,,,weak,very_weak,,,,,,very_weak,,,very_weak,,,,,,,,,,,,,,,very_weak,,,,,,very_weak,,,,,,,,,,,,,strong,weak,very_weak,40.78,9.14,25.6,2.77,18.27,7.74,1.455,50.37,8.46,56.585,40.655,24.355,48.815,17.439999999999998,19.2,36.275,21.88,25.71,14.28,28.17,19.16,25.035,52.675,36.03,22.715,3375.36160636331,301.14930193187,1356.42095824299,42.6198773363892,766.703068002465,928.184915677271,23.01746769897,2245.87349396055,308.440418337778,5086.1887555281,7014.6865621362,1082.06114863258,4006.1185526062,643.30156303653,1587.63406279969,359.640393129228,1019.10635586843,1619.99616786684,794.856752708864,430.776479183868,719.343246926497,875.252169690587,2213.78611642366,975.508307833617,Signal sequence receptor subunit 2,P43308,600867.0,gene,6746.0,SSR2,ENSG00000163479,bacteria
sp|P43308|SSRB_HUMAN,sp,P43308,SSRB,HUMAN,0283361|tr|A0A3R6NAR7|A0A3R6NAR7_9BACT,283361,tr,A0A3R6NAR7,A0A3R6NAR7,DLTLQY,39,44,DLTLQY,259,264,NDLIQDLTLQYNKTRQ,6,,,,,weak,very_weak,,,,strong,weak,very_weak,,,,,,very_weak,strong,weak,very_weak,,,,,,very_weak,,,,,,,,,very_weak,,weak,very_weak,,,,,,very_weak,,,very_weak,,,,,,,,,very_weak,,,very_weak,,weak,very_weak,,,very_weak,,,very_weak,,,,,,,,,,,,,strong,weak,very_weak,24.105,5.785,34.295,0.565,23.985,18.805,0.185,47.515,10.975,45.06,26.72,17.369999999999997,29.67,10.44,11.175,32.795,13.91,17.04,7.800000000000001,10.185,10.645,27.255000000000003,51.025000000000006,20.775,36.325,2259.03382308062,299.80659788483,1985.62354540518,27.7982193278674,817.720467992557,2467.4986894677,17.5747325744289,2472.36247432786,272.2711071056,4586.18452201598,6667.24794222309,1010.93556748244,2862.56260086696,583.83891575219,1499.68805778241,379.464066053745,892.735722362674,1499.4122361812,703.190561505663,274.739117095654,592.192342198108,1248.46647976784,2386.7794881577,679.03265585116,Signal sequence receptor subunit 2,P43308,600867.0,gene,6746.0,SSR2,ENSG00000163479,bacteria
sp|P43308|SSRB_HUMAN,sp,P43308,SSRB,HUMAN,0283361|tr|A0A3R6NE95|A0A3R6NE95_9BACT,283361,tr,A0A3R6NE95,A0A3R6NE95,PSIGIP,159,164,PSIGIP,71,76,KNYDSPSIGIPFDAWS,6,,,,,,,,,,,,,,,,,,,,,,,,,,,,,weak,very_weak,,,,,,,,,,,,,,,,,,,,,,,,,,,,,,,,,,,,,,,,,,,,,,,,,,,,,weak,very_weak,58.02,83.745,84.92500000000001,60.16,71.405,70.625,84.395,25.975,58.885000000000005,4.41,75.00999999999999,63.965,33.0,68.28,73.92,62.58,58.965,48.015,61.675,74.57,44.07,47.975,34.254999999999995,78.92,82.97,7044.04420298228,6209.6192988505,8427.7607727774,6908.10973380797,5494.92684712104,11911.2424948351,13640.3578026445,882.374044378869,2506.02763440907,100.510705867869,15172.7264289094,4220.08446958267,1946.2311602547,4810.37219998271,10340.9472850531,1444.19229181489,2726.99794997574,4717.84892532031,6570.71143019554,5984.36387428536,2899.53243587507,1575.09249847613,1002.35298518273,6117.98757093935,Signal sequence receptor subunit 2,P43308,600867.0,gene,6746.0,SSR2,ENSG00000163479,bacteria
sp|P43308|SSRB_HUMAN,sp,P43308,SSRB,HUMAN,0283361|tr|A0A3R6LSB5|A0A3R6LSB5_9BACT,283361,tr,A0A3R6LSB5,A0A3R6LSB5,DRIAPA,81,86,DRIAPA,399,404,EQGREDRIAPAWEAEI,6,,,,,,,,,,,,,,,,,,,,,,,,,,,,,,very_weak,,,,,,,,,,,weak,very_weak,,,,,,,,,very_weak,,,,,,,,,,,,,,,,,,,,,very_weak,,,very_weak,,,,,,,,weak,very_weak,25.765,49.22,52.08,45.07,42.09,42.94,52.88,24.26,52.44,18.51,33.155,48.89,8.844999999999999,56.845,61.445,22.92,20.2,47.7,46.760000000000005,35.485,57.59,18.225,11.2,45.715,57.285,2970.3756322953,3440.66335500788,4420.24999625359,6617.2283678763,3463.82181777081,8991.37553670951,7748.54212345466,1476.05603637489,3662.50928006258,822.102861196601,7588.33136477812,5088.50060103027,876.237607601608,5620.41864104665,8522.66922630071,399.709534520803,1287.07687381489,7065.110981788,6932.66939050239,2537.01996937675,3944.69716533039,1290.70270187548,521.573689030477,3470.53684165176,Signal sequence receptor subunit 2,P43308,600867.0,gene,6746.0,SSR2,ENSG00000163479,bacteria
sp|P43308|SSRB_HUMAN,sp,P43308,SSRB,HUMAN,0283361|tr|A0A3R6J957|A0A3R6J957_9BACT,283361,tr,A0A3R6J957,A0A3R6J957,LSFVVL,4,9,LSFVVL,75,80,LVMKPLSFVVLEGCLV,6,,,,,,,,,,,,,,,,,,,,,,,,,,,,,,,,,,,,,,,,,,,,,,,,,,,,,,very_weak,,,,,,,,,,,,,,,,,,,,,,,,,,,,,,very_weak,33.68,52.8,60.32000000000001,41.4,47.6,67.645,71.49,51.395,62.255,68.96,58.26,22.045,39.155,23.41,48.825,11.155,57.585,20.155,30.46,67.015,43.255,41.56,55.17,55.28,61.735,1212.01057063175,582.198801789056,1466.91732013445,2905.75080937839,441.602394458193,6326.94695339239,6059.61878059864,484.414362377796,1265.39788451477,2814.77312390823,4209.68673373921,247.42248679203,2955.18083549531,254.487167258513,1634.45076063902,53.0753919748503,1526.10730338135,416.373536917126,696.293388043605,2188.75444968295,520.942020932748,662.421955529191,579.352217888743,1074.55924820736,Signal sequence receptor subunit 2,P43308,600867.0,gene,6746.0,SSR2,ENSG00000163479,bacteria
sp|P43308|SSRB_HUMAN,sp,P43308,SSRB,HUMAN,0283361|tr|A0A3R6KY18|A0A3R6KY18_9BACT,283361,tr,A0A3R6KY18,A0A3R6KY18,APASNV,84,89,APASNV,1094,1099,TNQTGAPASNVLKDFG,6,,,,,,,,,,,,,,,,,,,,,,,,,,,,,weak,very_weak,,,,,,,,,,,,,,,,,,,,,,,,,,,,,,,,,,,,,,,,,,,,,,,,,,,,,weak,very_weak,82.38499999999999,80.405,75.445,69.59,82.55,64.345,73.325,52.14,74.425,5.115,51.165,79.095,32.355000000000004,83.03999999999999,84.035,52.225,21.835,84.855,76.18,73.225,84.755,34.265,52.97,81.82499999999999,76.645,16379.100370887,7311.32227178074,7519.26961853232,11019.0277849874,10201.5888376521,12233.5957167186,13814.728472535,4950.88273800959,6340.3099973239,86.4060629473253,13068.9692513839,11988.6905206253,2740.45605842933,14381.484775045,16891.6747643378,1884.31670898339,1209.88801431216,15884.1421627661,13191.5718503511,6233.11178566759,11408.3351936135,1370.52419475009,3496.84627023571,9390.58182985485,Signal sequence receptor subunit 2,P43308,600867.0,gene,6746.0,SSR2,ENSG00000163479,bacteria
