human_id,database,protein,gene,species,pathogen_id,pathogen_species,database_pathogen,pathogen_protein,pathogen_gene,human_seq,human_start,human_end,pathogen_seq,pathogen_start,pathogen_end,extended_pathogen_seq,pathogen_length,binding_rank_strong_HLA_DQA10101_DQB10501,binding_rank_weak_HLA_DQA10101_DQB10501,binding_rank_very_weak_HLA_DQA10101_DQB10501,binding_rank_strong_DRB4_0101,binding_rank_weak_DRB4_0101,binding_rank_very_weak_DRB4_0101,binding_rank_strong_DRB1_0802,binding_rank_weak_DRB1_0802,binding_rank_very_weak_DRB1_0802,binding_rank_strong_DRB3_0101,binding_rank_weak_DRB3_0101,binding_rank_very_weak_DRB3_0101,binding_rank_strong_DRB1_1501,binding_rank_weak_DRB1_1501,binding_rank_very_weak_DRB1_1501,binding_rank_strong_DRB3_0202,binding_rank_weak_DRB3_0202,binding_rank_very_weak_DRB3_0202,binding_rank_strong_DRB1_0301,binding_rank_weak_DRB1_0301,binding_rank_very_weak_DRB1_0301,binding_rank_strong_DRB1_0701,binding_rank_weak_DRB1_0701,binding_rank_very_weak_DRB1_0701,binding_rank_strong_DRB1_1302,binding_rank_weak_DRB1_1302,binding_rank_very_weak_DRB1_1302,binding_rank_strong_HLA_DQA10501_DQB10301,binding_rank_weak_HLA_DQA10501_DQB10301,binding_rank_very_weak_HLA_DQA10501_DQB10301,binding_rank_strong_HLA_DPA10201_DPB11401,binding_rank_weak_HLA_DPA10201_DPB11401,binding_rank_very_weak_HLA_DPA10201_DPB11401,binding_rank_strong_HLA_DPA10103_DPB10201,binding_rank_weak_HLA_DPA10103_DPB10201,binding_rank_very_weak_HLA_DPA10103_DPB10201,binding_rank_strong_DRB5_0101,binding_rank_weak_DRB5_0101,binding_rank_very_weak_DRB5_0101,binding_rank_strong_HLA_DQA10301_DQB10302,binding_rank_weak_HLA_DQA10301_DQB10302,binding_rank_very_weak_HLA_DQA10301_DQB10302,binding_rank_strong_HLA_DPA10301_DPB10402,binding_rank_weak_HLA_DPA10301_DPB10402,binding_rank_very_weak_HLA_DPA10301_DPB10402,binding_rank_strong_HLA_DPA10201_DPB10501,binding_rank_weak_HLA_DPA10201_DPB10501,binding_rank_very_weak_HLA_DPA10201_DPB10501,binding_rank_strong_HLA_DQA10501_DQB10201,binding_rank_weak_HLA_DQA10501_DQB10201,binding_rank_very_weak_HLA_DQA10501_DQB10201,binding_rank_strong_DRB1_0101,binding_rank_weak_DRB1_0101,binding_rank_very_weak_DRB1_0101,binding_rank_strong_HLA_DQA10102_DQB10602,binding_rank_weak_HLA_DQA10102_DQB10602,binding_rank_very_weak_HLA_DQA10102_DQB10602,binding_rank_strong_HLA_DPA10103_DPB10401,binding_rank_weak_HLA_DPA10103_DPB10401,binding_rank_very_weak_HLA_DPA10103_DPB10401,binding_rank_strong_DRB1_1201,binding_rank_weak_DRB1_1201,binding_rank_very_weak_DRB1_1201,binding_rank_strong_DRB1_0401,binding_rank_weak_DRB1_0401,binding_rank_very_weak_DRB1_0401,binding_rank_strong_HLA_DPA10201_DPB10101,binding_rank_weak_HLA_DPA10201_DPB10101,binding_rank_very_weak_HLA_DPA10201_DPB10101,binding_rank_strong_HLA_DQA10401_DQB10402,binding_rank_weak_HLA_DQA10401_DQB10402,binding_rank_very_weak_HLA_DQA10401_DQB10402,binding_rank_strong_DRB1_0901,binding_rank_weak_DRB1_0901,binding_rank_very_weak_DRB1_0901,binding_rank_strong_DRB1_0405,binding_rank_weak_DRB1_0405,binding_rank_very_weak_DRB1_0405,binding_rank_strong_DRB1_1101,binding_rank_weak_DRB1_1101,binding_rank_very_weak_DRB1_1101,binding_rank_strong,binding_rank_weak,binding_rank_very_weak,Rank_average_HLA_DQA10101_DQB10501,Rank_average_DRB4_0101,Rank_average_DRB1_0802,Rank_average_DRB3_0101,Rank_average_DRB1_1501,Rank_average_DRB3_0202,Rank_average_DRB1_0301,Rank_average_DRB1_0701,Rank_average_DRB1_1302,Rank_average_HLA_DQA10501_DQB10301,Rank_average_HLA_DPA10201_DPB11401,Rank_average_HLA_DPA10103_DPB10201,Rank_average_HLA_DQA10301_DQB10302,Rank_average_HLA_DPA10301_DPB10402,Rank_average_HLA_DPA10201_DPB10501,Rank_average_DRB1_0101,Rank_average_HLA_DQA10102_DQB10602,Rank_average_HLA_DPA10103_DPB10401,Rank_average_DRB1_1201,Rank_average_DRB1_0401,Rank_average_HLA_DPA10201_DPB10101,Rank_average_HLA_DQA10401_DQB10402,Rank_average_DRB1_0901,Rank_average_DRB1_0405,Rank_average_DRB1_1101,nM_HLA_DQA10101_DQB10501,nM_DRB4_0101,nM_DRB1_0802,nM_DRB3_0101,nM_DRB1_1501,nM_DRB3_0202,nM_DRB1_0301,nM_DRB1_0701,nM_DRB1_1302,nM_HLA_DQA10501_DQB10301,nM_HLA_DPA10201_DPB11401,nM_HLA_DPA10103_DPB10201,nM_HLA_DQA10301_DQB10302,nM_HLA_DPA10301_DPB10402,nM_HLA_DPA10201_DPB10501,nM_DRB1_0101,nM_HLA_DQA10102_DQB10602,nM_HLA_DPA10103_DPB10401,nM_DRB1_1201,nM_DRB1_0401,nM_HLA_DPA10201_DPB10101,nM_HLA_DQA10401_DQB10402,nM_DRB1_0901,nM_DRB1_0405,Gene description,Uniprot,# MIM Number,MIM Entry Type,Entrez Gene ID,HGNC,Ensembl Gene ID,type
sp|P54105|ICLN_HUMAN,sp,P54105,ICLN,HUMAN,0001259|tr|Q1G9T5|Q1G9T5_LACDA,1259,tr,Q1G9T5,Q1G9T5,MLSQSV,191,196,MLSQSV,163,168,ATLAFMLSQSVEITLL,6,,,,,,very_weak,,,,,weak,very_weak,,,very_weak,,weak,very_weak,,,,strong,weak,very_weak,,,,,,,,,,,,,,,,,,,,,very_weak,,,,,,very_weak,,weak,very_weak,,,,,,very_weak,,,,,,,,,,,,,,weak,very_weak,,,very_weak,,,,strong,weak,very_weak,20.19,14.405,36.43,7.34,10.1,9.52,44.61,1.135,22.33,32.635000000000005,22.645000000000003,27.845,31.34,16.73,44.16,5.245,45.91,15.39,24.3,21.135,26.615,41.97,3.31,16.705,37.655,376.124477539622,113.443521772009,611.418880502939,333.931220156352,79.0291139081801,247.312751819209,2070.48710471621,12.0647863384775,76.6276752657559,690.538919931722,1210.21532657983,370.329727444517,1707.96062223507,212.501623012702,1835.2410354454,11.9542080969962,613.154578685704,401.260804125519,636.571524748532,189.110983252312,373.767465745814,342.097440082333,43.2811537974468,134.690900805664,Chloride nucleotide-sensitive channel 1A,P54105,602158.0,gene,1207.0,CLNS1A,ENSG00000074201,bacteria
sp|P54105|ICLN_HUMAN,sp,P54105,ICLN,HUMAN,0001259|tr|Q1GA80|Q1GA80_LACDA,1259,tr,Q1GA80,Q1GA80,EEDSDD,99,104,EEDSDD,49,54,LDDEDEEDSDDSDAIE,6,,,,,,,,,,,,,,,,,,,,,,,,,,,,,,,,,,,,,,,,,,,,,,,,,,,,,,,,,,,,,,,,,,,,,,,,,,,,,,,,,,,,,48.68000000000001,95.0,95.0,50.355,95.0,95.0,77.455,95.0,95.0,95.0,95.0,95.0,46.05,95.0,95.0,95.0,95.0,95.0,95.0,95.0,95.0,95.0,95.0,95.0,95.0,14081.5393226857,36271.9045713103,41505.9280124937,14391.4469103726,37719.960881007,42562.3732386346,22141.0722761118,41352.6247773254,38712.2810140369,33832.7412398613,42872.9673952697,36399.2827947258,7573.48507147631,36203.6818209663,36255.0329758606,39240.2596234244,37258.3661034019,36369.757363328,40393.0191879609,38286.1516610699,33550.2287370581,35440.9346367392,41311.9290280541,37854.0625854473,Chloride nucleotide-sensitive channel 1A,P54105,602158.0,gene,1207.0,CLNS1A,ENSG00000074201,bacteria
sp|P54105|ICLN_HUMAN,sp,P54105,ICLN,HUMAN,0001259|sp|Q1GBQ3|RPOE_LACDA,1259,sp,Q1GBQ3,RPOE,DPEDED,138,143,DPEDED,129,134,DYENDDPEDEDLSDDS,6,,,,,,,,,,,,,,,,,,,,,,,,,,,,,,,,,,,,,,,,,,,,,,,,,,,,,,,,,,,,,,,,,,,,,,,,,,,,,,,,,,,,,66.785,95.0,94.33,31.42,95.0,71.5,67.085,94.4,95.0,65.01,85.34,91.995,54.43,93.075,91.785,92.64,95.0,83.58500000000001,95.0,68.58500000000001,89.03,93.055,93.315,63.935,92.23,16670.708758846,31559.310699028,35532.3164523098,6670.27843281398,34713.7826482035,26630.0802893718,15735.1527228839,33918.8754462933,30829.298084215,23278.9977682183,37095.0553963496,29918.0575385427,8385.8284592999,28945.6121569567,32949.0962179075,29450.7522114108,32625.2123392228,24354.155828086,35440.9346367392,16152.4264033021,26549.5255347856,30270.3664577615,31902.6294104847,15015.6182419954,Chloride nucleotide-sensitive channel 1A,P54105,602158.0,gene,1207.0,CLNS1A,ENSG00000074201,bacteria
sp|P54105|ICLN_HUMAN,sp,P54105,ICLN,HUMAN,0644875|tr|A0A934PA20|A0A934PA20_9STRE,644875,tr,A0A934PA20,A0A934PA20,DPEDED,138,143,DPEDED,128,133,DYSDDDPEDEDFETND,6,,,,,,,,,,,,,,,,,,,,,,,,,,,,,,,,,,,,,,,,,,,,,,,,,,weak,very_weak,,,,,,,,,,,,,,,,,,,,,,,,,,,,,,,,weak,very_weak,34.0,56.155,95.0,24.245,94.265,55.595,47.925,95.0,92.88,74.995,94.11,79.545,24.16,80.61,77.42999999999999,95.0,85.89,53.760000000000005,94.35,52.185,63.335,94.46,92.905,46.94,95.0,7189.65125667649,12844.5320038623,32816.7440398744,5266.74088980391,28700.1819012515,23657.8428125102,12094.2214110127,32325.4906509691,27088.0693454719,22916.3830649064,36574.9606978924,16527.7480655262,4122.95847229585,18356.0654000332,21867.0468360198,29987.086588199,23578.114005772,16851.1498070808,30650.6924225945,11268.8485985096,13416.2653558416,24565.6102697983,31511.8827730673,8549.08310346741,Chloride nucleotide-sensitive channel 1A,P54105,602158.0,gene,1207.0,CLNS1A,ENSG00000074201,bacteria
sp|P54105|ICLN_HUMAN,sp,P54105,ICLN,HUMAN,0644875|tr|A0A934PAL1|A0A934PAL1_9STRE,644875,tr,A0A934PAL1,A0A934PAL1,VADEEE,94,99,VADEEE,267,272,EIVGYVADEEEEITYD,6,strong,weak,very_weak,,,,,,,strong,weak,very_weak,,,,,,,,weak,very_weak,,,,,,,,,,,,,,,,,,,strong,weak,very_weak,,,,,,,strong,weak,very_weak,,,,,,,,,very_weak,,,,,,,,,very_weak,,,,,,,,,very_weak,,,,strong,weak,very_weak,1.085,36.985,57.30499999999999,0.4549999999999999,29.275,22.615,7.565,35.585,38.925,30.505,37.445,32.955,0.175,21.39,25.59,39.185,45.11,17.575,44.385,24.75,15.215,21.785,31.67,17.61,54.66,281.530903161744,2823.98564378088,9794.89283163969,67.961769012179,2164.47415230963,6925.02259638209,1177.07759071699,4709.84149392032,4609.76552966949,3580.73336812825,13242.9115230257,3800.57415932584,290.027275673943,2355.88852594777,6027.83843729804,2981.16166808843,3120.87423950463,3014.01621916321,7467.94669895414,2203.2243093129,1370.27212887818,2653.56243285311,3069.07118596496,1152.81488233946,Chloride nucleotide-sensitive channel 1A,P54105,602158.0,gene,1207.0,CLNS1A,ENSG00000074201,bacteria
sp|P54105|ICLN_HUMAN,sp,P54105,ICLN,HUMAN,0644875|tr|A0A934UE04|A0A934UE04_9STRE,644875,tr,A0A934UE04,A0A934UE04,RLSWLD,43,48,RLSWLD,816,821,HYHNVRLSWLDQGSLL,6,,weak,very_weak,strong,weak,very_weak,,,,,,,,,,,,,,,,,,,,,,,,,,,,,,,,,,,,very_weak,,,,,,,,,,,,,,,,,,,,,very_weak,,,,,,,,,very_weak,,,,,,,,,,strong,weak,very_weak,8.33,0.37,41.45,21.435,35.375,38.18,31.345,35.94,43.045,48.175,39.765,41.875,16.65,33.805,44.775,41.945,24.645,41.66,12.975,34.370000000000005,37.27,11.96,35.725,36.83,39.72,199.616991454138,24.4983991624335,1262.74455324612,598.381967336545,495.986851492707,3286.20804364182,1417.6257399894,539.137105050792,711.609766348188,1811.6647832436,5484.23556122975,1058.39336665048,1574.99024888545,587.056790963915,2319.16598457305,234.943802851245,524.170411775688,1389.81750076186,544.931363829062,595.443372722587,799.886501027246,239.976810174906,453.671244496196,608.969480301506,Chloride nucleotide-sensitive channel 1A,P54105,602158.0,gene,1207.0,CLNS1A,ENSG00000074201,bacteria
sp|P54105|ICLN_HUMAN,sp,P54105,ICLN,HUMAN,0644875|tr|A0A934PAL1|A0A934PAL1_9STRE,644875,tr,A0A934PAL1,A0A934PAL1,ADEEEE,95,100,ADEEEE,268,273,IVGYVADEEEEITYDL,6,,weak,very_weak,,,,,,,strong,weak,very_weak,,,,,,,,weak,very_weak,,,,,,,,,,,,,,,,,,,strong,weak,very_weak,,,,,,,strong,weak,very_weak,,,,,,,,,very_weak,,,,,,,,,very_weak,,,,,,,,,,,,,strong,weak,very_weak,2.86,43.09,57.33,0.555,44.94,22.615,7.88,36.695,39.27,33.845,40.91,36.98,0.755,24.115,28.895,38.85,62.695,19.4,48.325,26.86,18.38,29.155,33.53,24.64,54.03,525.072941698949,4619.90161523748,11483.2587222271,82.8815532869999,5025.68671492564,6925.02259638209,1343.53814116719,5595.54107139014,5363.17694141971,4505.76677574691,14655.5941065573,4278.19565207741,507.429360406053,2802.4960668008,6911.24970426214,3286.95480536747,4444.66065013665,3438.31883964035,9584.48662862144,2736.0119966445,1748.27131930877,3701.47078938227,3800.94426967368,2027.61138919229,Chloride nucleotide-sensitive channel 1A,P54105,602158.0,gene,1207.0,CLNS1A,ENSG00000074201,bacteria
sp|P54105|ICLN_HUMAN,sp,P54105,ICLN,HUMAN,0644875|tr|A0A934UDP1|A0A934UDP1_9STRE,644875,tr,A0A934UDP1,A0A934UDP1,NMAGVR,201,206,NMAGVR,84,89,GHQMANMAGVRKLQPN,6,,,,,,,,,very_weak,,,,,,,,,,,,,,,,,,,,,very_weak,,,,,,,strong,weak,very_weak,,,,,,,,,,,,,,,very_weak,,weak,very_weak,,,,,,,,,,,,,,,,,,very_weak,,,,,weak,very_weak,strong,weak,very_weak,70.68,31.985,18.385,61.245,24.64,20.305,28.21,27.94,30.045,13.87,37.6,58.015,41.620000000000005,57.77,37.875,13.245,5.46,66.57,26.14,33.36,57.955,20.395,19.29,44.84,9.61,10042.0277358812,676.656400971877,766.61182230323,7336.99788084522,941.017064791548,1720.38704496577,2463.47061477147,684.261697574153,984.084608050041,198.052967781536,4602.88768924575,5113.55772070812,4057.19882510804,4186.24951509204,3927.19432339325,95.2331078741768,255.226174777523,8050.29993457183,2287.12002885207,1454.11739811735,4082.7838916454,196.475686890135,324.011925436076,1886.78525910535,Chloride nucleotide-sensitive channel 1A,P54105,602158.0,gene,1207.0,CLNS1A,ENSG00000074201,bacteria
sp|P54105|ICLN_HUMAN,sp,P54105,ICLN,HUMAN,0644875|tr|A0A934PCN4|A0A934PCN4_9STRE,644875,tr,A0A934PCN4,A0A934PCN4,LSHLTA,174,179,LSHLTA,96,101,VEGVTLSHLTASNGGK,6,,,,,weak,very_weak,,,very_weak,,,,,,,,,,,,,,,,,,,,weak,very_weak,,,,,,,,,,,,,,,,,,,,,,,weak,very_weak,,weak,very_weak,,,,,,,,,very_weak,,,,,weak,very_weak,,,,,,,,,,,weak,very_weak,55.91,8.855,14.794999999999998,66.39500000000001,26.375,29.04,38.33,36.585,43.265,9.77,26.36,43.455,34.69,29.315,48.86,2.725,4.98,49.35,29.57,13.395,48.235,8.425,21.99,21.64,21.045,8592.01767734294,546.519707990229,724.083157426438,9556.94154844823,1560.50422535754,6009.99465451138,5454.52852872137,1240.73684036856,2222.88281888754,348.787555072358,6561.90172983047,3768.349037166,3527.47471919354,2296.07085167614,7155.73707808027,31.4750081911686,324.552259003333,6610.57320101014,2796.34737743405,721.104387665092,2968.89761507255,338.086591544574,692.349386826769,1094.51902336269,Chloride nucleotide-sensitive channel 1A,P54105,602158.0,gene,1207.0,CLNS1A,ENSG00000074201,bacteria
sp|P54105|ICLN_HUMAN,sp,P54105,ICLN,HUMAN,0644875|tr|A0A934PAA1|A0A934PAA1_9STRE,644875,tr,A0A934PAA1,A0A934PAA1,DKSALE,118,123,DKSALE,13,18,NPNSGDKSALEKYEKL,6,,,,,,,,,,,,,,,,,,,,,,,,,,,,,,,,,,,,,,,,,,,,,,,,,,,,,,,,,,,,,,,,,,,,,,,,,,,,,,,,,,,,,66.615,76.96000000000001,85.345,70.565,85.32,90.83,74.25999999999999,83.05000000000001,82.855,63.815,74.265,36.94499999999999,43.985,49.905,42.81,83.99000000000001,60.245000000000005,32.620000000000005,70.58500000000001,88.31,25.94,64.13,72.47,82.065,68.965,15036.9163337749,7545.83877560849,13062.1836527987,9040.93222722512,10964.2026256414,23222.6463980714,12743.4798646772,9701.96930016405,13224.2975194076,3826.03092209248,15644.1623597553,1990.95873378924,4533.34662938698,2298.20834205879,4593.63379029313,5132.29267302923,7196.57793969752,1991.75593743828,10749.4770250958,10317.3661071932,1142.27362440443,7194.39803934274,7384.06455612878,9915.16913290586,Chloride nucleotide-sensitive channel 1A,P54105,602158.0,gene,1207.0,CLNS1A,ENSG00000074201,bacteria
sp|P54105|ICLN_HUMAN,sp,P54105,ICLN,HUMAN,0283361|tr|A0A415ZUX3|A0A415ZUX3_9BACT,283361,tr,A0A415ZUX3,A0A415ZUX3,QGDIPT,161,166,QGDIPT,55,60,SWMATQGDIPTKELLE,6,,,,,,,,,,,,,,,,,,,,,,,,,,,,,,,,,,,,,,,,,,,,,,,,,,,,,,,,,,,,,,,,,,,,,,,,,,,,,,,,,,,,,55.44,42.385000000000005,82.66,37.765,76.65,68.745,53.30500000000001,69.9,77.60499999999999,35.81,81.88,87.60499999999999,29.9,87.595,86.08,62.440000000000005,68.335,86.97999999999999,80.445,41.285,82.095,52.355,64.75999999999999,51.585,85.41,6676.632499485,2078.97248087161,7547.96182608222,3876.28261590517,7430.54874464957,11228.6846181565,5181.50481346663,4748.01107339025,5892.86727085824,1970.98272812689,17831.6304764332,12025.3260053719,2515.18195536669,12038.2139313989,15716.9464213638,1715.16439635324,4626.50452236131,15272.20711898,11577.8246839459,2095.05007285541,8858.50335933694,2649.74662173999,3075.71971088134,3094.31186166289,Chloride nucleotide-sensitive channel 1A,P54105,602158.0,gene,1207.0,CLNS1A,ENSG00000074201,bacteria
sp|P54105|ICLN_HUMAN,sp,P54105,ICLN,HUMAN,0283361|tr|A0A415ZW09|A0A415ZW09_9BACT,283361,tr,A0A415ZW09,A0A415ZW09,TEAVLN,23,28,TEAVLN,327,332,EILASTEAVLNFALAT,6,,,,,,,,,,,,,,,,,,,,,,,,very_weak,,,,,,very_weak,,weak,very_weak,,,,,,,,,very_weak,,,,,,,,weak,very_weak,,,very_weak,,weak,very_weak,,,,,,,,,,,,,,,,,,very_weak,,,,,,,,weak,very_weak,30.065,48.94,42.34,40.005,40.45,31.3,48.385000000000005,11.755,34.504999999999995,18.065,4.805,24.345,12.5,20.995,35.16,18.99,7.965,23.03,36.35,32.815,22.59,42.38,12.055,29.44,57.295,1435.99644400598,944.403433222562,952.211612213292,2173.10957263266,676.063637708393,339.068364165643,2698.79005604678,115.798529507402,130.729559926965,370.834939320367,552.961395047379,500.753568729655,886.21074526806,354.786068084383,1600.13697744262,79.8361242505356,164.749339073265,823.295651743324,1220.65695752395,579.954302931521,432.490432364796,823.242206219662,114.533778880688,436.43908757921,Chloride nucleotide-sensitive channel 1A,P54105,602158.0,gene,1207.0,CLNS1A,ENSG00000074201,bacteria
sp|P54105|ICLN_HUMAN,sp,P54105,ICLN,HUMAN,0283361|tr|A0A416A4Y4|A0A416A4Y4_9BACT,283361,tr,A0A416A4Y4,A0A416A4Y4,SGLGFS,50,55,SGLGFS,70,75,PASIFSGLGFSAMKAD,6,,,very_weak,,,,,,,,,,,weak,very_weak,,,,,,,,,very_weak,,,,,weak,very_weak,,,,,weak,very_weak,,,very_weak,,,,,weak,very_weak,,,very_weak,,,,,weak,very_weak,,,very_weak,strong,weak,very_weak,,,,,,,,weak,very_weak,,,very_weak,,,very_weak,,,,,,,strong,weak,very_weak,16.54,38.05,35.760000000000005,44.74,6.210000000000001,29.905,55.985,18.625,42.385,3.525,22.92,2.58,25.7,2.68,14.295000000000002,4.6850000000000005,19.57,1.3050000000000002,26.225,28.0,2.84,13.77,10.11,33.225,37.65,939.857078389641,820.405676082176,736.050115567716,3148.68651254896,93.9751274456469,2571.6768419075,5187.6753854291,212.52921544928,1004.22010277325,58.7073273571241,2070.03910896183,74.6400380216686,1322.99641291102,123.949696830665,972.567963476012,17.114233495193,211.65948222655,73.1521456004249,1002.36383047847,514.617147700389,160.56971156718,152.816601956998,86.0329132318053,531.388315274206,Chloride nucleotide-sensitive channel 1A,P54105,602158.0,gene,1207.0,CLNS1A,ENSG00000074201,bacteria
sp|P54105|ICLN_HUMAN,sp,P54105,ICLN,HUMAN,0283361|tr|A0A3R6KXW8|A0A3R6KXW8_9BACT,283361,tr,A0A3R6KXW8,A0A3R6KXW8,LDGSGL,47,52,LDGSGL,474,479,LYRANLDGSGLQMVTP,6,,,,,,,,,,,,,,,,,,very_weak,,,,,,,,,,,,very_weak,,,,,,very_weak,,,,,,,,,very_weak,,,,,,,,,,,,very_weak,,,very_weak,,,,,,,,,very_weak,,,,,,,,,,,,,,,very_weak,42.765,54.725,58.025,34.42,66.32000000000001,16.33,31.48,36.145,42.82,17.919999999999998,43.61,13.975,31.83,15.285,51.8,53.185,12.085,13.45,63.485,21.57,16.0,42.695,27.42,42.505,57.385000000000005,3616.90687040137,1263.714971681,2812.70293053248,2001.04418126795,3088.35819788991,660.446742846877,1948.50673082045,855.978222711479,680.415294363011,509.382155345632,5627.65989213963,524.959330535622,1920.79260066468,676.246533910135,5152.54554665022,377.93980889976,516.435534927474,1306.22677308464,5072.77879458487,482.270206788628,849.675937246922,910.05634912286,541.645426517103,1365.15190894078,Chloride nucleotide-sensitive channel 1A,P54105,602158.0,gene,1207.0,CLNS1A,ENSG00000074201,bacteria
sp|P54105|ICLN_HUMAN,sp,P54105,ICLN,HUMAN,0283361|tr|A0A415ZW53|A0A415ZW53_9BACT,283361,tr,A0A415ZW53,A0A415ZW53,YIAESR,38,43,YIAESR,182,187,EQIESYIAESRVNSNI,6,,weak,very_weak,,,very_weak,strong,weak,very_weak,,,very_weak,,weak,very_weak,,weak,very_weak,,weak,very_weak,,,,,weak,very_weak,,weak,very_weak,,,very_weak,,,,,weak,very_weak,,weak,very_weak,,,very_weak,,weak,very_weak,,weak,very_weak,,,very_weak,,weak,very_weak,,,,,,,,weak,very_weak,,,very_weak,,weak,very_weak,,,very_weak,,,very_weak,strong,weak,very_weak,strong,weak,very_weak,7.25,19.99,0.705,17.245,5.4,5.84,8.56,24.4,6.19,6.735,18.345,21.49,8.075,17.810000000000002,7.145,17.415,6.99,21.23,26.265,9.77,13.005,2.2550000000000003,16.865000000000002,19.675,0.44,975.307787556879,795.889443832991,153.200682298676,2237.50567210351,293.496557168987,890.487962661887,960.707824340514,828.559144861968,358.013658222897,281.220372147828,3494.72814631923,1841.28747193661,1154.17526332426,1421.1272114531,1439.01381933875,193.333605604644,362.515771542611,2784.54232514981,2620.01224712795,415.932274105805,947.658428696988,193.509398925218,503.464483604934,844.69860806256,Chloride nucleotide-sensitive channel 1A,P54105,602158.0,gene,1207.0,CLNS1A,ENSG00000074201,bacteria
sp|P54105|ICLN_HUMAN,sp,P54105,ICLN,HUMAN,0283361|tr|A0A416A9J0|A0A416A9J0_9BACT,283361,tr,A0A416A9J0,A0A416A9J0,DKSALE,118,123,DKSALE,24,29,MGSAQDKSALENGFVN,6,,,,,,,,,,,,,,,,,,,,,,,,,,,,,,,,,,,,,,,,,,,,,,,,,,,,,,,,,,,,,,,,,,,,,,,,,,,,,,,,,,,,,74.91,81.84,69.685,58.155,75.27000000000001,82.24000000000001,64.545,65.675,81.77,63.235,56.525000000000006,68.235,42.595,79.16,70.67,67.185,39.46,79.17500000000001,70.51,73.96000000000001,71.285,52.285,59.675,72.83500000000001,80.72,13560.7471951978,8802.70515974946,9321.44207162296,7134.78604355956,8941.41325031933,20072.7643221039,10910.3585117797,6228.46010103496,9830.14098718465,3955.59578422399,15499.1007504272,10985.6957383186,3866.94115440632,11198.8373555049,12961.6628597005,2003.2971374629,3829.05408270657,13898.2359240947,9377.68698166883,7100.13191437395,8011.19909367592,3913.15483445195,4385.90151167645,6073.7313912955,Chloride nucleotide-sensitive channel 1A,P54105,602158.0,gene,1207.0,CLNS1A,ENSG00000074201,bacteria
sp|P54105|ICLN_HUMAN,sp,P54105,ICLN,HUMAN,0283361|tr|A0A3R6LTV9|A0A3R6LTV9_9BACT,283361,tr,A0A3R6LTV9,A0A3R6LTV9,NGKGLG,28,33,NGKGLG,357,362,AALVSNGKGLGEENNT,6,,,,,,,,,,,,,,,,,,very_weak,,,very_weak,,,,,,very_weak,,,,,,,,,,,,,,,,,,,,,,,,,,,,,,,,,,,,,,,,,,,,,,,,,,,,,weak,very_weak,,weak,very_weak,91.0,49.145,21.585,62.53999999999999,56.125,15.01,14.93,62.955,13.375,28.885,84.175,79.17,66.945,84.35,72.86500000000001,60.815,73.805,86.72,57.22,56.405,88.83000000000001,54.995000000000005,46.36,65.27000000000001,9.12,21531.5506115505,4858.81011809775,2235.40045267273,13177.0214328451,6447.1192323937,2863.70880511132,2824.04675423917,5629.06053715382,939.186160987334,1505.03602088662,22827.7885943448,17935.3437015273,7143.51461715188,18682.4667713121,18772.229809524,2203.53423028967,8148.80084203894,22404.7097884535,10644.3873716318,6759.34945720658,16470.8007234944,4341.61432203992,3763.05231200928,9807.61851945015,Chloride nucleotide-sensitive channel 1A,P54105,602158.0,gene,1207.0,CLNS1A,ENSG00000074201,bacteria
sp|P54105|ICLN_HUMAN,sp,P54105,ICLN,HUMAN,0283361|tr|A0A416AE86|A0A416AE86_9BACT,283361,tr,A0A416AE86,A0A416AE86,LGFSLE,52,57,LGFSLE,6,11,MIEQQLGFSLESFLRG,6,,weak,very_weak,,,,,,,,,,,,,,,,,,,,,,,,,,,,,,,,weak,very_weak,,,,,,,strong,weak,very_weak,,weak,very_weak,,,,,,,,,,strong,weak,very_weak,,,,,,,,weak,very_weak,,,,,,very_weak,,,,,,,strong,weak,very_weak,9.405,43.095000000000006,58.875,37.760000000000005,27.675,59.86,50.65,26.72,62.885000000000005,40.19,41.105,3.665,24.36,1.68,8.355,21.36,32.37,0.93,35.265,48.235,3.345,27.065,15.1,41.05500000000001,50.47,159.748325843109,486.604904108396,2101.83877325104,1814.41111632778,227.541041609521,5741.31717099857,3371.89392574654,448.17766807305,1655.72082323594,884.122892933474,2676.48609397438,31.0918538613548,761.041617289484,33.364444784823,221.207643390011,63.8818034838042,583.851549904132,24.3222357404873,784.908924435416,855.024820121434,46.6592630791963,355.204733932725,275.823282978577,613.26073501967,Chloride nucleotide-sensitive channel 1A,P54105,602158.0,gene,1207.0,CLNS1A,ENSG00000074201,bacteria
sp|P54105|ICLN_HUMAN,sp,P54105,ICLN,HUMAN,0283361|tr|A0A416A6B1|A0A416A6B1_9BACT,283361,tr,A0A416A6B1,A0A416A6B1,DEEEED,96,101,DEEEED,26,31,QYNTGDEEEEDTLPKE,6,,,,,,,,,,,,,,,,,,,,,,,,,,,,,,,,,,,,,,,,,,,,,,,,,,,very_weak,,,,,,,,,,,,,,,,,,,,,,,,,,,,,,,,,very_weak,56.32,95.0,92.54,65.295,95.0,95.0,85.78999999999999,92.965,95.0,58.26,92.73,93.33,34.135000000000005,90.53,83.75,95.0,88.75999999999999,84.455,95.0,89.485,81.535,93.045,89.15,76.155,93.53,12957.4562729023,31518.3615190947,36178.6206870925,17365.9031683173,34371.0646277933,38063.110132673,22671.2411783522,33678.2504964984,35365.8555153701,11564.4286037899,36556.7615108113,20154.1552787038,3628.03805672959,19443.6644127873,22632.0274823481,29544.2649884701,25227.6981385661,20456.6767191357,36237.7771412676,28971.9316644278,15264.1124120994,26947.1691834143,29448.2031168611,17079.8658825795,Chloride nucleotide-sensitive channel 1A,P54105,602158.0,gene,1207.0,CLNS1A,ENSG00000074201,bacteria
sp|P54105|ICLN_HUMAN,sp,P54105,ICLN,HUMAN,0283361|tr|A0A3R6IKJ5|A0A3R6IKJ5_9BACT,283361,tr,A0A3R6IKJ5,A0A3R6IKJ5,DGEEYD,148,153,DGEEYD,301,306,ANNEFDGEEYDARLEM,6,,,,,,,,,,,,,,,,,,,,,,,,,,,,,,,,,,,,,,,,,,,,,,,,,,,,,,,,,,,,,,,,,,,,,,,,,,,,,,,,,,,,,35.614999999999995,63.455,85.78,29.19,81.38499999999999,77.58,27.450000000000003,92.4,73.48,71.78,81.64500000000001,36.24,43.41,37.505,34.045,85.625,85.61500000000001,28.315,81.025,81.45500000000001,33.645,66.345,84.45500000000001,84.475,78.02,3469.74837200911,10625.9761268633,19540.044393566,4070.08134595144,14359.5612712123,23595.2125703286,3793.13847472376,16673.2341773291,13715.3893351145,9726.56414065984,21165.4467386512,5923.87191548471,2723.60692607744,6244.58728711691,9195.325384871,10832.8417883711,11145.0467778261,6419.48533385991,18329.2728170554,12923.7128563597,4120.77318630188,7148.54031507657,13680.70824854,12357.5838033825,Chloride nucleotide-sensitive channel 1A,P54105,602158.0,gene,1207.0,CLNS1A,ENSG00000074201,bacteria
sp|P54105|ICLN_HUMAN,sp,P54105,ICLN,HUMAN,0283361|tr|A0A416A7C8|A0A416A7C8_9BACT,283361,tr,A0A416A7C8,A0A416A7C8,YPTISL,58,63,YPTISL,550,555,YLYSYYPTISLEFGQS,6,,,very_weak,,,,,,,,weak,very_weak,,weak,very_weak,,,very_weak,,,,strong,weak,very_weak,,,very_weak,,,,,,very_weak,,,very_weak,,weak,very_weak,,,very_weak,,weak,very_weak,,,very_weak,,,very_weak,,,very_weak,,,,,weak,very_weak,,,,,weak,very_weak,,weak,very_weak,,,very_weak,,weak,very_weak,,weak,very_weak,,,,strong,weak,very_weak,16.265,50.84,23.08,6.04,2.275,15.07,46.30500000000001,0.405,19.03,36.545,12.03,10.875,18.03,9.875,15.260000000000002,11.2,51.120000000000005,5.535,21.93,9.825,7.245,14.07,2.28,6.2250000000000005,21.305,600.509330140004,1042.22257270212,839.16913846977,430.543496910218,45.2850259856974,1149.32767092586,3933.7860118335,16.691064535474,503.088755063237,1283.15575889815,1624.38409958692,133.143435082969,1345.58939210939,185.198874327301,852.47530337565,43.9479350873581,1603.46455303998,145.324595834955,1233.96260536038,166.386673664903,185.335183597173,195.697056651591,55.5453464761832,83.7859018246449,Chloride nucleotide-sensitive channel 1A,P54105,602158.0,gene,1207.0,CLNS1A,ENSG00000074201,bacteria
