human_id,database,protein,gene,species,pathogen_id,pathogen_species,database_pathogen,pathogen_protein,pathogen_gene,human_seq,human_start,human_end,pathogen_seq,pathogen_start,pathogen_end,extended_pathogen_seq,pathogen_length,binding_rank_strong_HLA_DQA10101_DQB10501,binding_rank_weak_HLA_DQA10101_DQB10501,binding_rank_very_weak_HLA_DQA10101_DQB10501,binding_rank_strong_DRB4_0101,binding_rank_weak_DRB4_0101,binding_rank_very_weak_DRB4_0101,binding_rank_strong_DRB1_0802,binding_rank_weak_DRB1_0802,binding_rank_very_weak_DRB1_0802,binding_rank_strong_DRB3_0101,binding_rank_weak_DRB3_0101,binding_rank_very_weak_DRB3_0101,binding_rank_strong_DRB1_1501,binding_rank_weak_DRB1_1501,binding_rank_very_weak_DRB1_1501,binding_rank_strong_DRB3_0202,binding_rank_weak_DRB3_0202,binding_rank_very_weak_DRB3_0202,binding_rank_strong_DRB1_0301,binding_rank_weak_DRB1_0301,binding_rank_very_weak_DRB1_0301,binding_rank_strong_DRB1_0701,binding_rank_weak_DRB1_0701,binding_rank_very_weak_DRB1_0701,binding_rank_strong_DRB1_1302,binding_rank_weak_DRB1_1302,binding_rank_very_weak_DRB1_1302,binding_rank_strong_HLA_DQA10501_DQB10301,binding_rank_weak_HLA_DQA10501_DQB10301,binding_rank_very_weak_HLA_DQA10501_DQB10301,binding_rank_strong_HLA_DPA10201_DPB11401,binding_rank_weak_HLA_DPA10201_DPB11401,binding_rank_very_weak_HLA_DPA10201_DPB11401,binding_rank_strong_HLA_DPA10103_DPB10201,binding_rank_weak_HLA_DPA10103_DPB10201,binding_rank_very_weak_HLA_DPA10103_DPB10201,binding_rank_strong_DRB5_0101,binding_rank_weak_DRB5_0101,binding_rank_very_weak_DRB5_0101,binding_rank_strong_HLA_DQA10301_DQB10302,binding_rank_weak_HLA_DQA10301_DQB10302,binding_rank_very_weak_HLA_DQA10301_DQB10302,binding_rank_strong_HLA_DPA10301_DPB10402,binding_rank_weak_HLA_DPA10301_DPB10402,binding_rank_very_weak_HLA_DPA10301_DPB10402,binding_rank_strong_HLA_DPA10201_DPB10501,binding_rank_weak_HLA_DPA10201_DPB10501,binding_rank_very_weak_HLA_DPA10201_DPB10501,binding_rank_strong_HLA_DQA10501_DQB10201,binding_rank_weak_HLA_DQA10501_DQB10201,binding_rank_very_weak_HLA_DQA10501_DQB10201,binding_rank_strong_DRB1_0101,binding_rank_weak_DRB1_0101,binding_rank_very_weak_DRB1_0101,binding_rank_strong_HLA_DQA10102_DQB10602,binding_rank_weak_HLA_DQA10102_DQB10602,binding_rank_very_weak_HLA_DQA10102_DQB10602,binding_rank_strong_HLA_DPA10103_DPB10401,binding_rank_weak_HLA_DPA10103_DPB10401,binding_rank_very_weak_HLA_DPA10103_DPB10401,binding_rank_strong_DRB1_1201,binding_rank_weak_DRB1_1201,binding_rank_very_weak_DRB1_1201,binding_rank_strong_DRB1_0401,binding_rank_weak_DRB1_0401,binding_rank_very_weak_DRB1_0401,binding_rank_strong_HLA_DPA10201_DPB10101,binding_rank_weak_HLA_DPA10201_DPB10101,binding_rank_very_weak_HLA_DPA10201_DPB10101,binding_rank_strong_HLA_DQA10401_DQB10402,binding_rank_weak_HLA_DQA10401_DQB10402,binding_rank_very_weak_HLA_DQA10401_DQB10402,binding_rank_strong_DRB1_0901,binding_rank_weak_DRB1_0901,binding_rank_very_weak_DRB1_0901,binding_rank_strong_DRB1_0405,binding_rank_weak_DRB1_0405,binding_rank_very_weak_DRB1_0405,binding_rank_strong_DRB1_1101,binding_rank_weak_DRB1_1101,binding_rank_very_weak_DRB1_1101,binding_rank_strong,binding_rank_weak,binding_rank_very_weak,Rank_average_HLA_DQA10101_DQB10501,Rank_average_DRB4_0101,Rank_average_DRB1_0802,Rank_average_DRB3_0101,Rank_average_DRB1_1501,Rank_average_DRB3_0202,Rank_average_DRB1_0301,Rank_average_DRB1_0701,Rank_average_DRB1_1302,Rank_average_HLA_DQA10501_DQB10301,Rank_average_HLA_DPA10201_DPB11401,Rank_average_HLA_DPA10103_DPB10201,Rank_average_HLA_DQA10301_DQB10302,Rank_average_HLA_DPA10301_DPB10402,Rank_average_HLA_DPA10201_DPB10501,Rank_average_DRB1_0101,Rank_average_HLA_DQA10102_DQB10602,Rank_average_HLA_DPA10103_DPB10401,Rank_average_DRB1_1201,Rank_average_DRB1_0401,Rank_average_HLA_DPA10201_DPB10101,Rank_average_HLA_DQA10401_DQB10402,Rank_average_DRB1_0901,Rank_average_DRB1_0405,Rank_average_DRB1_1101,nM_HLA_DQA10101_DQB10501,nM_DRB4_0101,nM_DRB1_0802,nM_DRB3_0101,nM_DRB1_1501,nM_DRB3_0202,nM_DRB1_0301,nM_DRB1_0701,nM_DRB1_1302,nM_HLA_DQA10501_DQB10301,nM_HLA_DPA10201_DPB11401,nM_HLA_DPA10103_DPB10201,nM_HLA_DQA10301_DQB10302,nM_HLA_DPA10301_DPB10402,nM_HLA_DPA10201_DPB10501,nM_DRB1_0101,nM_HLA_DQA10102_DQB10602,nM_HLA_DPA10103_DPB10401,nM_DRB1_1201,nM_DRB1_0401,nM_HLA_DPA10201_DPB10101,nM_HLA_DQA10401_DQB10402,nM_DRB1_0901,nM_DRB1_0405,Gene description,Uniprot,# MIM Number,MIM Entry Type,Entrez Gene ID,HGNC,Ensembl Gene ID,type
sp|P61803|DAD1_HUMAN,sp,P61803,DAD1,HUMAN,0102041|tr|B7TPX8|B7TPX8_9BETA,102041,tr,B7TPX8,B7TPX8,YILLTG,33,38,YILLTG,27,32,AREPSYILLTGSDEDA,6,,,,,,,,,,,,,,,,,,,,,,,,,,,,,,,,,,,,,,,,,weak,very_weak,,,,,,,,weak,very_weak,,weak,very_weak,,,,,,,,,,,weak,very_weak,,,,,,very_weak,,,,strong,weak,very_weak,,,,strong,weak,very_weak,21.47,25.36,28.34,28.385,37.445,29.225,50.555,28.065,51.22,31.17,21.22,53.745,4.5600000000000005,31.65,44.39,3.975,21.195,36.055,34.01,9.28,32.92,11.565,22.19,0.99,24.915000000000006,1901.56174558145,1792.1104625076605,2661.844085034,4865.59654409611,3353.44761245617,8089.591617779971,9204.38355923214,2231.92030312932,4592.19265552516,1427.8316590487802,3200.24021104156,3834.775626383661,695.766225895452,2696.30917067978,4671.52383644081,54.9636521356182,1020.41935503888,4819.8019665826005,4514.30635243923,583.1192208300499,1906.15539340921,1003.05817353712,1066.78612239185,91.838104847046,Defender against cell death 1,P61803,600243.0,gene,1603.0,DAD1,ENSG00000129562,virus
sp|P61803|DAD1_HUMAN,sp,P61803,DAD1,HUMAN,0001259|tr|Q1GAZ8|Q1GAZ8_LACDA,1259,tr,Q1GAZ8,Q1GAZ8,FLSGFI,56,61,FLSGFI,352,357,YILTVFLSGFIMVLGI,6,,,,,,,,,,,,,,,,,,,,,,,,,,,,,,,,,,,,,,,,,,,,,,,,,,,,,,,,,,,,very_weak,,,,,,,,,,,,,,,,,,,,,,,,very_weak,30.055,72.64,79.695,66.37,53.735,69.01,83.755,61.395,69.595,61.91,64.825,34.87,70.145,36.45,62.075,56.355,60.77,19.92,60.775,81.755,44.295,53.245,63.19499999999999,72.385,77.395,631.522409194062,2550.34061441871,5664.86436187637,5068.17043636666,906.449809283645,6867.41970058223,11463.7686096944,1160.78775540238,2419.64579199847,2131.68072007019,6481.74128218295,350.91869108741,5688.63431964342,322.277737305323,3348.91523314885,447.780211409187,1313.3124642421,392.934475883211,2804.58909263311,5466.16723574286,828.630866575919,1409.26041643158,1390.70499752164,2670.72945537341,Defender against cell death 1,P61803,600243.0,gene,1603.0,DAD1,ENSG00000129562,bacteria
sp|P61803|DAD1_HUMAN,sp,P61803,DAD1,HUMAN,0001259|tr|Q1G9G1|Q1G9G1_LACDA,1259,tr,Q1G9G1,Q1G9G1,ERAFAD,91,96,ERAFAD,122,127,GLHSIERAFADHPAET,6,,weak,very_weak,,weak,very_weak,,,very_weak,,,,,,,,,,,,,,,,,,,,,,,,,,,,,,,,,very_weak,,,,,,,,,very_weak,,,,,,very_weak,,,,,,,,,,,,,strong,weak,very_weak,,,,,,,,weak,very_weak,strong,weak,very_weak,3.385,9.475,10.5,32.775,27.88,48.065,33.34,41.760000000000005,42.375,26.69,38.515,60.85,11.03,47.575,37.775,32.945,19.445,52.805,28.22,30.495,47.39,0.7150000000000001,28.775,32.46,5.864999999999999,715.996525470899,549.567571419972,464.504265453673,3094.94804264979,1319.12285757839,8364.62383756513,3546.45618791275,2285.68520347536,2585.51512776819,1790.09501193219,8542.05605508308,6046.84733062102,1412.0993788058,4199.76899766814,5079.31447588137,572.689835401852,1515.54324083182,7104.51211055545,2025.06814207496,1591.19386239386,3234.70409348642,483.048324289867,1140.17450047042,1477.94177059686,Defender against cell death 1,P61803,600243.0,gene,1603.0,DAD1,ENSG00000129562,bacteria
sp|P61803|DAD1_HUMAN,sp,P61803,DAD1,HUMAN,0001259|tr|Q1G840|Q1G840_LACDA,1259,tr,Q1G840,Q1G840,LLYILL,31,36,LLYILL,94,99,FFLMQLLYILLMNLIG,6,,,,,,,,,,,,,,,,,,,,,,,,,,,,,,,,,,,,,,,,,,,,,,,,,,,,,,,,,,,,,,,,,,,,,,,,,,,,,,,,,,,,,45.59,66.225,76.35,81.69,69.72,78.615,83.595,77.955,77.345,95.0,67.64,51.655,92.11,42.42,55.645,53.55499999999999,83.005,42.605,48.440000000000005,50.54,53.455,65.98,84.11500000000001,41.88,55.03,1795.44868867965,1599.02932084552,5347.30070893858,9809.42266175258,2542.35086104176,11402.9053172923,11368.1660542043,4252.16807916626,4391.45720183389,28225.623000258,7177.99215552147,775.471459399727,13677.8961152327,473.982910459143,2241.50377689831,485.085707922162,5595.17782809826,1065.15988629671,2319.41692676608,2168.15408045882,1179.69131063589,3197.67892071836,5575.2357186276,1249.95325871208,Defender against cell death 1,P61803,600243.0,gene,1603.0,DAD1,ENSG00000129562,bacteria
sp|P61803|DAD1_HUMAN,sp,P61803,DAD1,HUMAN,0644875|tr|A0A934UDP3|A0A934UDP3_9STRE,644875,tr,A0A934UDP3,A0A934UDP3,ISRFLE,9,14,ISRFLE,44,49,SDFDRISRFLEEEASF,6,strong,weak,very_weak,,,,,,very_weak,,,,,weak,very_weak,,,,,,,,,,,,,,,,,,,,,very_weak,,,,,weak,very_weak,,,,,,very_weak,,,very_weak,,,,,,,,weak,very_weak,,,,,,,,weak,very_weak,,,very_weak,,,,,,,,weak,very_weak,strong,weak,very_weak,1.83,34.56,10.835,41.22,9.0,43.26,33.555,42.5,26.335,69.72999999999999,28.25,10.34,9.71,20.525,10.305,50.395,42.475,9.62,26.47,39.09,6.0600000000000005,13.035,33.06,20.48,2.29,179.87074007593,1153.67585458387,850.264512543833,3719.8587969737,401.573517726721,8394.81581954363,3810.82718566002,2091.90159218399,2363.19001196001,6309.85603798936,5363.98940034821,502.28922466958,905.01903212116,536.419804249685,1017.94923027864,1016.9144420005,2176.33318247197,697.386637713028,2353.26449865022,1902.63191938537,298.686327182754,971.432146495819,1291.55485519889,692.124691290257,Defender against cell death 1,P61803,600243.0,gene,1603.0,DAD1,ENSG00000129562,bacteria
sp|P61803|DAD1_HUMAN,sp,P61803,DAD1,HUMAN,0644875|tr|A0A934PA89|A0A934PA89_9STRE,644875,tr,A0A934PA89,A0A934PA89,QGISPE,86,91,QGISPE,328,333,GNMQRQGISPEMYYQL,6,,,,,,very_weak,,,,,,,,,,,,,,,,,,,,,,,,,,weak,very_weak,,,very_weak,,,,,,,,,very_weak,,,very_weak,,,,,,,,,,,weak,very_weak,,,,,,,,,very_weak,,,,,,,,,,,,,,weak,very_weak,49.48,13.625,60.57,46.595,58.06,70.055,54.415000000000006,59.79,62.685,45.105,5.67,13.775,41.855,17.5,15.739999999999998,62.135000000000005,55.515,5.9,37.465,50.735,11.5,42.92,57.865,39.06,57.26,3500.36670556349,529.242345735515,4017.53460539116,3238.1708291955,2132.71886685573,10114.5422209948,4670.86679957226,2368.84756477856,2936.91617997179,2433.27144948107,1747.89304207789,388.51251458021,2426.54094592856,505.724755014024,1450.12664449774,918.573890927943,2768.08095949865,273.679940002629,2109.1514638061,2453.41590023993,395.155743456598,1547.94247874124,1492.59775572693,1349.29245884321,Defender against cell death 1,P61803,600243.0,gene,1603.0,DAD1,ENSG00000129562,bacteria
sp|P61803|DAD1_HUMAN,sp,P61803,DAD1,HUMAN,0644875|tr|A0A934PBF0|A0A934PBF0_9STRE,644875,tr,A0A934PBF0,A0A934PBF0,SFILAV,66,71,SFILAV,63,68,SSISNSFILAVSMVLT,6,,,,,,,,,,,,,,,,,,,,,,,,very_weak,,,,,,,,,,,,,,,,,,,,,,,,,,,,,,very_weak,,,very_weak,,,,,,,,,,,,,,,,,,,,,,,,,,,very_weak,21.12,48.435,57.285,30.23,45.565,37.31,41.425,11.35,33.85,36.385000000000005,46.255,33.945,25.3,23.79,48.385,10.805,19.715,31.31,44.78,50.655,33.505,44.735,20.1,41.0,48.01,624.834468956994,624.996743715451,1232.65488102147,1656.74226651545,414.082279041118,916.568452565276,2522.15832274027,78.2793696812685,134.099073309327,503.89501013053,2404.4829030903,200.014792634279,1899.99872809404,172.459144421801,2003.10206988291,50.9727257874447,216.130540447014,417.424542316413,856.645310126501,939.938434272259,427.331932322201,514.299867072218,190.990432094288,601.035848429752,Defender against cell death 1,P61803,600243.0,gene,1603.0,DAD1,ENSG00000129562,bacteria
sp|P61803|DAD1_HUMAN,sp,P61803,DAD1,HUMAN,0644875|tr|A0A934UDP3|A0A934UDP3_9STRE,644875,tr,A0A934UDP3,A0A934UDP3,SRFLEE,10,15,SRFLEE,45,50,DFDRISRFLEEEASFS,6,strong,weak,very_weak,,,,,,,,,,,weak,very_weak,,,,,,,,,,,,,,,,,,,,,very_weak,,,,,weak,very_weak,,,,,,very_weak,,,very_weak,,,,,,,,,very_weak,,,,,,,,weak,very_weak,,weak,very_weak,,,,,,,,,very_weak,strong,weak,very_weak,1.83,27.46,31.19,36.745,7.765,49.57,47.75,39.475,42.49,61.7,29.61,14.079999999999998,9.3,22.2,10.305,28.380000000000003,38.01,15.075,23.97,22.2,9.055,8.45,25.24,21.19,10.04,179.87074007593,926.288774389845,1355.79002954108,1952.53763493937,364.864987789883,6232.16768474854,4634.57084428399,1527.97431660726,2613.72655397975,4802.15577369093,4386.09133371182,505.320001671838,848.45410698442,504.440508414661,1017.94923027864,218.049551608291,2015.45030720949,723.40971074325,2307.85170008837,431.826460577821,314.247844741921,822.013916301656,717.55535156011,447.184687207897,Defender against cell death 1,P61803,600243.0,gene,1603.0,DAD1,ENSG00000129562,bacteria
sp|P61803|DAD1_HUMAN,sp,P61803,DAD1,HUMAN,0283361|tr|A0A3R6LTZ6|A0A3R6LTZ6_9BACT,283361,tr,A0A3R6LTZ6,A0A3R6LTZ6,LTGALQ,36,41,LTGALQ,134,139,QRKESLTGALQTLKDE,6,,,,,,,,,,,,,,,,,,,,,,,,very_weak,,,,,,,,,very_weak,,,,,,very_weak,,,very_weak,,,,,,,,,,,,,,,very_weak,,,,,,,,,,,,,,,,,,,,,,,,,,,very_weak,64.775,53.825,45.375,71.285,60.685,56.395,36.88,18.97,57.085,24.595,10.3,41.78,17.025,43.285,35.254999999999995,36.05,17.58,51.47,53.7,52.73,39.855,22.855,26.36,31.31,45.03,9102.76990058776,2095.18608513393,1967.7226111063,8817.76647419276,3203.3927187143,8824.16101233384,4114.04621932455,661.820179306276,3661.12257880253,698.67812435189,1535.44862488358,2648.22756477117,1622.68017274148,2032.2456596352,3660.3700180024,282.660219882844,856.904873387425,4429.68179121025,4848.25477911499,2608.7540202745,1988.4614603534,761.346347439877,700.221974193748,1908.73515988885,Defender against cell death 1,P61803,600243.0,gene,1603.0,DAD1,ENSG00000129562,bacteria
sp|P61803|DAD1_HUMAN,sp,P61803,DAD1,HUMAN,0283361|tr|A0A416AAW9|A0A416AAW9_9BACT,283361,tr,A0A416AAW9,A0A416AAW9,LSGFIS,57,62,LSGFIS,14,19,AVASLLSGFISCSDKQ,6,,,very_weak,,,,,,,,,,,,,,,,,,,,,,,,,,,very_weak,,,,,,,,,,,,,,,,,,,,,,,,,,,,,,,,,,,,,,,,,,,,,,,,very_weak,,,,,,very_weak,15.945,40.57,50.135,72.0,39.56,53.98,67.785,54.99,68.245,18.36,45.415,36.73,29.715,44.68000000000001,60.105,45.52,29.27,46.595,50.38,34.445,51.985,23.66,42.55,14.71,60.34,637.233074289338,632.527649473223,1426.70434030583,5897.65117542499,495.761511051255,3440.47722396941,5772.77351961319,883.721211634078,2577.72195496137,123.37969935382,3986.61743445193,639.235683443419,1696.87196180866,808.360649991161,3455.92302512559,108.85736781433,294.686625719757,1346.37580668522,1336.85336877944,478.646900807038,1034.87369656373,317.944922900525,542.507603047709,238.416219596433,Defender against cell death 1,P61803,600243.0,gene,1603.0,DAD1,ENSG00000129562,bacteria
sp|P61803|DAD1_HUMAN,sp,P61803,DAD1,HUMAN,0283361|tr|A0A3R6LSD5|A0A3R6LSD5_9BACT,283361,tr,A0A3R6LSD5,A0A3R6LSD5,YILLTG,33,38,YILLTG,7,12,RRINIYILLTGLLTCL,6,,,,,,,,,,,,,,,,,,,,,,,,,,,,,,,,,,,,,,,,,,,,,,,,,,,,,weak,very_weak,,,,,,,,,,,,,,,,,,,,,,,,,,,,,weak,very_weak,48.355,49.56,54.76,60.975,26.97,47.27,68.53,60.555,54.74,82.525,51.45,51.355,85.46000000000001,46.75,52.98,8.72,66.96000000000001,47.55500000000001,24.11,58.275,54.565000000000005,58.32,70.02000000000001,46.41,47.53,2347.64416309336,725.785223749749,1502.27025875617,5291.4160189179,349.713363601481,2786.44104443017,6683.28185925392,1119.41848175814,730.709878131256,5084.263019969,2550.6717653561,589.628544706355,8988.45746963434,357.920703210737,1442.33401338087,50.7449097796291,2163.30351246825,1034.01187860964,934.857086313548,1845.7754551016,741.365206956829,2088.64484668132,1910.18135386851,931.777112462927,Defender against cell death 1,P61803,600243.0,gene,1603.0,DAD1,ENSG00000129562,bacteria
sp|P61803|DAD1_HUMAN,sp,P61803,DAD1,HUMAN,0283361|tr|A0A416AAB6|A0A416AAB6_9BACT,283361,tr,A0A416AAB6,A0A416AAB6,ADFLFA,95,100,ADFLFA,97,102,KDFSEADFLFAQDHLR,6,,weak,very_weak,,,,,,,,,very_weak,,,,,,,,,,,,,,,,,,,,,very_weak,strong,weak,very_weak,,weak,very_weak,,,very_weak,strong,weak,very_weak,,weak,very_weak,,,very_weak,,,,,,,strong,weak,very_weak,,,,,,,strong,weak,very_weak,,,,,,very_weak,,,,,,,strong,weak,very_weak,8.92,49.7,43.685,19.085,35.465,31.3,31.345,26.94,35.1,26.39,17.155,0.865,16.744999999999997,1.62,4.085,36.22,32.605000000000004,0.66,52.07,23.51,0.88,21.715,17.92,21.215,33.35,543.941729403866,1719.94036201105,2945.28537566465,1772.21104235871,1366.79243502442,4991.59982081302,2682.16807794914,1027.29872231698,2606.29950151189,1641.07812440362,3613.7383944701,64.2547464680258,739.154600942365,143.585032293385,757.148549825112,393.398158819175,1051.74948675865,76.461208359614,3800.28632063791,850.862701646137,124.148339853697,966.787056286982,564.11079654488,680.091445980858,Defender against cell death 1,P61803,600243.0,gene,1603.0,DAD1,ENSG00000129562,bacteria
sp|P61803|DAD1_HUMAN,sp,P61803,DAD1,HUMAN,0283361|tr|A0A3R6IN66|A0A3R6IN66_9BACT,283361,tr,A0A3R6IN66,A0A3R6IN66,AYLLYI,29,34,AYLLYI,775,780,YKTWWAYLLYISLISF,6,,,,,,,,,,,,,,,,,,,,,,,,,,,,,,,,,,,weak,very_weak,,,,,,,,,very_weak,,,,,,,,,,,,,,weak,very_weak,,,,,,,,,very_weak,,,,,,,,,,,,,,weak,very_weak,26.18,69.295,68.955,55.135,44.88,69.535,83.16499999999999,55.64,71.9,73.81,61.62,9.29,73.795,15.16,36.73,53.185,71.845,4.1,61.325,70.645,18.04,40.545,61.285,57.36,61.55500000000001,599.542000794381,1980.83838711344,3105.68234328638,3959.40670038368,308.687474242501,7083.1745668766,11115.6623705254,724.169341166477,2896.39690266121,3204.74474391219,5266.39899108957,159.037792824153,5703.73401599323,249.112098221456,1043.79120176084,303.69501235537,3163.09611821879,170.970960780077,2815.56507104517,2549.51292515726,342.001216737679,374.046611529584,981.277658474218,1056.40266593398,Defender against cell death 1,P61803,600243.0,gene,1603.0,DAD1,ENSG00000129562,bacteria
sp|P61803|DAD1_HUMAN,sp,P61803,DAD1,HUMAN,0283361|tr|A0A3R6MBJ0|A0A3R6MBJ0_9BACT,283361,tr,A0A3R6MBJ0,A0A3R6MBJ0,LLVGTF,46,51,LLVGTF,232,237,IRDIDLLVGTFGKALA,6,,,,,,,,,,,,,,,,,,,,,,,weak,very_weak,,,,,,,,,,,weak,very_weak,,,,,,,,,,,,,,,,,weak,very_weak,,,,,weak,very_weak,,,,,,,,,,,,,,,very_weak,,,,,,,,weak,very_weak,45.805,39.08,39.34,51.05499999999999,20.84,44.650000000000006,56.475,2.725,37.455,39.94,31.795,5.12,55.79,20.74,29.745,5.64,54.45,9.895,25.0,49.370000000000005,20.615,40.94,13.61,46.54,40.33,2808.38478786097,672.328784654939,828.38883067019,3872.63550761672,235.674502214529,4079.07489279839,4628.05657298391,39.1778060474906,581.116336280749,768.363975860967,2510.12529501914,145.242855076827,3867.98728203404,398.353861391673,1419.25254269512,29.3311146424326,1176.74650860579,487.031552570018,874.911314839343,1339.76388836238,516.810047763028,494.299291576553,128.930129431442,1040.97161954225,Defender against cell death 1,P61803,600243.0,gene,1603.0,DAD1,ENSG00000129562,bacteria
sp|P61803|DAD1_HUMAN,sp,P61803,DAD1,HUMAN,0283361|tr|A0A3R6LTZ6|A0A3R6LTZ6_9BACT,283361,tr,A0A3R6LTZ6,A0A3R6LTZ6,LLTGAL,35,40,LLTGAL,12,17,LVSTILLTGALAVPGG,6,,,very_weak,,,,,,very_weak,,,very_weak,,weak,very_weak,,weak,very_weak,,,very_weak,strong,weak,very_weak,,weak,very_weak,strong,weak,very_weak,,weak,very_weak,,,very_weak,,,very_weak,,,very_weak,,,very_weak,,,,,,very_weak,,weak,very_weak,strong,weak,very_weak,,,very_weak,,weak,very_weak,,,very_weak,,,very_weak,,,very_weak,,weak,very_weak,,,,,,,strong,weak,very_weak,16.65,20.575000000000003,15.97,13.5,3.085,6.725,15.55,0.77,3.74,0.65,9.56,17.915,11.48,11.07,35.495,2.395,1.605,10.614999999999998,5.79,15.57,16.35,12.705,4.199999999999999,23.96,21.345,1384.59428438583,433.816746430028,334.868315561868,1552.73993848172,96.2336952626015,682.819525325603,1710.90143219818,25.8501694099893,33.7274006903317,23.4559240138901,1265.89086820395,534.519484835275,1329.85648157323,317.611408869184,3106.92589557845,14.9022871532028,29.6797229487938,733.688633860237,383.753973937259,394.621667507967,651.010768809281,167.531966605754,80.4552724736005,523.915260552282,Defender against cell death 1,P61803,600243.0,gene,1603.0,DAD1,ENSG00000129562,bacteria
sp|P61803|DAD1_HUMAN,sp,P61803,DAD1,HUMAN,0283361|tr|A0A3R6QVF0|A0A3R6QVF0_9BACT,283361,tr,A0A3R6QVF0,A0A3R6QVF0,SVVSVI,4,9,SVVSVI,50,55,LILLVSVVSVIWFTYK,6,,,,,,,,,,,,,,,,,,,,,,,,,,,,,,,,,,,,,,,,,,,,,,,,,,,,,,,,,,,,,,,,,,,,,,,,,,,,,,,,,,,,,65.03999999999999,68.87,75.135,67.435,56.265,66.995,69.675,65.66499999999999,61.72,86.505,74.12,43.6,83.285,42.06,59.96,73.87,73.97,32.575,31.025,81.85499999999999,56.540000000000006,67.05,73.685,76.42,71.565,4805.2742814738,2377.14066861663,4168.53175298921,5289.5842737011,893.760185200549,6066.76944311226,6642.76603180515,1555.36299866284,1331.5266247121,6444.53876212562,10010.7845156764,1057.80949709763,10580.8885674882,1104.32083384918,3363.22210753679,1332.18950351057,3703.15323354767,1226.34930126987,1072.49172406823,5503.01852813799,1497.38569341752,3366.49874121534,2426.46218330175,3579.99733170484,Defender against cell death 1,P61803,600243.0,gene,1603.0,DAD1,ENSG00000129562,bacteria
sp|P61803|DAD1_HUMAN,sp,P61803,DAD1,HUMAN,0283361|tr|A0A3R6LTZ6|A0A3R6LTZ6_9BACT,283361,tr,A0A3R6LTZ6,A0A3R6LTZ6,ILLTGA,34,39,ILLTGA,11,16,NLVSTILLTGALAVPG,6,,,,,,,,,,,,very_weak,,weak,very_weak,,weak,very_weak,,,very_weak,strong,weak,very_weak,,weak,very_weak,,weak,very_weak,,,very_weak,,,,,,,,,very_weak,,,very_weak,,,,,,,,weak,very_weak,,weak,very_weak,,,very_weak,,weak,very_weak,,,,,,very_weak,,,,,weak,very_weak,,,,,,,strong,weak,very_weak,20.855,30.005,25.43,16.205,4.21,9.5,18.19,1.335,5.760000000000001,2.995,16.155,22.385,16.24,13.48,41.82,3.73,8.095,11.02,5.79,24.16,18.945,27.335,6.57,23.96,28.945,1181.42849223079,482.912455031735,527.002395645898,1443.09889709943,98.8102611860728,725.863756350229,1824.88520430195,23.9441478183847,34.0496981947805,36.6045674506442,1426.47280972507,359.461441117481,1240.69656752961,184.788548352681,2534.24903433735,20.1617419822108,51.8701252766754,503.459036260317,383.753973937259,585.585015711515,466.983568591223,255.253791177747,84.4457314436612,523.915260552282,Defender against cell death 1,P61803,600243.0,gene,1603.0,DAD1,ENSG00000129562,bacteria
sp|P61803|DAD1_HUMAN,sp,P61803,DAD1,HUMAN,0283361|tr|A0A416AAW9|A0A416AAW9_9BACT,283361,tr,A0A416AAW9,A0A416AAW9,SGFISC,58,63,SGFISC,15,20,VASLLSGFISCSDKQG,6,,,very_weak,,,,,,,,,,,,,,,,,,,,,,,,,,,very_weak,,,,,,,,,,,,,,,,,,,,,,,,,,,,,,,,,,,,,,,,,,,,,,,,very_weak,,,,,,very_weak,13.895,40.57,50.135,63.815,30.235,53.98,67.785,48.99,63.595,18.36,45.415,45.515,27.07,50.34,59.68,50.355,31.72,52.755,55.370000000000005,34.445,55.675,23.66,42.55,14.71,60.34,767.732407449501,632.527649473223,1426.70434030583,6074.71721769671,548.700111663924,3440.47722396941,5772.77351961319,974.537750877775,2653.73470418798,123.37969935382,3986.61743445193,768.588473903362,1788.12052169748,926.509289895678,3595.83605493824,160.465505674679,327.533153011914,1702.9967952364,2341.2011692515,478.646900807038,1212.58771016905,317.944922900525,542.507603047709,238.416219596433,Defender against cell death 1,P61803,600243.0,gene,1603.0,DAD1,ENSG00000129562,bacteria
sp|P61803|DAD1_HUMAN,sp,P61803,DAD1,HUMAN,0283361|tr|A0A3R6KZW4|A0A3R6KZW4_9BACT,283361,tr,A0A3R6KZW4,A0A3R6KZW4,DFLFAS,96,101,DFLFAS,329,334,LMSSNDFLFASIHNVV,6,,,very_weak,,,,,,very_weak,,,very_weak,,,,,,very_weak,,,,strong,weak,very_weak,,,very_weak,,weak,very_weak,,weak,very_weak,,weak,very_weak,,,very_weak,,,,,weak,very_weak,,,,,,very_weak,,weak,very_weak,,,,,weak,very_weak,,,,,,very_weak,,weak,very_weak,,,very_weak,strong,weak,very_weak,,,very_weak,,,,strong,weak,very_weak,17.825,41.29,16.17,14.185,20.375,10.31,41.28,1.6,13.015,6.945,7.91,2.415,25.35,3.02,22.895,6.055,20.995,5.29,34.125,14.6,4.115,12.795,0.975,13.135,22.165,446.797779548835,623.591761425862,402.404258683911,654.202360816952,215.015630403704,456.295098706519,2479.62247501059,20.5169211878905,52.1943992910346,215.500070980679,1031.54233312042,53.1075605019608,1357.77183848841,80.9810288158897,826.285205075059,19.0772739349293,336.266157333231,109.431292373843,1251.87517358898,245.69647968485,144.634392905191,233.534671464898,30.7372995501133,186.760377609165,Defender against cell death 1,P61803,600243.0,gene,1603.0,DAD1,ENSG00000129562,bacteria
sp|P61803|DAD1_HUMAN,sp,P61803,DAD1,HUMAN,0283361|tr|A0A415ZXG3|A0A415ZXG3_9BACT,283361,tr,A0A415ZXG3,A0A415ZXG3,SRFLEE,10,15,SRFLEE,191,196,SDRIASRFLEEKMLTC,6,,,,,,,,,,,,,,,,,,,,,,,,,,,,,,,,,very_weak,,weak,very_weak,,,,,,,,weak,very_weak,strong,weak,very_weak,,,,,,,,,,,weak,very_weak,,,,,,,,weak,very_weak,,,,,,,,,,,,,strong,weak,very_weak,27.745,41.595,42.35,61.095,38.47,69.735,39.79,58.175,49.405,72.25,11.055,9.55,50.49,7.685,1.895,53.870000000000005,67.58500000000001,7.715,31.39,66.25999999999999,6.055,23.275,57.34,60.325,34.72,1117.08333181929,833.035677838743,1927.72567221815,3741.17058350068,1024.32417834349,7463.18093014675,3398.04376896711,1846.83421534761,2717.45490056775,5176.40561548651,1078.07619184461,91.0663052139249,2604.4108141289,72.1311916007134,182.641794762836,432.696377208898,2826.706339502,109.561612365592,1803.82148420678,2106.14130113183,69.9643349557157,821.996128477475,1435.8410807797,1418.97616164827,Defender against cell death 1,P61803,600243.0,gene,1603.0,DAD1,ENSG00000129562,bacteria
