human_id,database,protein,gene,species,pathogen_id,pathogen_species,database_pathogen,pathogen_protein,pathogen_gene,human_seq,human_start,human_end,pathogen_seq,pathogen_start,pathogen_end,extended_pathogen_seq,pathogen_length,binding_rank_strong_HLA_DQA10101_DQB10501,binding_rank_weak_HLA_DQA10101_DQB10501,binding_rank_very_weak_HLA_DQA10101_DQB10501,binding_rank_strong_DRB4_0101,binding_rank_weak_DRB4_0101,binding_rank_very_weak_DRB4_0101,binding_rank_strong_DRB1_0802,binding_rank_weak_DRB1_0802,binding_rank_very_weak_DRB1_0802,binding_rank_strong_DRB3_0101,binding_rank_weak_DRB3_0101,binding_rank_very_weak_DRB3_0101,binding_rank_strong_DRB1_1501,binding_rank_weak_DRB1_1501,binding_rank_very_weak_DRB1_1501,binding_rank_strong_DRB3_0202,binding_rank_weak_DRB3_0202,binding_rank_very_weak_DRB3_0202,binding_rank_strong_DRB1_0301,binding_rank_weak_DRB1_0301,binding_rank_very_weak_DRB1_0301,binding_rank_strong_DRB1_0701,binding_rank_weak_DRB1_0701,binding_rank_very_weak_DRB1_0701,binding_rank_strong_DRB1_1302,binding_rank_weak_DRB1_1302,binding_rank_very_weak_DRB1_1302,binding_rank_strong_HLA_DQA10501_DQB10301,binding_rank_weak_HLA_DQA10501_DQB10301,binding_rank_very_weak_HLA_DQA10501_DQB10301,binding_rank_strong_HLA_DPA10201_DPB11401,binding_rank_weak_HLA_DPA10201_DPB11401,binding_rank_very_weak_HLA_DPA10201_DPB11401,binding_rank_strong_HLA_DPA10103_DPB10201,binding_rank_weak_HLA_DPA10103_DPB10201,binding_rank_very_weak_HLA_DPA10103_DPB10201,binding_rank_strong_DRB5_0101,binding_rank_weak_DRB5_0101,binding_rank_very_weak_DRB5_0101,binding_rank_strong_HLA_DQA10301_DQB10302,binding_rank_weak_HLA_DQA10301_DQB10302,binding_rank_very_weak_HLA_DQA10301_DQB10302,binding_rank_strong_HLA_DPA10301_DPB10402,binding_rank_weak_HLA_DPA10301_DPB10402,binding_rank_very_weak_HLA_DPA10301_DPB10402,binding_rank_strong_HLA_DPA10201_DPB10501,binding_rank_weak_HLA_DPA10201_DPB10501,binding_rank_very_weak_HLA_DPA10201_DPB10501,binding_rank_strong_HLA_DQA10501_DQB10201,binding_rank_weak_HLA_DQA10501_DQB10201,binding_rank_very_weak_HLA_DQA10501_DQB10201,binding_rank_strong_DRB1_0101,binding_rank_weak_DRB1_0101,binding_rank_very_weak_DRB1_0101,binding_rank_strong_HLA_DQA10102_DQB10602,binding_rank_weak_HLA_DQA10102_DQB10602,binding_rank_very_weak_HLA_DQA10102_DQB10602,binding_rank_strong_HLA_DPA10103_DPB10401,binding_rank_weak_HLA_DPA10103_DPB10401,binding_rank_very_weak_HLA_DPA10103_DPB10401,binding_rank_strong_DRB1_1201,binding_rank_weak_DRB1_1201,binding_rank_very_weak_DRB1_1201,binding_rank_strong_DRB1_0401,binding_rank_weak_DRB1_0401,binding_rank_very_weak_DRB1_0401,binding_rank_strong_HLA_DPA10201_DPB10101,binding_rank_weak_HLA_DPA10201_DPB10101,binding_rank_very_weak_HLA_DPA10201_DPB10101,binding_rank_strong_HLA_DQA10401_DQB10402,binding_rank_weak_HLA_DQA10401_DQB10402,binding_rank_very_weak_HLA_DQA10401_DQB10402,binding_rank_strong_DRB1_0901,binding_rank_weak_DRB1_0901,binding_rank_very_weak_DRB1_0901,binding_rank_strong_DRB1_0405,binding_rank_weak_DRB1_0405,binding_rank_very_weak_DRB1_0405,binding_rank_strong_DRB1_1101,binding_rank_weak_DRB1_1101,binding_rank_very_weak_DRB1_1101,binding_rank_strong,binding_rank_weak,binding_rank_very_weak,Rank_average_HLA_DQA10101_DQB10501,Rank_average_DRB4_0101,Rank_average_DRB1_0802,Rank_average_DRB3_0101,Rank_average_DRB1_1501,Rank_average_DRB3_0202,Rank_average_DRB1_0301,Rank_average_DRB1_0701,Rank_average_DRB1_1302,Rank_average_HLA_DQA10501_DQB10301,Rank_average_HLA_DPA10201_DPB11401,Rank_average_HLA_DPA10103_DPB10201,Rank_average_HLA_DQA10301_DQB10302,Rank_average_HLA_DPA10301_DPB10402,Rank_average_HLA_DPA10201_DPB10501,Rank_average_DRB1_0101,Rank_average_HLA_DQA10102_DQB10602,Rank_average_HLA_DPA10103_DPB10401,Rank_average_DRB1_1201,Rank_average_DRB1_0401,Rank_average_HLA_DPA10201_DPB10101,Rank_average_HLA_DQA10401_DQB10402,Rank_average_DRB1_0901,Rank_average_DRB1_0405,Rank_average_DRB1_1101,nM_HLA_DQA10101_DQB10501,nM_DRB4_0101,nM_DRB1_0802,nM_DRB3_0101,nM_DRB1_1501,nM_DRB3_0202,nM_DRB1_0301,nM_DRB1_0701,nM_DRB1_1302,nM_HLA_DQA10501_DQB10301,nM_HLA_DPA10201_DPB11401,nM_HLA_DPA10103_DPB10201,nM_HLA_DQA10301_DQB10302,nM_HLA_DPA10301_DPB10402,nM_HLA_DPA10201_DPB10501,nM_DRB1_0101,nM_HLA_DQA10102_DQB10602,nM_HLA_DPA10103_DPB10401,nM_DRB1_1201,nM_DRB1_0401,nM_HLA_DPA10201_DPB10101,nM_HLA_DQA10401_DQB10402,nM_DRB1_0901,nM_DRB1_0405,Gene description,Uniprot,# MIM Number,MIM Entry Type,Entrez Gene ID,HGNC,Ensembl Gene ID,type
sp|Q00604|NDP_HUMAN,sp,Q00604,NDP,HUMAN,0102041|tr|B7TPX0|B7TPX0_9BETA,102041,tr,B7TPX0,B7TPX0,QASRSE,71,76,QASRSE,57,62,NVTDEQASRSENGTPV,6,,,,,,,,,,,,,,,,,,,,,,,,,,,,,,,,,,,,,,,,,,,,,,,,,,,,,,,,,,,,,,,,,,,,,,,,,,,,,,,,,,,,,88.81,69.295,76.78,75.34,87.3,76.83500000000002,68.705,59.855,86.01,22.4,72.55,90.235,41.21,93.315,95.0,71.005,36.335,83.935,90.355,62.86,92.57,34.97,64.225,78.75999999999998,70.55000000000003,22601.438982124502,12517.1813032491,16031.5932579644,15077.1560167049,17855.5703840981,22371.2816199982,12472.0282752963,9786.84177107399,13280.2181681694,1815.5304584385,25132.6153955759,19510.257049293,4924.43772868358,21372.095917303603,32182.0606410872,5839.93103284349,4321.7891704433705,22845.826104440897,22793.48256410149,9254.51345041774,19016.3180493437,5104.21590649107,8921.31310197952,15638.9159822429,Norrin cystine knot growth factor NDP,Q00604,300658.0,gene,4693.0,NDP,ENSG00000124479,virus
sp|Q00604|NDP_HUMAN,sp,Q00604,NDP,HUMAN,0001259|tr|Q1G9D0|Q1G9D0_LACDA,1259,tr,Q1G9D0,Q1G9D0,VLAASF,5,10,VLAASF,111,116,LAKEYVLAASFAFALC,6,,,,,,,,,,,weak,very_weak,,,very_weak,,,very_weak,,,,strong,weak,very_weak,,,very_weak,,,very_weak,,weak,very_weak,,weak,very_weak,,weak,very_weak,,,,,,very_weak,,,very_weak,,,very_weak,,weak,very_weak,,,,,weak,very_weak,,,,,,very_weak,,weak,very_weak,,,,,weak,very_weak,,,very_weak,,,,strong,weak,very_weak,34.835,51.74,25.65,4.35,12.35,16.375,35.695,1.775,16.88,17.795,9.48,9.05,20.98,10.87,19.595,5.4,32.135,6.315,20.380000000000003,16.32,8.435,44.43,2.96,12.105,23.05,909.701940265338,739.914752993087,629.339651703205,279.551833564999,149.804353139629,1036.36398341592,2481.6086134591,19.1109487565626,156.52998833762,203.580198877102,479.325811622368,133.225573608418,1262.90851528324,159.833041929931,700.282586789055,20.4356129329528,356.220798823873,202.466491206902,597.18540864733,328.402544657972,207.700731816329,555.40782214869,36.9044130660382,213.160218532362,Norrin cystine knot growth factor NDP,Q00604,300658.0,gene,4693.0,NDP,ENSG00000124479,bacteria
sp|Q00604|NDP_HUMAN,sp,Q00604,NDP,HUMAN,0001259|tr|Q1G9S2|Q1G9S2_LACDA,1259,tr,Q1G9S2,Q1G9S2,SSKMVL,56,61,SSKMVL,537,542,DVAKKSSKMVLLDEGL,6,,,,,,,,,,,,,,,,,,,,,,,,,,,,,,,,weak,very_weak,,,,,,,,,,,,,,,very_weak,,,,,,,,,,,,,,,,,,,,,very_weak,,,very_weak,,,,,,,,,,,weak,very_weak,38.345,22.200000000000003,34.49,71.91,48.37,60.040000000000006,41.645,37.68,40.425,59.145,6.734999999999999,24.445,40.195,33.91,10.645,55.785,23.54,33.935,52.205,63.64,17.395,19.31,49.69,58.2,38.98,2608.66934322849,484.975501526947,1431.57517281142,6948.58975102128,1652.28480327717,7413.12308431905,3102.76027569279,668.578394134551,1519.73046421204,3375.25204614881,1146.65715210671,1356.96408539032,2323.23459287276,1031.16292689385,1400.89898315379,470.116574593813,769.845209731663,2113.60616903387,2809.3877082225,2954.54141665289,744.475999825572,1055.11186037021,816.420911281945,1838.97793220915,Norrin cystine knot growth factor NDP,Q00604,300658.0,gene,4693.0,NDP,ENSG00000124479,bacteria
sp|Q00604|NDP_HUMAN,sp,Q00604,NDP,HUMAN,0001259|tr|Q1G989|Q1G989_LACDA,1259,tr,Q1G989,Q1G989,SFSTVL,80,85,SFSTVL,94,99,KQYGSSFSTVLSSSGL,6,,,,,,,,,,,,,,,,,,,,,,,weak,very_weak,,,,,,very_weak,,,,,,,,,,,,very_weak,,,,,,,,,,,,very_weak,strong,weak,very_weak,,,,,,,,weak,very_weak,,,,,weak,very_weak,,weak,very_weak,,weak,very_weak,,,,strong,weak,very_weak,46.955,55.845,26.005,20.535,34.82,22.88,72.59,2.495,60.415,11.84,30.65,26.605,16.545,44.695,55.46,11.9,0.945,33.03,65.13,3.94,46.31,5.465,4.135,4.535,30.895,3951.6175098566,1586.68956218737,732.879368970264,1510.19062109669,765.956831248144,1528.12311494195,8306.54225325159,35.9269341567943,2251.29890384848,149.645594034754,3109.24628283449,507.687468867589,1477.33423741308,1084.47561671996,3961.16352603646,42.642940455437,47.8065125150101,1009.06688184217,4119.97071910682,70.6313825047928,946.992188487307,94.4337986711974,45.8812959143697,82.4379516949436,Norrin cystine knot growth factor NDP,Q00604,300658.0,gene,4693.0,NDP,ENSG00000124479,bacteria
sp|Q00604|NDP_HUMAN,sp,Q00604,NDP,HUMAN,0001259|tr|Q1G9S2|Q1G9S2_LACDA,1259,tr,Q1G9S2,Q1G9S2,SKMVLL,57,62,SKMVLL,538,543,VAKKSSKMVLLDEGLS,6,,,,,,very_weak,,,,,,,,,,,,,,,,,,,,,,,,,,weak,very_weak,,,,,,,,,,,,,,,very_weak,,,,,,,,,very_weak,,,,,,,,,,,,very_weak,,,,,,,,,,,,,,weak,very_weak,31.37,13.055,39.165,70.22999999999999,52.010000000000005,60.040000000000006,58.575,37.68,47.485,71.11,6.734999999999999,24.445,36.055,33.91,10.645,49.42,19.22,33.935,30.025,57.345,17.395,27.72,49.69,46.795,38.98,2160.30955871846,395.523607366665,1610.26243243064,6831.62450208089,1836.17454713622,7413.12308431905,3819.82643734762,668.578394134551,1636.36179161933,3760.69156011037,1146.65715210671,1356.96408539032,2212.99581924761,1031.16292689385,1400.89898315379,382.895444204981,726.657412099547,2113.60616903387,1411.01501460993,2402.92245134335,744.475999825572,1082.07285635763,816.420911281945,1271.32638125199,Norrin cystine knot growth factor NDP,Q00604,300658.0,gene,4693.0,NDP,ENSG00000124479,bacteria
sp|Q00604|NDP_HUMAN,sp,Q00604,NDP,HUMAN,0001259|tr|Q1GAE9|Q1GAE9_LACDA,1259,tr,Q1GAE9,Q1GAE9,TSKLKA,100,105,TSKLKA,87,92,KSKAKTSKLKATIYTW,6,,,,,,,,,,,,,,,,,,,,,,,,,,,,,,,,,,,,,,,,,,,,,,,,,,,,,,,,,very_weak,,,,,weak,very_weak,,,,,,,,,,,,,,,,,,,,weak,very_weak,87.45500000000001,51.370000000000005,37.0,61.385000000000005,47.695,64.28,62.635000000000005,46.645,54.09,35.71,42.085,42.715,81.72,46.01,32.305,35.32,13.585,52.55,3.785,68.77,51.6,31.25,49.49,67.94,27.700000000000003,15683.1421058239,1078.43785340069,775.555368231586,8678.44087720452,1237.88071479223,7641.39102480572,5882.48362864442,770.887108452742,2518.17724569509,825.105937997607,3828.97122457066,3444.49989551167,9854.20774784812,2681.12354469018,2562.84370516898,184.816541668515,900.935174044845,5106.25969548433,275.802393342289,2521.01243698111,2225.40961935688,473.00951723201,871.726965107347,2416.7677016451,Norrin cystine knot growth factor NDP,Q00604,300658.0,gene,4693.0,NDP,ENSG00000124479,bacteria
sp|Q00604|NDP_HUMAN,sp,Q00604,NDP,HUMAN,0644875|tr|A0A934UDL6|A0A934UDL6_9STRE,644875,tr,A0A934UDL6,A0A934UDL6,LSLLVI,13,18,LSLLVI,7,12,KKKIKLSLLVIVSLVV,6,,,,,,,,,,,,,,,,,,,,,,,,,,,,,,,,,very_weak,,,very_weak,,,,,,,,,very_weak,,,,,,,,,,,,,,weak,very_weak,,,,,,,,,,,,,,,,,,,,,,,weak,very_weak,41.41,22.435,47.260000000000005,38.265,29.805,36.415,35.235,23.46,31.65,61.095,19.525,10.005,55.285,13.57,23.44,35.83,54.54,6.035,22.75,54.945,22.18,53.64,27.455,50.57,42.44,2712.22633488997,294.5368069508,877.746335761344,2942.16403199177,260.45402978326,1713.30963009319,2727.61763615139,223.297331969174,175.432721157262,3286.45694536442,1128.0876338824,235.050592787677,9751.2213299593,172.036089042236,779.551513456868,111.503767654927,1869.6337702167,329.096158444181,613.081606865704,1658.26664201755,350.038923655883,1625.57967170587,565.363413735984,1094.7914336793,Norrin cystine knot growth factor NDP,Q00604,300658.0,gene,4693.0,NDP,ENSG00000124479,bacteria
sp|Q00604|NDP_HUMAN,sp,Q00604,NDP,HUMAN,0283361|tr|A0A415ZRX6|A0A415ZRX6_9BACT,283361,tr,A0A415ZRX6,A0A415ZRX6,SKLKAL,101,106,SKLKAL,329,334,VDGIVSKLKALGISVK,6,,,,,,very_weak,strong,weak,very_weak,,,,,weak,very_weak,,,very_weak,,,very_weak,,weak,very_weak,,weak,very_weak,,,,,weak,very_weak,,,,,weak,very_weak,,,,,,,,weak,very_weak,,,,strong,weak,very_weak,,,,,,,strong,weak,very_weak,,,,,,,,weak,very_weak,,weak,very_weak,,,,strong,weak,very_weak,strong,weak,very_weak,37.925,11.575,1.23,34.925,2.085,17.065,19.115,3.315,4.39,36.620000000000005,9.785,21.73,65.39,20.880000000000003,9.035,0.6950000000000001,35.235,25.685,0.175,22.28,27.62,7.415,9.525,25.135,0.86,7439.96113715659,206.17596130851,145.707186887136,4603.38573843183,72.9095612873207,2426.72473533366,1703.14420999823,68.5184765454724,199.820117021385,1189.61212842201,684.88387929772,1450.97415469419,7852.86127117919,949.618863425357,942.586337610084,9.83543751292884,1172.95844218394,2407.13799705855,71.8220200222198,664.18744970195,1107.06043444801,158.027491588175,137.235818089496,693.841715148362,Norrin cystine knot growth factor NDP,Q00604,300658.0,gene,4693.0,NDP,ENSG00000124479,bacteria
sp|Q00604|NDP_HUMAN,sp,Q00604,NDP,HUMAN,0283361|tr|A0A416A7A7|A0A416A7A7_9BACT,283361,tr,A0A416A7A7,A0A416A7A7,TYRYIL,119,124,TYRYIL,310,315,ELLMLTYRYILKKGIR,6,,,,,,,,weak,very_weak,,,,,,,,,,,,,,,,,weak,very_weak,,,,,,,,weak,very_weak,,weak,very_weak,,,,,,,,weak,very_weak,,,,,,,,,,,,very_weak,,,very_weak,,,,,,,,,very_weak,,,,,,,strong,weak,very_weak,strong,weak,very_weak,39.695,32.35,3.015,45.97,22.32,24.335,24.905,24.69,6.404999999999999,75.72,26.735,9.015,88.55,25.975,8.97,36.715,67.365,16.805,14.155,41.345,33.71,14.79,37.63,52.13,1.515,1957.97457889056,162.335792650869,101.034065429071,2541.27828812233,70.1880063114588,1630.3707662586,903.219077056403,111.000611869341,255.090897600034,4285.33012009119,1823.91796291343,125.119262211054,10721.1355548918,229.511695294777,291.739398238573,52.4673110491695,2337.65747500824,342.145561906486,141.033725063298,793.438989943109,399.298892590593,194.702298687432,223.844022342415,531.445813422278,Norrin cystine knot growth factor NDP,Q00604,300658.0,gene,4693.0,NDP,ENSG00000124479,bacteria
sp|Q00604|NDP_HUMAN,sp,Q00604,NDP,HUMAN,0283361|tr|A0A3R6NCQ3|A0A3R6NCQ3_9BACT,283361,tr,A0A3R6NCQ3,A0A3R6NCQ3,KLKALR,102,107,KLKALR,24,29,AVNTDKLKALRAAMDK,6,,,,,weak,very_weak,,weak,very_weak,,,very_weak,,,very_weak,,,very_weak,,,very_weak,,,very_weak,,,,,,,,weak,very_weak,,,,,weak,very_weak,,,very_weak,,,,,,very_weak,,,,,weak,very_weak,,,very_weak,,,,,weak,very_weak,,weak,very_weak,,,,,weak,very_weak,,,very_weak,strong,weak,very_weak,,weak,very_weak,strong,weak,very_weak,26.81,9.65,6.405,16.805,19.27,17.585,14.195,13.88,32.315,37.635,4.27,37.74,12.239999999999998,24.93,17.315,3.975,19.11,28.6,3.87,7.859999999999999,22.025,3.27,13.015,0.905,8.705,4062.99749989729,218.441538658959,267.995168288218,1155.97492548516,434.728300184275,3013.787950897,759.412970740511,353.387703219228,1431.90048561337,1521.98484573943,1084.9450697293,2760.54383386335,1975.53031830504,1533.25724592469,2126.63561520267,22.059958300149,901.169154474889,3185.2478030831,320.29627869619,255.449953563793,1323.98448411693,163.200498202604,221.47107606668,46.7613528640792,Norrin cystine knot growth factor NDP,Q00604,300658.0,gene,4693.0,NDP,ENSG00000124479,bacteria
sp|Q00604|NDP_HUMAN,sp,Q00604,NDP,HUMAN,0283361|tr|A0A415ZW27|A0A415ZW27_9BACT,283361,tr,A0A415ZW27,A0A415ZW27,SFSMLS,9,14,SFSMLS,729,734,LNGAVSFSMLSDYNTV,6,,weak,very_weak,,,,,,,,,,,,,,,,,,,,,,,,,,,,,,,,,,,,,,,very_weak,,,,,,,,,,,weak,very_weak,,,,,,,,,,,weak,very_weak,,,,,,,,,,,weak,very_weak,,,,,weak,very_weak,6.485,31.78,39.54,34.695,26.525,34.86,39.52,38.275,44.73,32.475,61.12,28.89,17.505000000000003,23.335,40.155,9.04,31.04,26.345,24.815,9.935,28.595,28.495,27.595,6.625,34.975,420.739151456362,748.4010723204,1445.67750983405,2753.68262601805,643.949204189132,4122.86925426809,3508.63280618879,544.60128579149,1030.44912899107,479.439921581089,6862.51738990968,545.403250951109,858.306017292643,628.42106515037,2475.11930282113,51.2386953190712,557.424620490405,866.836152467867,1312.68738405897,238.436857374689,615.727395528084,484.430086400986,369.20150779584,118.050331522477,Norrin cystine knot growth factor NDP,Q00604,300658.0,gene,4693.0,NDP,ENSG00000124479,bacteria
