human_id,database,protein,gene,species,pathogen_id,pathogen_species,database_pathogen,pathogen_protein,pathogen_gene,human_seq,human_start,human_end,pathogen_seq,pathogen_start,pathogen_end,extended_pathogen_seq,pathogen_length,binding_rank_strong_HLA_DQA10101_DQB10501,binding_rank_weak_HLA_DQA10101_DQB10501,binding_rank_very_weak_HLA_DQA10101_DQB10501,binding_rank_strong_DRB4_0101,binding_rank_weak_DRB4_0101,binding_rank_very_weak_DRB4_0101,binding_rank_strong_DRB1_0802,binding_rank_weak_DRB1_0802,binding_rank_very_weak_DRB1_0802,binding_rank_strong_DRB3_0101,binding_rank_weak_DRB3_0101,binding_rank_very_weak_DRB3_0101,binding_rank_strong_DRB1_1501,binding_rank_weak_DRB1_1501,binding_rank_very_weak_DRB1_1501,binding_rank_strong_DRB3_0202,binding_rank_weak_DRB3_0202,binding_rank_very_weak_DRB3_0202,binding_rank_strong_DRB1_0301,binding_rank_weak_DRB1_0301,binding_rank_very_weak_DRB1_0301,binding_rank_strong_DRB1_0701,binding_rank_weak_DRB1_0701,binding_rank_very_weak_DRB1_0701,binding_rank_strong_DRB1_1302,binding_rank_weak_DRB1_1302,binding_rank_very_weak_DRB1_1302,binding_rank_strong_HLA_DQA10501_DQB10301,binding_rank_weak_HLA_DQA10501_DQB10301,binding_rank_very_weak_HLA_DQA10501_DQB10301,binding_rank_strong_HLA_DPA10201_DPB11401,binding_rank_weak_HLA_DPA10201_DPB11401,binding_rank_very_weak_HLA_DPA10201_DPB11401,binding_rank_strong_HLA_DPA10103_DPB10201,binding_rank_weak_HLA_DPA10103_DPB10201,binding_rank_very_weak_HLA_DPA10103_DPB10201,binding_rank_strong_DRB5_0101,binding_rank_weak_DRB5_0101,binding_rank_very_weak_DRB5_0101,binding_rank_strong_HLA_DQA10301_DQB10302,binding_rank_weak_HLA_DQA10301_DQB10302,binding_rank_very_weak_HLA_DQA10301_DQB10302,binding_rank_strong_HLA_DPA10301_DPB10402,binding_rank_weak_HLA_DPA10301_DPB10402,binding_rank_very_weak_HLA_DPA10301_DPB10402,binding_rank_strong_HLA_DPA10201_DPB10501,binding_rank_weak_HLA_DPA10201_DPB10501,binding_rank_very_weak_HLA_DPA10201_DPB10501,binding_rank_strong_HLA_DQA10501_DQB10201,binding_rank_weak_HLA_DQA10501_DQB10201,binding_rank_very_weak_HLA_DQA10501_DQB10201,binding_rank_strong_DRB1_0101,binding_rank_weak_DRB1_0101,binding_rank_very_weak_DRB1_0101,binding_rank_strong_HLA_DQA10102_DQB10602,binding_rank_weak_HLA_DQA10102_DQB10602,binding_rank_very_weak_HLA_DQA10102_DQB10602,binding_rank_strong_HLA_DPA10103_DPB10401,binding_rank_weak_HLA_DPA10103_DPB10401,binding_rank_very_weak_HLA_DPA10103_DPB10401,binding_rank_strong_DRB1_1201,binding_rank_weak_DRB1_1201,binding_rank_very_weak_DRB1_1201,binding_rank_strong_DRB1_0401,binding_rank_weak_DRB1_0401,binding_rank_very_weak_DRB1_0401,binding_rank_strong_HLA_DPA10201_DPB10101,binding_rank_weak_HLA_DPA10201_DPB10101,binding_rank_very_weak_HLA_DPA10201_DPB10101,binding_rank_strong_HLA_DQA10401_DQB10402,binding_rank_weak_HLA_DQA10401_DQB10402,binding_rank_very_weak_HLA_DQA10401_DQB10402,binding_rank_strong_DRB1_0901,binding_rank_weak_DRB1_0901,binding_rank_very_weak_DRB1_0901,binding_rank_strong_DRB1_0405,binding_rank_weak_DRB1_0405,binding_rank_very_weak_DRB1_0405,binding_rank_strong_DRB1_1101,binding_rank_weak_DRB1_1101,binding_rank_very_weak_DRB1_1101,binding_rank_strong,binding_rank_weak,binding_rank_very_weak,Rank_average_HLA_DQA10101_DQB10501,Rank_average_DRB4_0101,Rank_average_DRB1_0802,Rank_average_DRB3_0101,Rank_average_DRB1_1501,Rank_average_DRB3_0202,Rank_average_DRB1_0301,Rank_average_DRB1_0701,Rank_average_DRB1_1302,Rank_average_HLA_DQA10501_DQB10301,Rank_average_HLA_DPA10201_DPB11401,Rank_average_HLA_DPA10103_DPB10201,Rank_average_HLA_DQA10301_DQB10302,Rank_average_HLA_DPA10301_DPB10402,Rank_average_HLA_DPA10201_DPB10501,Rank_average_DRB1_0101,Rank_average_HLA_DQA10102_DQB10602,Rank_average_HLA_DPA10103_DPB10401,Rank_average_DRB1_1201,Rank_average_DRB1_0401,Rank_average_HLA_DPA10201_DPB10101,Rank_average_HLA_DQA10401_DQB10402,Rank_average_DRB1_0901,Rank_average_DRB1_0405,Rank_average_DRB1_1101,nM_HLA_DQA10101_DQB10501,nM_DRB4_0101,nM_DRB1_0802,nM_DRB3_0101,nM_DRB1_1501,nM_DRB3_0202,nM_DRB1_0301,nM_DRB1_0701,nM_DRB1_1302,nM_HLA_DQA10501_DQB10301,nM_HLA_DPA10201_DPB11401,nM_HLA_DPA10103_DPB10201,nM_HLA_DQA10301_DQB10302,nM_HLA_DPA10301_DPB10402,nM_HLA_DPA10201_DPB10501,nM_DRB1_0101,nM_HLA_DQA10102_DQB10602,nM_HLA_DPA10103_DPB10401,nM_DRB1_1201,nM_DRB1_0401,nM_HLA_DPA10201_DPB10101,nM_HLA_DQA10401_DQB10402,nM_DRB1_0901,nM_DRB1_0405,Gene description,Uniprot,# MIM Number,MIM Entry Type,Entrez Gene ID,HGNC,Ensembl Gene ID,type
sp|Q06124|PTN11_HUMAN,sp,Q06124,PTN11,HUMAN,0102041|tr|B7TPX0|B7TPX0_9BETA,102041,tr,B7TPX0,B7TPX0,LRELKL,398,403,LRELKL,453,458,IDVRYLRELKLAICYS,6,,,,,,very_weak,,,very_weak,,,very_weak,,weak,very_weak,,,,,,very_weak,,,,,,,,,,,,,,,very_weak,,,,,,,,,very_weak,,,very_weak,,,very_weak,,,very_weak,,,,,,very_weak,strong,weak,very_weak,,,,,,,,,,,,,,,,,weak,very_weak,strong,weak,very_weak,23.765,19.525,15.005,18.15,6.54,38.03,19.72,29.64,24.695,77.01499999999999,30.995,17.23,62.795,13.385,11.79,12.265,43.085,12.405,1.365,41.395,20.97,39.11000000000001,36.71,42.290000000000006,7.125,1308.6316083809,140.870542502046,399.969104878999,902.330205375466,79.1609056099135,2484.21447480342,869.381584670498,431.070216362565,530.790703180407,4286.6285737767,1449.38939967648,275.116898867708,5542.936291585961,162.794870686428,353.54450463655405,42.378924914782,954.191790266163,407.473412606568,89.10526966661871,660.139541160253,245.205170999554,375.193696516439,487.084251155065,472.114739444849,Protein tyrosine phosphatase non-receptor type 11,Q06124,176876.0,gene,5781.0,PTPN11,ENSG00000179295,virus
sp|Q06124|PTN11_HUMAN,sp,Q06124,PTN11,HUMAN,0001259|tr|Q1GB29|Q1GB29_LACDA,1259,tr,Q1GB29,Q1GB29,AENLLL,16,21,AENLLL,105,110,PRMTVAENLLLAAKRG,6,,,,,weak,very_weak,,,,,,very_weak,,weak,very_weak,,weak,very_weak,,,very_weak,,weak,very_weak,,,very_weak,,,,,weak,very_weak,,weak,very_weak,,,very_weak,,,,strong,weak,very_weak,,weak,very_weak,,,,,weak,very_weak,,weak,very_weak,,weak,very_weak,,weak,very_weak,,,very_weak,,weak,very_weak,,,,,weak,very_weak,,,very_weak,,,,strong,weak,very_weak,24.415,4.43,20.5,16.115000000000002,3.125,6.905,10.505,6.125,11.555,39.15,8.375,6.855,35.905,1.67,6.59,7.74,7.66,6.875,9.95,11.335,4.42,34.925000000000004,6.8100000000000005,15.495,22.585,1991.45425528084,118.747219895792,441.172580164636,1226.81379817887,62.3009047906115,283.695824843581,462.883754662076,76.3487792073128,84.4987417524499,1122.43840103646,823.901610227607,199.392497379293,2336.69654101433,92.8241105630637,523.90959193599,26.2413131531408,281.890572744436,402.883475538012,354.387067129895,198.957181976339,199.817955023718,387.119416600951,113.329427845473,223.278004584671,Protein tyrosine phosphatase non-receptor type 11,Q06124,176876.0,gene,5781.0,PTPN11,ENSG00000179295,bacteria
sp|Q06124|PTN11_HUMAN,sp,Q06124,PTN11,HUMAN,0001259|sp|Q1GBD4|CAPP_LACDA,1259,sp,Q1GBD4,CAPP,DIIREK,477,482,DIIREK,189,194,IIMQTDIIREKKLKVS,6,,,,,,very_weak,,weak,very_weak,,,very_weak,,,very_weak,,,,strong,weak,very_weak,,,,,weak,very_weak,,,,,,,,,,,,,,,,,,very_weak,,weak,very_weak,,,,,,,,,,,,,,weak,very_weak,,,,,,very_weak,,,very_weak,,,,,,,,weak,very_weak,strong,weak,very_weak,35.755,12.725,7.85,11.135,19.450000000000003,29.33,1.3849999999999998,39.73,3.63,70.9,32.26,26.605,33.83,19.535,9.2,42.08,48.495000000000005,20.07,5.295,42.6,18.025,19.135,49.005,35.480000000000004,2.41,3327.13693899973,151.791614090259,679.51772989129,929.692552017345,435.443845318951,2725.70001637321,64.4462172619899,835.020957226647,220.474083167207,4635.17262369761,4526.09306739836,1294.95508712909,2983.45268904958,568.399504671146,1021.01572764628,366.661679267812,1581.68452499934,1738.65077411413,518.254739950067,869.231093441278,695.269552859069,942.667929742763,1205.77145656502,594.53566359045,Protein tyrosine phosphatase non-receptor type 11,Q06124,176876.0,gene,5781.0,PTPN11,ENSG00000179295,bacteria
sp|Q06124|PTN11_HUMAN,sp,Q06124,PTN11,HUMAN,0001259|tr|Q1GAY6|Q1GAY6_LACDA,1259,tr,Q1GAY6,Q1GAY6,LKEYGV,377,382,LKEYGV,72,77,TLLDWLKEYGVIADLK,6,,weak,very_weak,,,,,,,,,,,,very_weak,,,,,,,,,,,,,,,,,,,,,,,,,,,,,,,,,,,,,strong,weak,very_weak,,,,,,,,,very_weak,,,very_weak,,,,,,,,,,,,very_weak,,,,strong,weak,very_weak,9.31,43.97,41.955,32.705,11.665,23.585,57.64,35.21,52.085,40.47,22.535,30.495,27.815,38.095,42.175,1.415,58.34,35.629999999999995,10.865,17.240000000000002,40.12,22.315,34.015,11.905,35.455,534.005011557693,1021.49086621025,1800.0586433236,2468.59354163215,331.795533277446,2819.52815024409,4610.5636250048,786.013731517826,1769.72005367415,1278.09828880229,2544.33218512101,999.548000854656,1510.07624593424,938.789934936079,2255.1020471593,14.1520725008697,2011.7030383478,1669.66295869445,898.588985856712,422.097927517533,868.798576249618,697.039627910547,615.334460959351,319.607379200003,Protein tyrosine phosphatase non-receptor type 11,Q06124,176876.0,gene,5781.0,PTPN11,ENSG00000179295,bacteria
sp|Q06124|PTN11_HUMAN,sp,Q06124,PTN11,HUMAN,0001259|tr|Q1GBF9|Q1GBF9_LACDA,1259,tr,Q1GBF9,Q1GBF9,VMTTKE,354,359,VMTTKE,126,131,PNTSAVMTTKEYSNGK,6,,,,,,,,,,,,,,,,,,,,,,,,,,,,,,very_weak,,,,,,,,,,,,,,,,,,,,,,,,,,,,,,,,,,,,,,,,,,very_weak,,,,,,,,,very_weak,,,very_weak,66.42,35.265,26.945,66.995,46.370000000000005,55.99,35.34,40.175,47.605,19.52,47.35,38.870000000000005,21.505000000000003,42.985,44.735,60.985,20.79,47.545,22.265,54.235,41.165,11.535,37.185,47.01,18.035,16561.5808683861,2618.36858172691,2539.73897472262,13225.2991451077,5407.16780697843,13836.4189662193,6226.10187807638,4063.43713100161,6433.94874367424,377.886652714063,12031.7031524034,7300.88761605315,2668.18775594319,6330.16521128559,8749.15149624426,2416.32321138344,997.096033692735,11594.4975204097,3665.16528772074,4921.40162951174,4955.11637595871,1088.29580986197,3304.60627245289,3564.15124644365,Protein tyrosine phosphatase non-receptor type 11,Q06124,176876.0,gene,5781.0,PTPN11,ENSG00000179295,bacteria
sp|Q06124|PTN11_HUMAN,sp,Q06124,PTN11,HUMAN,0001259|tr|Q1GAI1|Q1GAI1_LACDA,1259,tr,Q1GAI1,Q1GAI1,DIDVPK,487,492,DIDVPK,163,168,RLIKQDIDVPKQIVEL,6,,,,strong,weak,very_weak,,,,,weak,very_weak,,,,,,,strong,weak,very_weak,,,,,,,,,,,,,,,,,,,,,,,,,,,,,,,,,,,,,,,,,,,,,very_weak,,,,,,,,,,,,,,,,strong,weak,very_weak,47.52,0.885,49.705,5.22,49.675,25.075000000000003,1.72,63.145,26.18,79.55000000000001,39.965,70.19,59.775,57.31,41.545,63.05500000000001,63.09,56.05,44.485,19.345,50.915,62.205,59.385000000000005,49.425,47.005,5265.82920922029,57.7509686728051,3359.14897241592,343.901067402667,2648.02699972082,3591.5977844181,79.8559943335768,4081.10559365982,711.324943347658,7700.90180046145,9994.65866192414,6915.58820041434,5747.78126419983,5114.55371378688,5258.99663325428,1606.59043954899,4900.14826423422,8605.69421854367,3568.89769323629,580.739205713107,3554.9849819164,4746.16202615088,4434.76509219735,2117.38288301681,Protein tyrosine phosphatase non-receptor type 11,Q06124,176876.0,gene,5781.0,PTPN11,ENSG00000179295,bacteria
sp|Q06124|PTN11_HUMAN,sp,Q06124,PTN11,HUMAN,0001259|tr|Q1G9G7|Q1G9G7_LACDA,1259,tr,Q1G9G7,Q1G9G7,RVRNVK,384,389,RVRNVK,137,142,AEIVERVRNVKDDLEL,6,,,very_weak,,,very_weak,,,,,,,,,,,,,,,,,,,,,very_weak,,,,,,,,,,,,,,,very_weak,,,,,,,,,very_weak,,,,,,,,,,,,,,,very_weak,,,,,,,,,,,weak,very_weak,,,,,weak,very_weak,11.54,19.175,28.665,47.31,28.135,39.57,30.31,27.63,19.065,65.06,59.96,70.1,12.255,55.175,48.115,48.43,47.13,57.355,27.945,19.025,47.89,23.875,45.93,3.015,24.73,1974.39777866049,1237.17105775901,2501.93666303578,7076.73986766181,2461.87188141411,10550.1374484884,4228.7231108147,2399.02575108242,1699.42589101528,8747.16378060587,14095.7158533851,9215.34491373575,2012.90053456685,6880.50965680804,8387.55255979905,2152.40026297494,5055.40962823697,11209.5052998661,3905.71017874434,1456.32171911297,4664.2005789912,2591.81710317568,4123.71690348649,231.617170363944,Protein tyrosine phosphatase non-receptor type 11,Q06124,176876.0,gene,5781.0,PTPN11,ENSG00000179295,bacteria
sp|Q06124|PTN11_HUMAN,sp,Q06124,PTN11,HUMAN,0001259|tr|Q1GB57|Q1GB57_LACDA,1259,tr,Q1GB57,Q1GB57,GQLKEK,86,91,GQLKEK,203,208,SKDGAGQLKEKYSEYR,6,,,,,,,,,,,,,,,,,,,,,,,,,,,,,,,,,,,,,,,,,,,,,,,,,,,,,,,,,,,,,,,,,,,,,,,,,,,,,,,,,,,,,86.10499999999999,54.59,68.235,76.60499999999999,67.465,83.31,50.335,88.015,57.905,79.005,87.3,77.235,86.555,80.475,64.12,69.26,75.125,73.315,55.1,89.225,70.435,52.685,88.855,86.57,59.25,20240.2556867145,4893.73722114549,8393.27185076347,12929.3073352014,7522.36181371428,21609.502223363,7547.30851616964,13357.0256731133,8350.33652000164,6804.1827666119,22520.1528344466,11748.6880985374,13230.5947127954,13320.2238510101,12535.0712482049,5641.4378780196,11406.2369804126,15761.9048240235,8281.86337669534,12458.6759143286,9485.44793638813,6463.60277909678,11252.6440437639,12426.5003075884,Protein tyrosine phosphatase non-receptor type 11,Q06124,176876.0,gene,5781.0,PTPN11,ENSG00000179295,bacteria
sp|Q06124|PTN11_HUMAN,sp,Q06124,PTN11,HUMAN,0001259|tr|Q1G823|Q1G823_LACDA,1259,tr,Q1G823,Q1G823,VVLHDG,290,295,VVLHDG,476,481,LSDRIVVLHDGAESGE,6,,,very_weak,,,very_weak,,,,,weak,very_weak,,,very_weak,,,,,weak,very_weak,,,,,,,,,,,,,,,,,,,,weak,very_weak,,,,,,,,,very_weak,,,,,,very_weak,,,,,,very_weak,,,very_weak,,,,,weak,very_weak,,,,,weak,very_weak,,,,,weak,very_weak,14.075,16.380000000000003,21.83,5.050000000000001,15.915,21.725,5.105,35.93,21.425,32.57,42.36,54.275000000000006,5.265000000000001,35.725,38.735,23.67,17.315,42.120000000000005,11.795,10.29,37.045,6.05,30.995,5.285,26.53,2694.85089180105,1079.60533072582,1989.06396355369,586.612331596174,1223.77784845873,5153.10307081527,577.906011095495,3252.91955716345,1211.87944086933,2774.94801843823,11494.0732406557,7171.39372610192,1399.5960516272,4985.98614746985,7148.54031507657,636.571524748532,1142.03882474005,9224.7222325168,1767.40466423953,774.414985618186,3916.5434582228,919.080907860976,1902.5289918919,391.601781352663,Protein tyrosine phosphatase non-receptor type 11,Q06124,176876.0,gene,5781.0,PTPN11,ENSG00000179295,bacteria
sp|Q06124|PTN11_HUMAN,sp,Q06124,PTN11,HUMAN,0644875|tr|A0A934P967|A0A934P967_9STRE,644875,tr,A0A934P967,A0A934P967,LDFLEE,436,441,LDFLEE,114,119,LENVTLDFLEELFNKI,6,,weak,very_weak,,,,,,,,weak,very_weak,,,,,,,,weak,very_weak,,,,,,,,,,,,,,weak,very_weak,,,,,,very_weak,strong,weak,very_weak,,weak,very_weak,,weak,very_weak,,,,,,,strong,weak,very_weak,,,,,,,strong,weak,very_weak,,,,,,,,,,,,,strong,weak,very_weak,6.3500000000000005,36.965,63.3,5.23,43.34,54.595,6.234999999999999,41.87,48.745,56.49,31.145,2.655,16.415,0.64,2.935,35.525,66.955,0.255,28.18,46.985,0.485,59.19,54.395,35.285000000000004,61.935,186.370788289835,820.379046691809,3705.51795876801,197.806688774659,1125.79530238975,5255.52680660248,246.577981479535,723.331443650698,924.796663828,5539.75861567824,1691.59257543806,14.4871820263335,835.933964905712,11.9552428768293,93.3407676207734,339.435427159198,2414.20646848357,5.93354434667377,1444.39544202698,1467.26653953968,16.6907033521467,2791.63144458452,1381.78071832296,729.98287709064,Protein tyrosine phosphatase non-receptor type 11,Q06124,176876.0,gene,5781.0,PTPN11,ENSG00000179295,bacteria
sp|Q06124|PTN11_HUMAN,sp,Q06124,PTN11,HUMAN,0644875|tr|A0A934PAG9|A0A934PAG9_9STRE,644875,tr,A0A934PAG9,A0A934PAG9,SRVREL,228,233,SRVREL,132,137,QSISSSRVRELLHFKQ,6,,,,,,,,,,,,,,,,,,,,,,,weak,very_weak,,,,,,very_weak,,,,,,very_weak,,,,,,,,,,,,,,,,,,,,weak,very_weak,,,,,,very_weak,,,,,,,,,very_weak,,weak,very_weak,,,,,,,,weak,very_weak,38.565,31.715000000000003,37.7,41.42,31.065,45.400000000000006,28.655,7.75,26.575,12.405,33.535000000000004,19.135,38.21,24.435,27.04,35.78,7.0600000000000005,35.84,16.42,48.275,35.515,14.355,6.69,47.11,27.325,3721.38853723214,326.775649399978,998.672378701158,3259.82526716756,432.925840295074,3269.50374732164,1184.21843043436,65.8260831962908,350.167717024723,248.09802555547,2294.75455131763,598.874221076122,2752.81872873031,537.128352882107,1273.30871275327,140.068065613399,116.586777560242,1476.87076169197,549.853063113722,1034.62738959286,830.722487290421,107.195336880832,77.8174478659306,953.015563454839,Protein tyrosine phosphatase non-receptor type 11,Q06124,176876.0,gene,5781.0,PTPN11,ENSG00000179295,bacteria
sp|Q06124|PTN11_HUMAN,sp,Q06124,PTN11,HUMAN,0644875|tr|A0A934P8W8|A0A934P8W8_9STRE,644875,tr,A0A934P8W8,A0A934P8W8,DIIREK,477,482,DIIREK,189,194,MIMQSDIIREKKLKVK,6,,,,,,very_weak,,weak,very_weak,,,very_weak,,,very_weak,,,,strong,weak,very_weak,,,,,weak,very_weak,,,,,,,,,very_weak,,,very_weak,,,,,,very_weak,,weak,very_weak,,,,,,,,,,,,,,weak,very_weak,,,,,,very_weak,,,,,,,,,,,weak,very_weak,strong,weak,very_weak,36.325,13.845,7.494999999999999,11.335,12.055,29.92,0.595,43.255,3.265,66.295,30.605,17.665,51.045,13.555,5.38,45.495000000000005,45.285,21.54,6.109999999999999,43.135,14.015,37.785,42.065,38.875,2.01,3842.54237688451,197.894457445934,673.4499835432,978.722244813039,473.695807606725,2703.43690128539,68.7196785098547,893.67315685455,198.557187498479,3343.01421145821,4515.7230447093,1441.61632822026,3574.30784521344,681.697478948189,1117.45807907659,399.597106353283,1277.50379128338,1970.47098026685,607.515069705014,900.106981838899,844.808288602598,1159.53248799572,725.235733399532,725.494726998657,Protein tyrosine phosphatase non-receptor type 11,Q06124,176876.0,gene,5781.0,PTPN11,ENSG00000179295,bacteria
sp|Q06124|PTN11_HUMAN,sp,Q06124,PTN11,HUMAN,0644875|tr|A0A934P9E3|A0A934P9E3_9STRE,644875,tr,A0A934P9E3,A0A934P9E3,QLKQPL,211,216,QLKQPL,209,214,LTHLRQLKQPLEYPSC,6,,,,,,very_weak,,,,,,,,,,,,,,,,,,,,,,,,,,,very_weak,,,,,,,,,,,,,,,very_weak,,,,,,,,,,,,,,weak,very_weak,,,,,,,,,,,,,,,very_weak,,,very_weak,,weak,very_weak,57.98,13.005,25.74,52.56,27.19,47.74,33.985,61.85,46.815,89.305,18.53,39.010000000000005,73.81,31.94,16.105,35.9,70.305,39.695,5.1,40.58,33.004999999999995,31.26,43.725,15.81,17.705,6198.20805708426,385.222479462233,1964.76548054027,7993.10356721959,1578.36799265906,10727.7496118678,4741.54255781472,4365.26008301166,3263.70734141438,10062.1485817202,5217.67883851761,4344.48076143617,9609.61540159321,2648.74337322969,2715.45628224705,644.137351135481,6249.99483111032,5337.70513180248,671.04243942445,3074.2890636823,2120.27146283892,1660.34922964483,2551.05816246216,848.426567175419,Protein tyrosine phosphatase non-receptor type 11,Q06124,176876.0,gene,5781.0,PTPN11,ENSG00000179295,bacteria
sp|Q06124|PTN11_HUMAN,sp,Q06124,PTN11,HUMAN,0644875|tr|A0A934PAD1|A0A934PAD1_9STRE,644875,tr,A0A934PAD1,A0A934PAD1,ESNDGK,159,164,ESNDGK,81,86,TEAVAESNDGKLALAP,6,,,,,,,,,,,,,,,,,,,,,very_weak,,,,,,,,,very_weak,,,,,,,,,,,,,,,,,,,,,,,,,,,very_weak,,,,,,,,,,,,,,,,,,,,,,,,,,,very_weak,50.870000000000005,65.245,72.99,31.02,48.38,34.76,19.25,34.055,36.125,16.985,73.745,83.33,52.94499999999999,80.46000000000001,82.215,62.135,19.065,83.7,62.55,48.73,82.71000000000001,51.045,37.545,54.37,75.48,8028.29314656265,5509.75082563219,9367.34331206134,3394.14879845889,6566.80244315967,7055.56207376307,1994.14946415587,2795.01643649015,1696.5415179764,450.891696831217,18888.9741392456,12925.5307964101,3663.3019165885,13280.5055493111,15563.4619011436,2768.38047592441,1196.32408894327,18115.1591548043,10942.8699622407,4790.47938358161,10375.690413619,3054.62717399077,3094.11098957342,6437.56968494383,Protein tyrosine phosphatase non-receptor type 11,Q06124,176876.0,gene,5781.0,PTPN11,ENSG00000179295,bacteria
sp|Q06124|PTN11_HUMAN,sp,Q06124,PTN11,HUMAN,0644875|tr|A0A934P8G6|A0A934P8G6_9STRE,644875,tr,A0A934P8G6,A0A934P8G6,TRINAA,219,224,TRINAA,63,68,RKLWITRINAAARMNG,6,,,,,weak,very_weak,strong,weak,very_weak,,,very_weak,,weak,very_weak,,weak,very_weak,,weak,very_weak,,weak,very_weak,strong,weak,very_weak,,,,strong,weak,very_weak,,weak,very_weak,strong,weak,very_weak,,,,,weak,very_weak,,weak,very_weak,,,,,weak,very_weak,,weak,very_weak,,weak,very_weak,,weak,very_weak,,weak,very_weak,,weak,very_weak,,weak,very_weak,,,very_weak,,weak,very_weak,,weak,very_weak,strong,weak,very_weak,24.5,2.68,0.365,14.795,7.074999999999999,3.18,4.975,7.535,1.865,23.235,1.25,5.615,24.655,4.79,3.62,7.885,7.845000000000001,8.175,3.75,4.295,6.955,2.1,12.71,7.52,2.6750000000000003,1316.44233278734,39.066902779171,29.4468600599021,1013.10363253618,63.7002797105949,37.1005884450618,201.326198971751,48.0757234743668,12.910545284428,304.886845290654,237.348081059468,161.473921554911,2471.02531536402,125.534200109963,426.454343701428,20.5553611701938,124.134908005242,437.900681315472,169.74521364101,47.3991089820744,219.609851953444,80.9118388452124,105.247342648924,95.0416459883543,Protein tyrosine phosphatase non-receptor type 11,Q06124,176876.0,gene,5781.0,PTPN11,ENSG00000179295,bacteria
sp|Q06124|PTN11_HUMAN,sp,Q06124,PTN11,HUMAN,0644875|tr|A0A934P8Z9|A0A934P8Z9_9STRE,644875,tr,A0A934P8Z9,A0A934P8Z9,LSKLAE,233,238,LSKLAE,153,158,GTEQILSKLAEYGLKN,6,,,,,,very_weak,,weak,very_weak,,,,,weak,very_weak,,,,,,,,,,,,,,,,,weak,very_weak,,,very_weak,,,very_weak,,,,,,very_weak,,weak,very_weak,,,,,,very_weak,,,very_weak,,,very_weak,,weak,very_weak,,,,,,very_weak,,weak,very_weak,,,,,,,,,very_weak,,weak,very_weak,32.03,11.8,4.71,48.975,7.91,30.18,36.56,27.44,27.775,54.09,9.675,11.275,49.075,16.405,7.56,11.91,17.16,17.26,3.22,29.66,13.475,6.575,28.15,37.845,12.41,4863.96483280941,533.214037168587,394.20772202966,5320.86792979395,345.134904405535,5847.58163764609,3823.71340311252,1034.71694898056,1441.61632822026,3079.54913242679,2100.13385788612,856.395091444228,4281.99304492306,771.24584748464,1005.85124188659,116.514897471936,828.828133302824,1583.43106311638,435.048267016721,1590.38489895667,739.14660349673,546.809532692854,683.506951021128,1485.79816941027,Protein tyrosine phosphatase non-receptor type 11,Q06124,176876.0,gene,5781.0,PTPN11,ENSG00000179295,bacteria
sp|Q06124|PTN11_HUMAN,sp,Q06124,PTN11,HUMAN,0644875|tr|A0A934P8Z6|A0A934P8Z6_9STRE,644875,tr,A0A934P8Z6,A0A934P8Z6,NKNRYK,275,280,NKNRYK,3,8,MDNKNRYKFTFGD,6,,,,,,,,,,,,,,,,,,,,,,,,,,,,,,,,,,,,,,,,,,,,,,,,,,,,,,,,,,,,,,,,,,,,,,,,,,,,,,,,,,,,,87.38499999999999,95.0,76.34,95.0,82.22,94.28,95.0,95.0,83.265,95.0,95.0,81.91,95.0,94.1,83.65,95.0,95.0,93.05,89.63499999999999,95.0,91.205,69.805,95.0,91.545,78.89,20655.5118387576,20840.4893569399,16603.0261385493,29382.0040458173,12567.2560220039,25919.4063771925,27785.3539234937,25516.2144371995,15285.928356459,24457.140519103,36718.0996625616,18200.0302165136,32785.1580297386,22499.4509953004,21102.5638408827,20423.0611894747,31881.2354657284,24634.5475812206,21145.3038507943,26450.3193938252,18421.3247375157,10816.4449577237,24958.1016160606,17142.0718088193,Protein tyrosine phosphatase non-receptor type 11,Q06124,176876.0,gene,5781.0,PTPN11,ENSG00000179295,bacteria
sp|Q06124|PTN11_HUMAN,sp,Q06124,PTN11,HUMAN,0283361|tr|A0A3R6N6T0|A0A3R6N6T0_9BACT,283361,tr,A0A3R6N6T0,A0A3R6N6T0,DEYALK,373,378,DEYALK,83,88,FTTAYDEYALKAFKVN,6,,,very_weak,,,,,,,,,,,,very_weak,,,,,,,,,very_weak,,,,,,,,,very_weak,,weak,very_weak,,,very_weak,,,,,,very_weak,,,very_weak,,,,,weak,very_weak,,,,,,very_weak,,,very_weak,,,,,,very_weak,,weak,very_weak,,,,,,,,,,,weak,very_weak,10.145,53.005,31.345,32.77,18.505000000000003,39.03,29.53,15.215,42.22,36.16,19.98,2.24,21.905,16.42,10.425,5.414999999999999,35.230000000000004,10.04,14.7,36.71,10.245,5.515,20.73,37.875,26.53,532.787282967798,1398.76341685402,1157.70223486312,1962.51338959543,391.423865913942,5415.59900075728,1796.77016701334,153.993400128211,1411.30511495038,1127.98999284361,2397.57260346684,154.775147348464,1348.9421272454,488.683725086222,997.840708334934,21.1018297229941,1048.89705801332,751.809775693014,768.339035682159,976.416441667845,389.995009858288,176.546656545277,267.369575567343,846.098102225952,Protein tyrosine phosphatase non-receptor type 11,Q06124,176876.0,gene,5781.0,PTPN11,ENSG00000179295,bacteria
sp|Q06124|PTN11_HUMAN,sp,Q06124,PTN11,HUMAN,0283361|tr|A0A3R6MEA4|A0A3R6MEA4_9BACT,283361,tr,A0A3R6MEA4,A0A3R6MEA4,TLAELV,73,78,TLAELV,88,93,ALISLTLAELVEGKGR,6,,,very_weak,,weak,very_weak,,,,,,,,,,,,,,,,strong,weak,very_weak,,,,,,,,,very_weak,,,very_weak,,,,,,very_weak,,weak,very_weak,,,,,weak,very_weak,,weak,very_weak,,weak,very_weak,,weak,very_weak,,,very_weak,,,,,,very_weak,,,,,,very_weak,,,,,,,strong,weak,very_weak,17.595,4.115,23.81,26.55,20.445,30.975,36.22,1.945,22.74,24.84,15.04,16.805,12.56,8.99,30.43,7.835,5.1,9.435,16.14,26.695,12.895,33.58,11.095,32.38,29.425,758.994035658695,186.048428901633,776.924363025131,1635.58295386653,265.38092122556,2254.66289524957,2231.09939211769,27.1898983219535,107.763996668758,790.363012431661,948.694593616016,287.630365494843,1128.67365763279,141.719011832155,1374.25127414212,30.912730506242,155.609681653075,326.041063172622,520.266082578029,794.925557077271,284.03367370519,1070.96107318247,148.863982422187,626.662491808207,Protein tyrosine phosphatase non-receptor type 11,Q06124,176876.0,gene,5781.0,PTPN11,ENSG00000179295,bacteria
sp|Q06124|PTN11_HUMAN,sp,Q06124,PTN11,HUMAN,0283361|tr|A0A3R6INP3|A0A3R6INP3_9BACT,283361,tr,A0A3R6INP3,A0A3R6INP3,REKGVD,480,485,REKGVD,91,96,LRPFCREKGVDIFAED,6,,,,,,,,,,,,very_weak,,,,,,very_weak,,,,,weak,very_weak,,,,,,,,,,,,,,,very_weak,,weak,very_weak,,,,,,,,,,,weak,very_weak,,,,,,,,,,,,,,,,,,,,,,,,,,,,,weak,very_weak,46.64,41.465,49.645,14.745,31.4,18.5,53.1,9.07,36.57,69.09,47.515,54.81,8.16,44.25,46.505,2.125,33.395,47.795,43.495,22.24,45.975,49.57,21.54,27.985,38.435,3530.14738578947,902.642675874496,2047.18649248351,877.281105081313,607.055121420742,2023.53496756797,3712.9425703667,143.40958748949,803.990617243309,4208.7303369781,7034.59988033231,2755.82864676489,627.95887758889,1890.70893606186,3821.56267817406,13.8305494090993,1430.1044428402,3419.06519046984,2435.37855789449,450.15076694232,1621.38147178468,1202.12405397685,314.938821977826,605.65770530306,Protein tyrosine phosphatase non-receptor type 11,Q06124,176876.0,gene,5781.0,PTPN11,ENSG00000179295,bacteria
sp|Q06124|PTN11_HUMAN,sp,Q06124,PTN11,HUMAN,0283361|tr|A0A3R6L1F2|A0A3R6L1F2_9BACT,283361,tr,A0A3R6L1F2,A0A3R6L1F2,ILIDII,474,479,ILIDII,35,40,IDINEILIDIIKRKDV,6,,,very_weak,strong,weak,very_weak,,,very_weak,,weak,very_weak,,,,,,very_weak,strong,weak,very_weak,,,,,weak,very_weak,,,,,,,,,,,weak,very_weak,,,very_weak,,,very_weak,,weak,very_weak,,weak,very_weak,,,,,,,,,,,weak,very_weak,,,,,,very_weak,,,,,,,,,,,weak,very_weak,strong,weak,very_weak,12.465,1.855,11.45,4.65,23.905,19.520000000000003,0.3249999999999999,43.555,7.935,50.91,24.4,31.055,17.16,12.58,6.405,46.945,37.33,24.41,6.365,22.325,15.85,21.99,55.395,36.375,4.654999999999999,782.196010674147,114.839035549055,665.604672674335,361.689101736634,553.721748133998,2489.83846908473,27.5926545494108,1106.24621991736,280.305996539106,4754.53985624434,3720.62358848353,970.413145316632,2256.42001616997,428.995045844812,912.067275616343,504.828170644054,1617.54410557951,1386.82825411821,453.21497222227,824.088834584691,518.641795108245,1620.94295639436,1805.14912504901,1149.71323517174,Protein tyrosine phosphatase non-receptor type 11,Q06124,176876.0,gene,5781.0,PTPN11,ENSG00000179295,bacteria
sp|Q06124|PTN11_HUMAN,sp,Q06124,PTN11,HUMAN,0283361|tr|A0A416A8L9|A0A416A8L9_9BACT,283361,tr,A0A416A8L9,A0A416A8L9,NKNKNR,273,278,NKNKNR,94,99,ELENINKNKNRKRGRY,6,,,,,,,,,very_weak,,,,,,,,weak,very_weak,,weak,very_weak,,,,,weak,very_weak,,,,,,,,,,,weak,very_weak,,,,,,,,,,,,,,,,,,,,,,,,,,,,,,,,,,,,,,,,,,very_weak,,weak,very_weak,78.965,28.65,19.96,31.46,20.955,4.745,5.13,55.39,2.5500000000000003,84.89,65.565,62.08,95.0,67.905,42.94499999999999,48.32,86.81,66.03999999999999,31.34,41.19,67.78,48.86,66.595,63.215,10.305,22650.6455236169,1587.05012336298,1625.21035702018,6394.11419103868,1374.04312259029,687.899075511387,665.093548679463,5323.80484120139,143.121268955331,9908.94884883384,17422.7403345833,14659.2416768101,30667.610408421,13984.0636983511,10817.2642095016,1893.94391454745,14776.1247412639,17962.3378408265,5076.29273696492,3435.60417699257,12162.0639463522,4402.6373388047,7455.27162778564,8028.29314656265,Protein tyrosine phosphatase non-receptor type 11,Q06124,176876.0,gene,5781.0,PTPN11,ENSG00000179295,bacteria
sp|Q06124|PTN11_HUMAN,sp,Q06124,PTN11,HUMAN,0283361|tr|A0A416AFD2|A0A416AFD2_9BACT,283361,tr,A0A416AFD2,A0A416AFD2,TEAQYR,507,512,TEAQYR,274,279,RIQCITEAQYRYMRAM,6,,,,,,,,,,,,,,,,,,,,,very_weak,,,,,,,,,,,,,,weak,very_weak,,,,,,,,,,,,,,,,,,,,,,,,,,weak,very_weak,,,,,,,,,,,,,,,,,,,,weak,very_weak,46.465,32.29,48.82,29.675,35.33,64.54,18.795,40.705,49.02,72.75,47.43,9.055,57.245000000000005,31.555,25.915,49.285,53.385000000000005,25.19,6.13,65.46,29.78,39.985,38.995000000000005,63.445,48.895,2634.96578111793,437.536008147607,1613.2444689425,1506.8120409707,504.353189021752,6368.08536116405,600.717282227769,690.374566977157,1369.27914411968,3220.00311447043,5105.59675534924,372.745712339077,5074.15113872834,718.915301877249,1179.35949335148,301.968264020575,1469.57029351301,1109.45865802653,233.491719927953,1906.42352658971,623.767211342549,331.372188999448,442.324468194428,1675.58080163352,Protein tyrosine phosphatase non-receptor type 11,Q06124,176876.0,gene,5781.0,PTPN11,ENSG00000179295,bacteria
sp|Q06124|PTN11_HUMAN,sp,Q06124,PTN11,HUMAN,0283361|tr|A0A3R6QXY6|A0A3R6QXY6_9BACT,283361,tr,A0A3R6QXY6,A0A3R6QXY6,IVIDIL,470,475,IVIDIL,122,127,VSGNTIVIDILPSSRR,6,,weak,very_weak,strong,weak,very_weak,,weak,very_weak,strong,weak,very_weak,,,very_weak,,weak,very_weak,strong,weak,very_weak,,,,,weak,very_weak,,,,,,very_weak,,,,,weak,very_weak,,weak,very_weak,,weak,very_weak,,weak,very_weak,,weak,very_weak,,,very_weak,,weak,very_weak,,,very_weak,,weak,very_weak,strong,weak,very_weak,,,very_weak,,weak,very_weak,,,,,weak,very_weak,,,very_weak,strong,weak,very_weak,9.92,0.485,7.99,1.28,11.445,2.44,0.255,35.045,4.74,24.305,10.98,22.89,6.99,9.695,7.275,18.38,6.630000000000001,17.815,5.735,1.395,12.195,7.285,37.68,7.234999999999999,10.485,1304.560133318,71.2168927473024,316.513635184834,83.8775129047037,180.689987964539,320.313606838506,31.4777327299635,717.058641009612,87.7087441555902,1217.71529379561,2610.84359105173,1350.19790331243,1140.5199729873,637.398569069713,1308.90065900841,108.174034660621,395.100165897464,2084.80660311722,308.600648274972,72.9474366555647,845.869268329675,466.746154004803,868.836177895169,229.261022455729,Protein tyrosine phosphatase non-receptor type 11,Q06124,176876.0,gene,5781.0,PTPN11,ENSG00000179295,bacteria
sp|Q06124|PTN11_HUMAN,sp,Q06124,PTN11,HUMAN,0283361|tr|A0A3R6NFE8|A0A3R6NFE8_9BACT,283361,tr,A0A3R6NFE8,A0A3R6NFE8,VRTGDD,151,156,VRTGDD,1291,1296,YFYNDVRTGDDVRVDQ,6,,,,,,,,,,,,very_weak,,,,,,,,,very_weak,,,,,,,,,very_weak,,,,,,,,,,,weak,very_weak,,,,,,,,weak,very_weak,,,,,,,,,,,,,,,,,,,,,,,,,,weak,very_weak,,,,,weak,very_weak,21.235,47.69,51.55,13.995,46.37,20.35,11.425,37.33,40.625,17.205,41.45,70.36,9.925,68.81,64.08500000000001,44.675,42.29,50.715,55.21,26.43,60.33,23.03,38.945,8.49,39.02,4418.38517086079,4468.2390991276,4354.12775156918,1096.2375267709,6665.37261425663,2119.99619030406,1030.5271765644,3084.95171216576,1975.14560936776,1345.82235593589,14991.9169808321,11240.4755166226,1856.61138494203,9545.98700871573,13155.3682307684,1488.2437328824,3760.93570712839,12138.006648296,9886.35278690959,1261.63836614547,7219.74115414126,1489.12963214745,2653.84955795785,438.621448060709,Protein tyrosine phosphatase non-receptor type 11,Q06124,176876.0,gene,5781.0,PTPN11,ENSG00000179295,bacteria
sp|Q06124|PTN11_HUMAN,sp,Q06124,PTN11,HUMAN,0283361|tr|A0A3R6QVA6|A0A3R6QVA6_9BACT,283361,tr,A0A3R6QVA6,A0A3R6QVA6,GSFLAR,27,32,GSFLAR,51,56,ALSFFGSFLARNVKLP,6,,weak,very_weak,,,,,,very_weak,,,,,weak,very_weak,,,very_weak,,,,,weak,very_weak,,,very_weak,,weak,very_weak,strong,weak,very_weak,strong,weak,very_weak,,weak,very_weak,,,very_weak,strong,weak,very_weak,strong,weak,very_weak,,,very_weak,,weak,very_weak,,,very_weak,strong,weak,very_weak,,,,,,very_weak,strong,weak,very_weak,,,,,weak,very_weak,,,very_weak,,,very_weak,strong,weak,very_weak,8.2,33.115,13.415,25.8,3.845,12.505,50.51,3.44,15.055,5.565,1.43,1.885,10.77,1.295,0.615,3.2750000000000004,15.73,1.61,28.42,15.32,1.245,20.41,4.815,15.165,17.065,212.072103458957,249.166010807882,152.354338841996,1094.57823723018,19.1026794969887,283.794066679478,2439.49266893321,14.2696971760537,197.406871401569,96.6772358504814,97.3816735085908,18.3967824887759,919.299707437202,17.2342737707524,72.3938978546824,9.02771501928405,134.991444709368,27.4726022748144,531.279085930715,79.0992613759816,27.5356910661545,132.69185972218,19.4305802052824,55.7766060817241,Protein tyrosine phosphatase non-receptor type 11,Q06124,176876.0,gene,5781.0,PTPN11,ENSG00000179295,bacteria
sp|Q06124|PTN11_HUMAN,sp,Q06124,PTN11,HUMAN,0283361|tr|A0A415ZRP4|A0A415ZRP4_9BACT,283361,tr,A0A415ZRP4,A0A415ZRP4,LSKLAE,233,238,LSKLAE,126,131,YTEARLSKLAEEMLRD,6,,,,,,,,,,,,,,,,,,,,,,,,,,,,,,,,weak,very_weak,,,very_weak,,,,,,very_weak,,,very_weak,,weak,very_weak,,,very_weak,,,,,,very_weak,,,very_weak,,,very_weak,,,,,weak,very_weak,,,,,,,,,,,,,,weak,very_weak,23.085,30.225,41.265,40.205,26.93,53.105,38.035,40.925,58.8,48.615,3.36,18.855,11.085,13.42,4.82,21.305,13.16,14.09,10.26,48.900000000000006,5.98,23.24,30.515,37.255,35.535,2624.89263460253,699.411784892271,2090.3856696504,4828.83222509965,1246.06434643911,8847.3920767447,3442.97221665226,1249.20964804896,3423.95182481473,1926.22451237948,1381.79566896485,1150.84580009072,1107.4318193301,513.410299602858,946.55170240622,239.686178767742,582.154708625181,1319.20849605922,888.986188787468,2089.54898928589,331.124890543676,451.785355588872,693.218896126557,1156.57543624411,Protein tyrosine phosphatase non-receptor type 11,Q06124,176876.0,gene,5781.0,PTPN11,ENSG00000179295,bacteria
sp|Q06124|PTN11_HUMAN,sp,Q06124,PTN11,HUMAN,0283361|tr|A0A3R6MFA1|A0A3R6MFA1_9BACT,283361,tr,A0A3R6MFA1,A0A3R6MFA1,SVRRNG,44,49,SVRRNG,251,256,WRTNHSVRRNGDIYPT,6,,,,,,,,,,,,,,,,,,,,,,,,,,,,,,,,,,,,,,,,,,,,,,,,,,,,,,,,,,,,,,,,,,,,,,,,,,,,,,,,,,,,,73.56,57.215,48.785,47.905,65.625,21.395,43.495,66.81,37.825,57.94,57.96,82.64,78.03,85.38499999999999,76.54499999999999,75.83,63.55,82.77000000000001,70.99000000000001,61.2,84.19,32.985,75.86500000000001,68.22,32.835,11457.6924842254,2727.76520123325,3285.28371655796,4622.70169687283,4704.69740164549,659.282989725724,3594.04681738807,3056.97465314932,1031.70976259671,2296.41867970499,10444.6231417481,12858.1587759475,9402.98570432123,12237.6997135389,12025.846462079,1904.48556675852,4613.0086516196,15044.2394409407,9531.33173410546,2769.33914629105,11212.052560846,787.929573801157,3848.57554947441,5165.83100234401,Protein tyrosine phosphatase non-receptor type 11,Q06124,176876.0,gene,5781.0,PTPN11,ENSG00000179295,bacteria
sp|Q06124|PTN11_HUMAN,sp,Q06124,PTN11,HUMAN,0283361|tr|A0A416AE42|A0A416AE42_9BACT,283361,tr,A0A416AE42,A0A416AE42,NIIMPE,308,313,NIIMPE,15,20,VNESGNIIMPENVSNI,6,,,,,,,,,,,,,,,,,,,,,,,,,,,,,,,,,,,,,,,,,weak,very_weak,,,,,,,,,,,,,,,very_weak,,,,,,,,,,,,,,,,,,,,,,,,,,weak,very_weak,31.56,35.315,45.07,22.74,52.795,27.7,37.73,41.27,27.58,36.805,52.295,60.585,9.195,51.28,70.785,31.71,17.4,61.875,42.415,32.075,59.54,34.895,46.1,36.535,46.6,3072.95882651844,1908.13634319441,3064.52524228672,2207.56717242562,3719.29536698403,3935.99989458009,4592.83862553707,1874.13001109592,411.692254170391,941.139251875633,9129.40106806385,5468.06013037696,795.846388261025,4480.05095101994,10915.6719499092,452.612220074077,580.544450823753,8107.81785753494,4498.02196732241,1619.15504233556,4031.73046661239,1450.00112953978,1694.34020298108,1940.55385376006,Protein tyrosine phosphatase non-receptor type 11,Q06124,176876.0,gene,5781.0,PTPN11,ENSG00000179295,bacteria
sp|Q06124|PTN11_HUMAN,sp,Q06124,PTN11,HUMAN,0283361|tr|A0A416AC09|A0A416AC09_9BACT,283361,tr,A0A416AC09,A0A416AC09,LQNTVN,334,339,LQNTVN,290,295,RLDFLLQNTVNEDMSL,6,,,very_weak,,weak,very_weak,,,very_weak,,,very_weak,,,,,weak,very_weak,,,,,,,,,very_weak,,,,,,,,,,,,very_weak,,,very_weak,,,very_weak,,,,,,very_weak,,weak,very_weak,,,,,,,,,,strong,weak,very_weak,,,,,,,,,,strong,weak,very_weak,,,very_weak,strong,weak,very_weak,16.615000000000002,8.9,13.11,15.330000000000002,34.855000000000004,3.82,23.535,21.195,14.045,52.51,38.245000000000005,40.925,10.605,18.205,36.65,9.57,46.835,27.79,22.595,0.5900000000000001,23.195,20.56,23.130000000000003,0.185,16.83,640.273984034124,305.49443057677,672.991085455022,1309.02812334877,1128.96678365939,228.167235355327,2260.2318106306,589.488209106693,158.869248338623,4086.54047821328,6482.16208186309,1712.21625892683,954.501564847171,760.827555559531,2535.78502033261,69.0117619070238,1845.5557884809,1737.91726806458,1101.89794881858,46.6143536891984,805.087438745344,1160.6370515923,671.514539892629,22.152762299695,Protein tyrosine phosphatase non-receptor type 11,Q06124,176876.0,gene,5781.0,PTPN11,ENSG00000179295,bacteria
sp|Q06124|PTN11_HUMAN,sp,Q06124,PTN11,HUMAN,0283361|tr|A0A3R6IMA6|A0A3R6IMA6_9BACT,283361,tr,A0A3R6IMA6,A0A3R6IMA6,LYGGEK,65,70,LYGGEK,37,42,EIPAVLYGGEKVTHFI,6,,,,,,,,,,,,very_weak,,weak,very_weak,,,,,,,,,,,,,,,,,,,,,,,,,,,,,,,,,,,,,,,,,,,,,,,,,,,,,,,,,,,,,,,,,,,,weak,very_weak,25.66,60.165000000000006,44.495000000000005,13.485,4.449999999999999,46.32,27.450000000000003,34.105,46.355,34.09,57.845,52.035,57.915,47.615,46.805,36.055,62.42,45.455,49.845,33.795,48.775000000000006,30.98,23.4,38.525000000000006,31.105,2427.11861664951,2460.24756611917,2834.05611873825,1052.37555631751,113.931861040179,7299.5448417995,3043.44361485326,1025.88806839734,2501.61183932366,962.695254542811,10462.1541565024,3390.95531917946,4045.18858705826,3124.8951204107,5464.33411894153,352.864261272763,2403.07845093589,4709.99437472367,3876.74398906357,1388.88548733908,2418.65115530785,756.29704233582,585.515324958406,1562.36260510763,Protein tyrosine phosphatase non-receptor type 11,Q06124,176876.0,gene,5781.0,PTPN11,ENSG00000179295,bacteria
sp|Q06124|PTN11_HUMAN,sp,Q06124,PTN11,HUMAN,0283361|tr|A0A3R6J933|A0A3R6J933_9BACT,283361,tr,A0A3R6J933,A0A3R6J933,PGDFTL,38,43,PGDFTL,748,753,LWEVEPGDFTLMVGSS,6,,,,,,,,,,,,,,,,,,,,,,,,,,,,,,,,,,,,,,,,,,,,,,,,,,,,,,,,,,,,,,,,,,,,,,,,very_weak,,,,,,,,,,,,very_weak,55.525,73.825,84.47999999999999,52.165,79.215,78.42500000000001,72.685,70.715,80.705,51.91,78.83500000000001,40.675,49.17,51.78,76.195,61.51,44.695,33.175,68.89,68.765,59.75,19.535,64.24000000000001,75.295,85.96000000000001,3728.52219989552,3606.35607392602,8019.78495166104,3369.37752820763,6384.15961061624,12943.5842202129,8571.96095859344,4585.44025991775,5925.79507701186,1876.21977546838,13916.5938892166,2892.13801824805,2479.67613352198,4113.33407188142,9713.31302757949,1294.94107607795,1610.59349742642,4570.87708163798,7637.91933110728,3374.01061222851,3717.80671278565,861.273586821005,2738.67756816089,4283.15145697205,Protein tyrosine phosphatase non-receptor type 11,Q06124,176876.0,gene,5781.0,PTPN11,ENSG00000179295,bacteria
sp|Q06124|PTN11_HUMAN,sp,Q06124,PTN11,HUMAN,0283361|tr|A0A415ZRU2|A0A415ZRU2_9BACT,283361,tr,A0A415ZRU2,A0A415ZRU2,QELKYD,175,180,QELKYD,192,197,IGFDSQELKYDGQATI,6,,,,,,,,,,strong,weak,very_weak,,,,,,,,weak,very_weak,,,,,,,,,,,,,,,,,,,,,,,,,,,,,,,,,,,,,,,,,,,,,,,,,,,,,,,,,,,,,strong,weak,very_weak,46.36,50.61,67.995,1.4449999999999998,47.8,49.67,4.245,54.905,28.315,72.135,70.685,43.89,48.505,30.825,53.17,69.98,67.445,34.915,50.5,58.68,27.52,42.01,46.35,40.615,64.55499999999999,6176.58443854705,4048.73535256158,8827.40777532835,89.4781901786323,4132.42654030632,8759.47594599851,363.116386604089,4436.82884876874,803.903631946988,8721.36453451013,16468.6623373747,4544.49461984452,4559.3683752605,3556.83174059818,8678.34697890638,3194.04817493232,7815.14218206318,5787.78343074443,6821.80065607939,4108.79702892958,2371.1810802746,3346.63323621438,3258.41474895399,3755.28370217931,Protein tyrosine phosphatase non-receptor type 11,Q06124,176876.0,gene,5781.0,PTPN11,ENSG00000179295,bacteria
sp|Q06124|PTN11_HUMAN,sp,Q06124,PTN11,HUMAN,0283361|tr|A0A416A6E4|A0A416A6E4_9BACT,283361,tr,A0A416A6E4,A0A416A6E4,GGEKFA,67,72,GGEKFA,95,100,HRVVHGGEKFASSVKI,6,,,,,,,,,,,,,,,,,,,,,,,weak,very_weak,,,,,,very_weak,,,,,,very_weak,,,,,,,,,,,,,,,,,,,,,,,,,,,,,,,,,,,,very_weak,,,very_weak,,,,,,very_weak,,weak,very_weak,69.92,36.99,23.57,63.525,42.385000000000005,55.010000000000005,24.105,4.0600000000000005,33.400000000000006,12.875,32.46,17.15,63.74,29.345,22.415,36.73,31.095,22.7,61.09,56.345,22.635,18.06,13.25,63.445,16.68,12603.4774504733,2358.77067914038,2108.35289572918,6640.53833450004,1716.4824991673,7793.86256295311,4137.2582521771,85.1429942309992,1477.41416171947,283.840129250477,5472.1439152718,1547.38988038471,6108.00024611054,2998.04668116281,4043.04452132932,295.660707492323,2044.50808356479,3533.70134687578,7038.48270488422,2757.8569797777,1930.96130712266,655.02396194421,194.41811047063,3166.79447048561,Protein tyrosine phosphatase non-receptor type 11,Q06124,176876.0,gene,5781.0,PTPN11,ENSG00000179295,bacteria
sp|Q06124|PTN11_HUMAN,sp,Q06124,PTN11,HUMAN,0283361|tr|A0A416A1L0|A0A416A1L0_9BACT,283361,tr,A0A416A1L0,A0A416A1L0,FIYMAV,513,518,FIYMAV,246,251,NPGYFFIYMAVGVGTS,6,,,very_weak,,,,,weak,very_weak,,,,,weak,very_weak,,,very_weak,,,,,,very_weak,,,,,,very_weak,,,,,,,,,very_weak,,,,,,,,,,,,,,weak,very_weak,,,,,,,,,,,weak,very_weak,,,,,,,,,,,weak,very_weak,,weak,very_weak,,weak,very_weak,13.215,30.355,7.825,27.675,5.865,19.45,62.47,10.59,28.01,16.525,29.130000000000003,26.455,38.98,28.605,44.22,5.73,44.005,27.81,42.120000000000005,7.435,41.345,20.085,20.66,8.245000000000001,7.31,599.593898332595,795.949725547033,260.877081217935,3385.67616143764,175.609337314073,1979.23162172087,7571.10908480662,204.797507515628,769.512099641104,164.362979179666,4746.4187952004,881.524762211343,2987.81371332639,1019.56957431318,3525.07104936759,23.5688769349305,761.445205041565,1277.40703879292,2298.23320829802,204.286282154847,1489.0168520512,238.54007306576,176.262266689573,149.263966292071,Protein tyrosine phosphatase non-receptor type 11,Q06124,176876.0,gene,5781.0,PTPN11,ENSG00000179295,bacteria
sp|Q06124|PTN11_HUMAN,sp,Q06124,PTN11,HUMAN,0283361|tr|A0A415ZSB0|A0A415ZSB0_9BACT,283361,tr,A0A415ZSB0,A0A415ZSB0,HPNITG,8,13,HPNITG,141,146,SFIEKHPNITGFSDKP,6,,,,,,,,,very_weak,,,,,,very_weak,,,,,,,,,,,,very_weak,,,,,,,,,,,,,,,,,,,,,,,,,,,,,,,,,,,,,,,,,,,,,,,,,,,,,,,,,very_weak,80.03,27.905,11.75,67.13,12.565,21.175,50.03,37.83,12.45,60.345,38.805,44.59,73.125,72.12,61.53,28.92,70.075,68.70500000000001,40.955,21.24,74.50999999999999,23.59,41.625,40.435,25.17,15388.6485840867,1612.75580443839,590.247695616704,9084.66577658113,818.836020055867,2545.07557967452,8502.03843742426,1761.33402316319,525.709618743467,3485.32558410128,9785.14765438887,5947.76329695297,8946.25176443846,8950.12446083506,10498.6675419622,245.973106963331,7036.12230126944,11697.5709895537,6371.39348116648,1345.1526936214,8026.81658838167,1056.45981769301,1796.1481737421,2887.22929879836,Protein tyrosine phosphatase non-receptor type 11,Q06124,176876.0,gene,5781.0,PTPN11,ENSG00000179295,bacteria
sp|Q06124|PTN11_HUMAN,sp,Q06124,PTN11,HUMAN,0283361|tr|A0A3R6IF32|A0A3R6IF32_9BACT,283361,tr,A0A3R6IF32,A0A3R6IF32,EEEQKS,530,535,EEEQKS,20,25,LLFVPEEEQKSCTASD,6,,,,,,,,,,,,,,,,,,,,,,,,,,,,,,,,,,,,,,,,,,,,,,,,,,,,,,,,,,,,,,,,,,,,,,,,,,,,,,,,,,,,,72.435,62.18,56.84,40.595,74.82499999999999,47.58,57.7,79.625,67.645,83.32,85.175,64.55,67.715,39.49,54.645,37.825,82.81,55.705,82.485,27.88,52.885000000000005,61.38,61.46,46.21,51.53,6972.68975217151,3733.44714726839,6889.67256004478,4965.85063811585,8763.36260710996,13108.1967338128,7114.12726693794,9542.68244600882,9312.16794205537,8288.31766102751,19842.5774201448,7381.8278645956,5824.974955004,4023.62485360136,8063.46315611347,977.399444828473,9080.83311656423,8000.54461895802,12438.4722969963,1602.16389602081,3252.25090439589,5230.67945763139,4817.14309162392,3207.17288724626,Protein tyrosine phosphatase non-receptor type 11,Q06124,176876.0,gene,5781.0,PTPN11,ENSG00000179295,bacteria
sp|Q06124|PTN11_HUMAN,sp,Q06124,PTN11,HUMAN,0283361|tr|A0A3R6IJZ6|A0A3R6IJZ6_9BACT,283361,tr,A0A3R6IJZ6,A0A3R6IJZ6,TPPCAE,566,571,TPPCAE,84,89,SHYGKTPPCAELIIKK,6,,,,,,,,,,,,,,,,,,,,,,,,,,,,,,,,,,,,,,,,,,,,,,,,,,,,,,,,,,,,,,,,,,,,,,,,,,,,,,,,,,,,,91.335,82.27000000000001,84.965,83.515,84.755,73.885,83.88,56.665,86.66,55.42999999999999,32.845,71.425,75.215,82.905,76.325,66.71,84.66999999999999,73.185,84.565,71.015,76.69,52.155,64.18,60.71,81.175,19399.3256790015,5161.30564081759,8189.81375938871,10534.7384276822,8579.10543150397,11814.8480300572,11539.3058965657,2632.23026647993,8890.67037998863,1528.83424034652,6974.50061825132,7990.07721398993,7091.37962200798,8420.5601169044,8769.43303763803,1451.83786868729,7023.19221831065,10098.0307100634,11837.8805779193,4723.00739740441,6298.19244858793,2007.0721800442,2199.67524950247,3373.31706863053,Protein tyrosine phosphatase non-receptor type 11,Q06124,176876.0,gene,5781.0,PTPN11,ENSG00000179295,bacteria
sp|Q06124|PTN11_HUMAN,sp,Q06124,PTN11,HUMAN,0283361|tr|A0A416A9K7|A0A416A9K7_9BACT,283361,tr,A0A416A9K7,A0A416A9K7,GIGRTG,462,467,GIGRTG,231,236,DEIQTGIGRTGKLLAC,6,,,,,,,,,,,,,,,,,,,,,,,,,,,,,weak,very_weak,,,,,,,,,,,,,,,,,,,,,,,,,,,,,,,,,,,,,,,,,,,,,,,,,,weak,very_weak,,weak,very_weak,89.66,42.535,20.095,74.545,49.07,60.27,23.39,46.445,32.69,4.54,68.565,75.505,81.295,74.36500000000001,63.38,24.545,39.35,78.295,47.2,62.055,75.69,43.685,37.44,76.88,9.66,17593.2282447784,861.338820816095,747.074254328481,10226.7863007002,1276.49516119806,6661.69561830175,1996.56746951538,1222.21640685471,1559.69398890659,118.892493186598,8943.7354104234,7008.5415696512,8806.22986799965,6187.08555121545,6438.19659315702,205.7636801044,1726.20449101719,9836.09894896469,3495.18192198159,2585.09554131135,5230.45308336203,471.012661574188,790.157801815406,4245.45628451815,Protein tyrosine phosphatase non-receptor type 11,Q06124,176876.0,gene,5781.0,PTPN11,ENSG00000179295,bacteria
