human_id,database,protein,gene,species,pathogen_id,pathogen_species,database_pathogen,pathogen_protein,pathogen_gene,human_seq,human_start,human_end,pathogen_seq,pathogen_start,pathogen_end,extended_pathogen_seq,pathogen_length,binding_rank_strong_HLA_DQA10101_DQB10501,binding_rank_weak_HLA_DQA10101_DQB10501,binding_rank_very_weak_HLA_DQA10101_DQB10501,binding_rank_strong_DRB4_0101,binding_rank_weak_DRB4_0101,binding_rank_very_weak_DRB4_0101,binding_rank_strong_DRB1_0802,binding_rank_weak_DRB1_0802,binding_rank_very_weak_DRB1_0802,binding_rank_strong_DRB3_0101,binding_rank_weak_DRB3_0101,binding_rank_very_weak_DRB3_0101,binding_rank_strong_DRB1_1501,binding_rank_weak_DRB1_1501,binding_rank_very_weak_DRB1_1501,binding_rank_strong_DRB3_0202,binding_rank_weak_DRB3_0202,binding_rank_very_weak_DRB3_0202,binding_rank_strong_DRB1_0301,binding_rank_weak_DRB1_0301,binding_rank_very_weak_DRB1_0301,binding_rank_strong_DRB1_0701,binding_rank_weak_DRB1_0701,binding_rank_very_weak_DRB1_0701,binding_rank_strong_DRB1_1302,binding_rank_weak_DRB1_1302,binding_rank_very_weak_DRB1_1302,binding_rank_strong_HLA_DQA10501_DQB10301,binding_rank_weak_HLA_DQA10501_DQB10301,binding_rank_very_weak_HLA_DQA10501_DQB10301,binding_rank_strong_HLA_DPA10201_DPB11401,binding_rank_weak_HLA_DPA10201_DPB11401,binding_rank_very_weak_HLA_DPA10201_DPB11401,binding_rank_strong_HLA_DPA10103_DPB10201,binding_rank_weak_HLA_DPA10103_DPB10201,binding_rank_very_weak_HLA_DPA10103_DPB10201,binding_rank_strong_DRB5_0101,binding_rank_weak_DRB5_0101,binding_rank_very_weak_DRB5_0101,binding_rank_strong_HLA_DQA10301_DQB10302,binding_rank_weak_HLA_DQA10301_DQB10302,binding_rank_very_weak_HLA_DQA10301_DQB10302,binding_rank_strong_HLA_DPA10301_DPB10402,binding_rank_weak_HLA_DPA10301_DPB10402,binding_rank_very_weak_HLA_DPA10301_DPB10402,binding_rank_strong_HLA_DPA10201_DPB10501,binding_rank_weak_HLA_DPA10201_DPB10501,binding_rank_very_weak_HLA_DPA10201_DPB10501,binding_rank_strong_HLA_DQA10501_DQB10201,binding_rank_weak_HLA_DQA10501_DQB10201,binding_rank_very_weak_HLA_DQA10501_DQB10201,binding_rank_strong_DRB1_0101,binding_rank_weak_DRB1_0101,binding_rank_very_weak_DRB1_0101,binding_rank_strong_HLA_DQA10102_DQB10602,binding_rank_weak_HLA_DQA10102_DQB10602,binding_rank_very_weak_HLA_DQA10102_DQB10602,binding_rank_strong_HLA_DPA10103_DPB10401,binding_rank_weak_HLA_DPA10103_DPB10401,binding_rank_very_weak_HLA_DPA10103_DPB10401,binding_rank_strong_DRB1_1201,binding_rank_weak_DRB1_1201,binding_rank_very_weak_DRB1_1201,binding_rank_strong_DRB1_0401,binding_rank_weak_DRB1_0401,binding_rank_very_weak_DRB1_0401,binding_rank_strong_HLA_DPA10201_DPB10101,binding_rank_weak_HLA_DPA10201_DPB10101,binding_rank_very_weak_HLA_DPA10201_DPB10101,binding_rank_strong_HLA_DQA10401_DQB10402,binding_rank_weak_HLA_DQA10401_DQB10402,binding_rank_very_weak_HLA_DQA10401_DQB10402,binding_rank_strong_DRB1_0901,binding_rank_weak_DRB1_0901,binding_rank_very_weak_DRB1_0901,binding_rank_strong_DRB1_0405,binding_rank_weak_DRB1_0405,binding_rank_very_weak_DRB1_0405,binding_rank_strong_DRB1_1101,binding_rank_weak_DRB1_1101,binding_rank_very_weak_DRB1_1101,binding_rank_strong,binding_rank_weak,binding_rank_very_weak,Rank_average_HLA_DQA10101_DQB10501,Rank_average_DRB4_0101,Rank_average_DRB1_0802,Rank_average_DRB3_0101,Rank_average_DRB1_1501,Rank_average_DRB3_0202,Rank_average_DRB1_0301,Rank_average_DRB1_0701,Rank_average_DRB1_1302,Rank_average_HLA_DQA10501_DQB10301,Rank_average_HLA_DPA10201_DPB11401,Rank_average_HLA_DPA10103_DPB10201,Rank_average_HLA_DQA10301_DQB10302,Rank_average_HLA_DPA10301_DPB10402,Rank_average_HLA_DPA10201_DPB10501,Rank_average_DRB1_0101,Rank_average_HLA_DQA10102_DQB10602,Rank_average_HLA_DPA10103_DPB10401,Rank_average_DRB1_1201,Rank_average_DRB1_0401,Rank_average_HLA_DPA10201_DPB10101,Rank_average_HLA_DQA10401_DQB10402,Rank_average_DRB1_0901,Rank_average_DRB1_0405,Rank_average_DRB1_1101,nM_HLA_DQA10101_DQB10501,nM_DRB4_0101,nM_DRB1_0802,nM_DRB3_0101,nM_DRB1_1501,nM_DRB3_0202,nM_DRB1_0301,nM_DRB1_0701,nM_DRB1_1302,nM_HLA_DQA10501_DQB10301,nM_HLA_DPA10201_DPB11401,nM_HLA_DPA10103_DPB10201,nM_HLA_DQA10301_DQB10302,nM_HLA_DPA10301_DPB10402,nM_HLA_DPA10201_DPB10501,nM_DRB1_0101,nM_HLA_DQA10102_DQB10602,nM_HLA_DPA10103_DPB10401,nM_DRB1_1201,nM_DRB1_0401,nM_HLA_DPA10201_DPB10101,nM_HLA_DQA10401_DQB10402,nM_DRB1_0901,nM_DRB1_0405,Gene description,Uniprot,# MIM Number,MIM Entry Type,Entrez Gene ID,HGNC,Ensembl Gene ID,type
sp|Q14393|GAS6_HUMAN,sp,Q14393,GAS6,HUMAN,0102041|tr|E9RHD5|E9RHD5_9BETA,102041,tr,E9RHD5,E9RHD5,ALAALL,28,33,ALAALL,130,135,PRMAAALAALLVLLAT,6,,,,,,,,,,,,,,,,,,,,,,,,very_weak,,,,,weak,very_weak,,,very_weak,,,,,,,,,very_weak,,,,,,,,,very_weak,,weak,very_weak,,,,,,,,,very_weak,,,,,,,,,,,,very_weak,,,,,,,,weak,very_weak,36.505,42.265,47.475,40.095,31.41,35.215,52.88,13.54,45.455,9.325,13.935,33.87,16.285,32.12,48.04,7.705,24.425,37.18,18.725,47.365,44.13,45.13,14.45,44.57,54.01,1517.66003934858,383.156532339899,583.681011918652,2241.406768701989,216.875459309326,1535.8640114031302,2604.15721414849,51.2076588085649,333.382486117583,42.1740002815445,218.061348166395,594.214113372733,1356.773232156,440.724109650578,1611.9358789034,12.9774897041206,161.341195618592,1107.39587341324,470.27937260255896,648.781711561643,879.371829574451,166.332674421719,50.576084249463705,548.747608227926,Growth arrest specific 6,Q14393,600441.0,gene,2621.0,GAS6,ENSG00000183087,virus
sp|Q14393|GAS6_HUMAN,sp,Q14393,GAS6,HUMAN,0102041|tr|E9RHA0|E9RHA0_9BETA,102041,tr,E9RHA0,E9RHA0,LERECV,61,66,LERECV,8,13,SLKLFLERECVWRTVV,6,,,,,,,,,,,,,,,,,,,,,,,,,,,,,,,,,,,,,,,,,,,,,,,,,,,,,,,,,,,,,,,,,,,,,,,,,,,,,,,,,,,,,45.105,45.57,54.91,50.06,29.925,58.405,41.135,60.16,50.27,80.69,61.45500000000001,54.55499999999999,78.825,46.59,47.36,53.025,72.32,52.19500000000001,43.0,49.18,49.575,45.13500000000001,64.53999999999999,51.38,43.72,1107.83928794325,425.7950316591191,1361.0076620145,1931.81809265028,326.98431876114,4310.3479454531,1736.63907452728,893.5861369827879,950.616029164793,4579.09413419774,5149.75883048871,1107.50371466425,6449.56116875907,581.254678843442,1315.75881681458,212.925100973174,2830.56259382464,1483.96663442862,1203.06090237606,659.568383310196,718.2932907832429,577.793471386375,1138.43638925159,805.5143844238071,Growth arrest specific 6,Q14393,600441.0,gene,2621.0,GAS6,ENSG00000183087,virus
sp|Q14393|GAS6_HUMAN,sp,Q14393,GAS6,HUMAN,0102041|tr|B7TPW4|B7TPW4_9BETA,102041,tr,B7TPW4,B7TPW4,SVEELA,383,388,SVEELA,188,193,KPTMNSVEELAALVES,6,,,very_weak,,,,,,,,,,,,,,,,,,,,,,,,,,,,,,,,,,,,,,weak,very_weak,,,,,,,,weak,very_weak,,,,,weak,very_weak,,,,,,,,,,,,,,,very_weak,,,,,,,,,,,weak,very_weak,17.095,34.605,38.925,39.205,33.3,38.84,38.905,30.69,43.21,22.52,31.155,36.27,3.15,22.465,38.8,33.105,9.6,25.285,23.485,37.915,22.14,11.53,21.695,32.765,49.305,2184.94499275715,2133.80369329379,3394.40587575633,4402.58970350253,3202.83820672966,5627.903457539411,5422.987078805751,1743.4921388286402,1813.27284501686,1322.5813567233502,5386.61343951477,2675.00959309283,464.921596968799,1605.02673531306,5700.34080316361,404.3420521569181,432.284585541572,3232.0103096235302,2871.09266540052,2790.000859982891,1350.62162620214,1200.40839295429,1029.5464368896198,1975.97924010487,Growth arrest specific 6,Q14393,600441.0,gene,2621.0,GAS6,ENSG00000183087,virus
sp|Q14393|GAS6_HUMAN,sp,Q14393,GAS6,HUMAN,0001259|sp|Q1GAN0|ARGR_LACDA,1259,sp,Q1GAN0,ARGR,QLLLLL,17,22,QLLLLL,24,29,IETQEQLLLLLQAHGA,6,,,,,,very_weak,,,very_weak,,,,,,very_weak,,,,,,,,,,,,,,,,,,,,,,,,,,,,,,,,,,,,,,weak,very_weak,,,very_weak,,,,,weak,very_weak,,,,,,,,,,,,,,,,,,very_weak,,weak,very_weak,27.61,16.465,19.200000000000003,70.265,19.21,51.11,56.345,41.76,53.175,69.395,46.035,45.96,49.095,24.775,32.355000000000004,6.915,18.675,37.035,7.645,33.595,33.14,37.0,42.15,29.18,16.625,1231.64168166602,173.802247715449,359.52756518121,5685.37311740792,151.391408806048,4835.57678019804,4741.54255781472,485.705428784699,1317.68211064243,3431.62902361136,4230.23325733359,823.928353959899,3395.47111772048,253.85190418586,1113.39094990101,12.5434537059046,456.4679268418,889.958201776991,205.906213762001,642.564185655226,432.958630668044,261.032372189038,387.899270661454,375.035408923412,Growth arrest specific 6,Q14393,600441.0,gene,2621.0,GAS6,ENSG00000183087,bacteria
sp|Q14393|GAS6_HUMAN,sp,Q14393,GAS6,HUMAN,0001259|tr|Q1G835|Q1G835_LACDA,1259,tr,Q1G835,Q1G835,ALAALL,28,33,ALAALL,34,39,ACIVGALAALLSGFGF,6,,,,,,,,,,,,,,,,,,,,,,,,,,,,,,very_weak,,,,,,,,,,,,,,,,,,,,,,,weak,very_weak,,,,,,,,,,,,,,,,,,,,,,,,,,,,,weak,very_weak,50.28,42.915,38.595,50.540000000000006,30.885,50.895,52.385,27.63,45.895,13.315,33.275,49.215,37.66,45.775,64.16,7.555,29.15,50.975,30.3,38.455,58.045,46.6,26.595,34.835,41.19,2672.60840155056,584.553174163175,721.892839544832,3281.69552731448,255.992255108259,4044.18204730112,3370.32551540563,193.17678223696,401.191345290969,124.428052046137,1986.22518871813,1189.70223121041,2708.35546899078,939.074387992614,3997.28585994324,21.6452543632822,255.989485343801,2125.66942626663,579.57165562492,903.150671235818,1615.23556066267,756.460719370978,191.118596473539,626.472670784984,Growth arrest specific 6,Q14393,600441.0,gene,2621.0,GAS6,ENSG00000183087,bacteria
sp|Q14393|GAS6_HUMAN,sp,Q14393,GAS6,HUMAN,0001259|tr|Q1G9P4|Q1G9P4_LACDA,1259,tr,Q1G9P4,Q1G9P4,VAKSVK,288,293,VAKSVK,844,849,ISQMLVAKSVKDGYLV,6,,,,,,very_weak,,weak,very_weak,,,,,,very_weak,,,very_weak,,weak,very_weak,,weak,very_weak,,,,,,,,,very_weak,,,,,,very_weak,,,,,,,,,,,,,,,very_weak,,,,,,,,,very_weak,,weak,very_weak,,,,,weak,very_weak,,weak,very_weak,strong,weak,very_weak,,weak,very_weak,strong,weak,very_weak,42.5,12.33,2.05,33.355000000000004,12.195,12.32,6.8100000000000005,3.335,20.09,33.385,18.465,32.77,36.0,36.355,32.935,13.365,23.290000000000003,37.51,11.31,5.55,37.225,7.45,2.84,0.94,9.485,4618.95197294028,277.745903419551,172.799085504329,3738.29770394825,252.061954274758,1316.18597269702,591.622358981605,80.1702518329343,669.29493095717,1127.85575021445,2669.80492101668,2875.22722951678,3590.19908633893,1538.34204684876,2496.63648660682,39.2962514880986,529.425618576095,3731.99320791688,553.446223964107,152.372472762938,1716.12966819396,154.745006893568,75.5435007639251,48.7182258829657,Growth arrest specific 6,Q14393,600441.0,gene,2621.0,GAS6,ENSG00000183087,bacteria
sp|Q14393|GAS6_HUMAN,sp,Q14393,GAS6,HUMAN,0001259|tr|Q1G9M3|Q1G9M3_LACDA,1259,tr,Q1G9M3,Q1G9M3,LLLLLA,19,24,LLLLLA,25,30,ALACSLLLLLATSLTA,6,,,,,,,,,,,,,,,,,,,,,,,,,,,,,,,,,,,,,,,,,,,,,,,,,,,,,,very_weak,,,,,,,,,,,,,,,,,,,,,,,,,,,,,,very_weak,60.005,59.25,58.17,70.195,45.12,72.455,78.455,55.81,69.24,82.77000000000001,71.52,57.7,88.1,49.8,64.66499999999999,17.06,67.445,53.8,43.85,57.1,59.8,63.07,64.18,46.85,61.48,3336.72643510237,925.56745416925,1408.28488957401,6767.17939764149,472.395772780619,8346.81366052669,8730.90043025386,972.094545098797,2352.09354726587,5158.57000110565,8808.42161415966,1189.03305912866,10427.0086844841,603.414163819582,3853.11706700363,61.7252187422116,2069.6359956619,1445.77136434123,1360.71317785525,1235.36527817061,1405.54483919851,2758.81200593286,1418.0245943896,707.341717374676,Growth arrest specific 6,Q14393,600441.0,gene,2621.0,GAS6,ENSG00000183087,bacteria
sp|Q14393|GAS6_HUMAN,sp,Q14393,GAS6,HUMAN,0001259|tr|Q1G9S1|Q1G9S1_LACDA,1259,tr,Q1G9S1,Q1G9S1,LLLLLL,18,23,LLLLLL,97,102,AVALTLLLLLLVILLA,6,,,,,,,,,,,,,,,,,,,,,,,,,,,,,,,,,,,,,,,,,,,,,,,,,,,,,,,,,,,,,,,,,,,,,,,,,,,,,,,,,,,,,67.805,74.00999999999999,87.86500000000001,90.9,79.1,89.065,89.315,83.11500000000001,86.14500000000001,95.0,75.84,62.445,94.08,58.6,68.78999999999999,74.06,87.56,59.44,59.175,90.6,70.2,76.84,89.75999999999999,85.03,82.8,4669.95720877226,2866.09562069301,10191.7698413484,16119.9526755322,5525.9897941842,18915.1522000359,15665.5044666026,6389.06583346346,8539.65339108288,27975.7013555855,10884.4189114851,1808.31597242485,16364.2208019451,1200.12268760102,5133.07015567645,1356.97876752029,7682.09402156467,2713.75274000443,3461.94843535181,10744.0119877501,2644.93449190313,5289.41258010047,9165.12969201854,6819.88185634931,Growth arrest specific 6,Q14393,600441.0,gene,2621.0,GAS6,ENSG00000183087,bacteria
sp|Q14393|GAS6_HUMAN,sp,Q14393,GAS6,HUMAN,0001259|tr|Q1G8T1|Q1G8T1_LACDA,1259,tr,Q1G8T1,Q1G8T1,AAQLQE,601,606,AAQLQE,263,268,VVNEIAAQLQEVLPDA,6,,,very_weak,,weak,very_weak,,,,,,,,,,,,,,,,,,,,,,,,very_weak,,,very_weak,,,,,,,,weak,very_weak,,,very_weak,,,,strong,weak,very_weak,,,,,weak,very_weak,,,very_weak,,weak,very_weak,,,,,weak,very_weak,,,very_weak,,,,,,,,,,strong,weak,very_weak,10.27,7.24,43.325,25.015,30.145,48.465,28.385,30.425000000000004,38.565,10.13,19.35,20.09,4.11,11.715,23.0,22.635,2.925,16.240000000000002,9.615,42.74,9.48,14.455,21.635,37.73,55.045,1222.2560798302,487.042091830882,2760.99189730537,3429.10514855644,2279.63422837257,10887.8346903295,4043.70074725925,1730.86137162591,1532.34509466669,530.721791201492,4585.09297894053,1458.48203955058,396.873942673753,820.423429489301,3837.88874598881,386.621300340853,207.130707382013,2030.79494014799,1273.10207575258,2522.84064486454,657.509189570008,1182.5411189259,1084.76900104079,1643.0857909394,Growth arrest specific 6,Q14393,600441.0,gene,2621.0,GAS6,ENSG00000183087,bacteria
sp|Q14393|GAS6_HUMAN,sp,Q14393,GAS6,HUMAN,0001259|tr|Q1GC05|Q1GC05_LACDA,1259,tr,Q1GC05,Q1GC05,TFDPEG,327,332,TFDPEG,335,340,ATPATTFDPEGMTTVN,6,,,,,,,,,,,,,,,,,,,,,,,,,,,,,,,,,,,,,,,,,,very_weak,,,,,,,,weak,very_weak,,,,,,,,,,,,,,,,,,,,,very_weak,,,,,,,,,,,weak,very_weak,33.655,79.66499999999999,88.14,26.230000000000004,72.615,71.78,50.385000000000005,68.34,79.03,29.25,77.0,46.04,10.4,35.58,70.44999999999999,56.540000000000006,62.915,39.035,68.46000000000001,63.605,53.615,18.145,59.635000000000005,64.5,86.03,3943.54495342307,9612.7351251279,16203.1880449697,3995.81563899742,10816.913093999,19001.0984695026,9660.27981133578,7317.73273820502,11767.0073868492,2164.75520011965,21442.0450214378,5198.18222711256,1498.43915359437,4441.63199719317,14602.5692188785,2499.23108698881,6005.7693978392,7410.15596939169,13806.3605591307,6235.20280383928,5253.82117439144,2174.89726238942,4407.68960481048,6990.97087087657,Growth arrest specific 6,Q14393,600441.0,gene,2621.0,GAS6,ENSG00000183087,bacteria
sp|Q14393|GAS6_HUMAN,sp,Q14393,GAS6,HUMAN,0001259|sp|Q1G937|CH60_LACDA,1259,sp,Q1G937,CH60,LQERLA,604,609,LQERLA,363,368,FDKKKLQERLAKLTGG,6,,,,,,,,,,,,,,,,,,,,,,,,,,,,,,,,weak,very_weak,,,very_weak,,,,,,,,,very_weak,,weak,very_weak,,,,,,,,,,,,,,,,,,,,,very_weak,,,very_weak,,,,,,,,,very_weak,,weak,very_weak,79.015,33.625,21.44,72.985,41.635,62.815,50.565,64.33,43.265,71.25999999999999,8.885,17.62,90.725,16.365000000000002,4.07,42.53,54.370000000000005,26.195,42.09,72.945,11.835,17.21,64.445,78.97999999999999,12.78,14910.8700271487,603.740692509129,1014.94684877949,9708.26973442682,1521.85311113221,9969.38591071979,4273.29181709877,3068.00875646693,2480.85691459025,3520.04009854254,2218.79788999841,1212.45651796479,12654.8558179817,760.128158455571,811.243304759672,393.734564559813,2911.25794792338,1978.95324828377,3110.45760752677,4644.15844817068,642.487713783819,861.441341362606,2768.05100963842,5064.82651468685,Growth arrest specific 6,Q14393,600441.0,gene,2621.0,GAS6,ENSG00000183087,bacteria
sp|Q14393|GAS6_HUMAN,sp,Q14393,GAS6,HUMAN,0001259|sp|Q1G9E8|PEPX_LACDA,1259,sp,Q1G9E8,PEPX,LSVALVD,535,541,LSVALVD,663,669,KTVGQLSVALVDLGTRQ,7,,,very_weak,strong,weak,very_weak,,,very_weak,,,,,,,,,,,,very_weak,,,,,,,,,,,,,,,,,,,,weak,very_weak,,,,,,,,,very_weak,,,very_weak,,,very_weak,,,,,,very_weak,,weak,very_weak,,,,,,,,,,,,very_weak,,,,strong,weak,very_weak,19.235,0.03,19.305,30.165,39.64,39.335,13.675,30.910000000000004,50.225,22.075,36.535,46.18,7.83,25.700000000000003,27.44,10.45,14.97,39.305,12.035,9.365,31.095,34.895,24.775,16.36,28.915,1516.8556360906,23.0062634514368,683.640081070631,1936.31722001552,1006.80940966271,5752.63410974826,896.413775349105,551.622843767829,1159.59521911471,680.084087582008,3756.82801043794,1918.52863797831,959.61700629051,684.55790406155,2301.59262165555,53.2865658464522,362.551074323895,2380.53815201831,743.510019232284,310.459363238813,949.320944866135,710.524970189523,384.302447056242,512.067751506921,Growth arrest specific 6,Q14393,600441.0,gene,2621.0,GAS6,ENSG00000183087,bacteria
sp|Q14393|GAS6_HUMAN,sp,Q14393,GAS6,HUMAN,0001259|tr|Q1GAG3|Q1GAG3_LACDA,1259,tr,Q1GAG3,Q1GAG3,ALRAGR,349,354,ALRAGR,327,332,LAGEIALRAGRGEITI,6,,,,,,,,,,,,,,,,,,,,,,,,,,,,,weak,very_weak,,,,,,,,,,,,,,,,,,,,,,,,very_weak,,,,,,,,,,,,,,,,,weak,very_weak,,,very_weak,,,,,,,,weak,very_weak,64.69,42.82,22.18,62.695,25.775,31.3,41.755,34.335,30.96,5.585,35.745,55.965,65.005,63.66,55.455,12.525,30.195,63.495,39.86,44.95,68.36500000000001,5.944999999999999,17.855,56.39,28.345,7050.67802946724,1027.26537742494,1532.84256442539,7362.76365648646,1317.51103740909,3910.99611725341,3998.19420781624,952.685655223536,1098.0656506358,102.551734279568,4144.33704742679,3675.84836502346,5163.59576023137,2845.73237220288,5109.63097235807,62.5048105045721,843.766898213769,6032.60136894257,3951.14722596464,1894.84577954846,3233.96920257558,260.487848636954,225.060710307507,3104.60723999515,Growth arrest specific 6,Q14393,600441.0,gene,2621.0,GAS6,ENSG00000183087,bacteria
sp|Q14393|GAS6_HUMAN,sp,Q14393,GAS6,HUMAN,0001259|sp|Q1GBM0|EFG_LACDA,1259,sp,Q1GBM0,EFG,AALRRA,10,15,AALRRA,245,250,NEELKAALRRATLDLK,6,,,,,weak,very_weak,,weak,very_weak,,,,,,,,,,,,very_weak,,,,,,,,,,,,,,,,,,,,,,,,,,,very_weak,,,,,,,,weak,very_weak,,,,,,,,,,,,,,,very_weak,,,,,,,strong,weak,very_weak,strong,weak,very_weak,68.22,3.285,3.62,60.105,37.44,38.955,19.485,50.510000000000005,20.27,41.28,28.0,35.93,76.03999999999999,40.045,18.165,45.58,9.45,53.465,27.015,49.99,41.925,17.265,37.005,56.275,1.665,8308.16015981381,63.9225965329416,117.311829689839,5220.05045072755,396.839591455932,2316.13173494319,816.147118910638,672.707162403983,597.159563551745,937.15600116154,1942.50749821975,1945.0101916031,7181.41019755157,1343.24743692579,1086.5779995929,192.211471975802,436.491034586236,3198.30174855117,876.408276759987,991.823726688162,1452.24634880018,195.860164291333,362.166851283477,1240.11946713164,Growth arrest specific 6,Q14393,600441.0,gene,2621.0,GAS6,ENSG00000183087,bacteria
sp|Q14393|GAS6_HUMAN,sp,Q14393,GAS6,HUMAN,0001259|sp|Q1G9E8|PEPX_LACDA,1259,sp,Q1G9E8,PEPX,SVALVD,536,541,SVALVD,664,669,TVGQLSVALVDLGTRQ,6,,,very_weak,strong,weak,very_weak,,,very_weak,,,,,,,,,,,,very_weak,,,,,,,,,very_weak,,,,,,,,,,,weak,very_weak,,,,,,,,,very_weak,,,,,,very_weak,,,,,,,,weak,very_weak,,,,,,,,,,,,very_weak,,,,strong,weak,very_weak,17.18,0.03,19.305,30.165,37.845,39.335,13.675,46.27,43.285,19.57,32.06,46.18,6.46,26.455,27.44,24.075,11.485,35.685,29.395000000000003,9.365,33.515,29.395,31.445,16.36,28.915,1769.68175813128,23.0062634514368,683.640081070631,1936.31722001552,1129.13780899631,5752.63410974826,896.413775349105,930.497625778704,1401.14152280933,806.569648978024,3952.30165907878,1918.52863797831,1057.92395593187,750.095371823746,2301.59262165555,121.996502715558,380.105098758041,2384.4564211806,1101.2781640313,310.459363238813,1056.50554132642,773.334848795437,561.127969210823,512.067751506921,Growth arrest specific 6,Q14393,600441.0,gene,2621.0,GAS6,ENSG00000183087,bacteria
sp|Q14393|GAS6_HUMAN,sp,Q14393,GAS6,HUMAN,0001259|tr|Q1G9S1|Q1G9S1_LACDA,1259,tr,Q1G9S1,Q1G9S1,GVGRVT,363,368,GVGRVT,166,171,SYMQKGVGRVTGFLSD,6,,,,,,,,,very_weak,,,,,,very_weak,,,,,,,,,,,,,,,,,,,,,,,,,,,,,,,,,,,,,,,,,,,,,,,,,,,,,,,,,,,,,,,,,,,,,very_weak,72.695,55.65,16.715,74.63,16.564999999999998,51.135,64.375,31.005000000000003,46.985,21.38,50.635000000000005,35.695,59.655,53.445,54.120000000000005,30.045,49.285,38.655,55.525,33.355000000000004,41.625,31.06,32.505,36.2,22.23,9584.59033120275,1140.66806467985,544.141867397238,7393.01810148366,544.088882527815,4121.84338570137,6152.04016178382,324.299523448794,1407.76691562497,215.927188018009,6495.43126475189,1297.42339489881,5291.81679773183,1980.3669341192,4139.54185724241,89.3940021352482,1952.30526250053,1927.37112623184,3021.26456006885,1552.73993848172,1310.45940805891,300.74878915142,274.299521940138,1481.73650144704,Growth arrest specific 6,Q14393,600441.0,gene,2621.0,GAS6,ENSG00000183087,bacteria
sp|Q14393|GAS6_HUMAN,sp,Q14393,GAS6,HUMAN,0001259|sp|Q1G9E8|PEPX_LACDA,1259,sp,Q1G9E8,PEPX,LSVALV,535,540,LSVALV,663,668,KTVGQLSVALVDLGTR,6,,,very_weak,strong,weak,very_weak,,,,,,,,,,,,,,,,,,,,,,,,,,,,,,,,,,,weak,very_weak,,,,,,,,,very_weak,,,very_weak,,,very_weak,,,,,,very_weak,,,very_weak,,,,,,,,,,,,very_weak,,,,strong,weak,very_weak,19.235,0.075,25.995,46.790000000000006,39.64,52.795,22.875,30.910000000000004,50.225,22.075,36.535,46.18,7.83,26.455,37.09,10.45,14.97,35.685,12.035,13.025,35.24,34.895,24.775,19.705,36.185,1516.8556360906,24.9046326931623,799.36739386858,4648.4818530914,1006.80940966271,6759.86141923126,2127.02681651904,551.622843767829,1159.59521911471,680.084087582008,3756.82801043794,1918.52863797831,959.61700629051,750.095371823746,2816.08300310379,53.2865658464522,362.551074323895,2384.4564211806,743.510019232284,388.264580188346,1044.37863364596,710.524970189523,384.302447056242,526.569218042167,Growth arrest specific 6,Q14393,600441.0,gene,2621.0,GAS6,ENSG00000183087,bacteria
sp|Q14393|GAS6_HUMAN,sp,Q14393,GAS6,HUMAN,0001259|tr|Q1G7Q8|Q1G7Q8_LACDA,1259,tr,Q1G7Q8,Q1G7Q8,KKLKKQ,546,551,KKLKKQ,141,146,VTAIRKKLKKQSDSSV,6,,,,,,,,,,,,,,,,,,,,,,,,,,,very_weak,,,,,,,,,,,,,,,,,,,,,,,,,,,,,,,,,,,,,,,,,,,,,,,,,,,,,weak,very_weak,,weak,very_weak,70.295,20.915,20.035,51.665,42.655,54.69,35.61,60.095,16.34,90.94,48.855,59.65,92.265,74.01,38.195,54.245,90.585,73.72,48.115,33.02,72.725,48.685,66.065,40.005,4.914999999999999,13355.5805507311,783.203778614395,1543.47711049572,6260.28206888905,2347.82197675228,8789.95180258316,4939.48600797516,3733.52793828327,1114.69274781974,9881.11273697411,11576.9478306794,11890.5113592692,16936.144894009,9669.48213513683,6437.22142898065,1077.46980608634,11089.2346561116,14895.3901664549,4861.01861228807,1680.90114838809,8327.59963608488,3191.90624207393,4136.31831040888,2238.95870261346,Growth arrest specific 6,Q14393,600441.0,gene,2621.0,GAS6,ENSG00000183087,bacteria
sp|Q14393|GAS6_HUMAN,sp,Q14393,GAS6,HUMAN,0001259|tr|Q1G996|Q1G996_LACDA,1259,tr,Q1G996,Q1G996,VLALRA,347,352,VLALRA,199,204,LAVIAVLALRAWKNSA,6,,,,,,,,,very_weak,,,,,weak,very_weak,,,,,,,,,,,,,,,,,,very_weak,,,very_weak,,weak,very_weak,,,,,,,,,,,,,,weak,very_weak,,,,,,,,weak,very_weak,,,,,,,,,very_weak,,,,,,,,,very_weak,,weak,very_weak,30.155,20.39,14.985,56.565,8.45,20.84,36.78,21.63,34.22,29.08,14.865,12.2,45.54,27.015,20.35,2.125,25.15,29.72,4.0,20.295,38.955,18.66,31.33,21.635,14.34,2740.78224023609,127.936555878038,159.065327265931,4528.05234428596,66.2089441686859,1297.97098593003,1534.83405900045,152.250522498498,508.275567273501,523.444974054711,786.200852662322,672.008785103211,4814.27732128911,528.389816680127,823.919439286014,9.67333137853795,321.755115469422,1550.67487578329,157.983042457588,295.868714542591,1065.79393859579,133.806307067363,217.145479868619,243.584223226061,Growth arrest specific 6,Q14393,600441.0,gene,2621.0,GAS6,ENSG00000183087,bacteria
sp|Q14393|GAS6_HUMAN,sp,Q14393,GAS6,HUMAN,0001259|tr|Q1GBT0|Q1GBT0_LACDA,1259,tr,Q1GBT0,Q1GBT0,LLLLAA,20,25,LLLLAA,10,15,RKNLALLLLAASLLAG,6,,,,,,very_weak,,,,,,,,,very_weak,,,,,,,,,,,,,,,,,,,,,,,,,,,,,,,,,,,,,,weak,very_weak,,,,,,,,,,,,,,,,,,,,,,,,,,,,,weak,very_weak,36.31,19.175,45.6,57.87,19.095,58.95,69.155,52.335,56.37,57.815,53.56,47.305,68.495,39.12,49.37,4.745,35.084999999999994,47.355,22.56,51.010000000000005,51.865,51.7,53.765,51.27,41.96,1808.76603671435,223.735061449412,919.110741100102,5687.52653180365,270.717170469059,6201.76342795515,6175.04755647916,908.059681272623,1475.33753434762,1564.29089763044,2763.56219848869,1007.97568428084,5760.10802774072,451.184504755838,1296.87603488657,31.0505033260573,236.410032018193,1372.31965071138,702.734207693072,1290.0604663272,928.878124502317,1194.04811946757,1093.79687205836,1016.55141478399,Growth arrest specific 6,Q14393,600441.0,gene,2621.0,GAS6,ENSG00000183087,bacteria
sp|Q14393|GAS6_HUMAN,sp,Q14393,GAS6,HUMAN,0644875|tr|A0A934UDC6|A0A934UDC6_9STRE,644875,tr,A0A934UDC6,A0A934UDC6,RGGLKL,265,270,RGGLKL,65,70,LKYVSRGGLKLEKALQ,6,,,,,,,,weak,very_weak,,,,,,very_weak,,,very_weak,,,,,weak,very_weak,,weak,very_weak,,,,,,,,,very_weak,,weak,very_weak,,,,,,,,,,,,,,weak,very_weak,,,,,,,,,,,,,,,,,weak,very_weak,,,very_weak,,,,,weak,very_weak,,weak,very_weak,60.09,42.115,8.17,31.245,11.44,18.36,52.14,9.46,9.175,42.275,20.36,14.579999999999998,66.985,25.785,20.67,4.095,38.085,28.64,36.605,38.3,31.27,7.115,16.335,44.575,8.925,7208.50120881016,599.010309948414,414.404984771011,3512.88719788933,197.45386676339,1918.90231934639,3253.76436768791,131.666447932771,369.465250732893,1094.25852039881,1967.21170970619,949.351759692679,5783.96471652889,1315.47412324543,1436.55589082763,17.4515656283721,1437.58210946945,2398.16932540413,1940.3858901299,1048.94245433011,1260.94237517283,176.414902230991,214.943523432285,1208.56657375076,Growth arrest specific 6,Q14393,600441.0,gene,2621.0,GAS6,ENSG00000183087,bacteria
sp|Q14393|GAS6_HUMAN,sp,Q14393,GAS6,HUMAN,0644875|tr|A0A934UDF0|A0A934UDF0_9STRE,644875,tr,A0A934UDF0,A0A934UDF0,AGRLEL,352,357,AGRLEL,459,464,SLAMIAGRLELYPMLL,6,,,,,,,,,,,,,,,,,,,,,,,,,,,,,,,,,,,,,,,,,,,,,,,,,,,,,,,,,,,,,,,very_weak,,,,,,,,,,,,,,,,,,,,,very_weak,27.405,29.33,48.6,32.23,41.27,51.28,26.9,43.66,44.190000000000005,27.11,34.565,37.76,31.96,25.085,38.895,46.175,36.82,24.105,14.45,58.505,37.35,39.475,29.6,43.96,48.415,710.3404887997,215.234425264676,844.52497632894,1203.65982661134,361.528688088452,2882.82793248688,687.995840217778,439.876126873528,557.418589312229,327.901919405499,1480.43847343318,364.367909156324,1286.07460044161,185.5819979232,775.236562963723,92.9396811229135,329.851903337338,401.616969441635,243.478824943872,1163.13875315532,277.769945652818,197.892316283364,206.138041566812,490.330891661556,Growth arrest specific 6,Q14393,600441.0,gene,2621.0,GAS6,ENSG00000183087,bacteria
sp|Q14393|GAS6_HUMAN,sp,Q14393,GAS6,HUMAN,0644875|tr|A0A934UDU1|A0A934UDU1_9STRE,644875,tr,A0A934UDU1,A0A934UDU1,IQETVK,458,463,IQETVK,27,32,DQKKIIQETVKHPTED,6,,,,,,very_weak,,,very_weak,,,,,,,,,,,,very_weak,,,,,,,,,,,,,,,,,,very_weak,,,,,,,,,,,,,,,,,,,,,,,,,,,very_weak,,,,,,,,,,,,,,weak,very_weak,,weak,very_weak,65.835,11.775,13.97,45.23,30.07,31.15,17.32,39.49,20.325,65.675,25.25,40.23,56.235,35.81,21.71,26.465000000000003,47.395,38.935,25.165,16.455,34.815,25.83,40.985,33.205,6.915,17366.0910645558,717.532060568684,1206.22815932822,8151.62271351176,2582.30003786035,8256.09646108932,2803.61821968773,2955.98030365205,1715.83260362781,6766.81331064055,8382.10923931308,7536.61860702223,8643.39368246859,5462.73803422994,4854.18604998638,754.95622581361,6090.31452828819,9765.26373628301,3549.87292914047,1181.73531913093,4271.62764270757,3001.64948444662,3013.42927854991,2884.10707010713,Growth arrest specific 6,Q14393,600441.0,gene,2621.0,GAS6,ENSG00000183087,bacteria
sp|Q14393|GAS6_HUMAN,sp,Q14393,GAS6,HUMAN,0644875|tr|A0A934UDN7|A0A934UDN7_9STRE,644875,tr,A0A934UDN7,A0A934UDN7,DLMGNF,135,140,DLMGNF,176,181,DDSTEDLMGNFFRMIE,6,,,,,,,,,,,,,,,,,,,,,,,,,,,,,,,,,,strong,weak,very_weak,,,,,,,,weak,very_weak,,,very_weak,,,,,,,,,,strong,weak,very_weak,,,,,,,,weak,very_weak,,,,,,,,,,,,,strong,weak,very_weak,24.685,60.19499999999999,60.260000000000005,46.33,45.13,26.86,54.935,49.125,26.585,70.815,29.415,0.99,54.510000000000005,2.7750000000000004,15.475,52.275,61.0,0.92,36.255,71.995,3.12,45.34,49.435,65.775,54.385,769.703620327569,1445.00506413854,2258.20293958607,2111.38906392123,716.422733074985,691.510895489229,4081.7679972765,564.000943275083,208.125901530045,3239.57258412392,2724.31426966686,18.8423902882334,2897.39990420119,53.5431693919363,481.894653007167,355.112508232382,1744.75649834791,27.842166533352,1188.71147577206,2806.1978405604,79.3186592231872,666.945536718904,724.122330582155,1811.82160452084,Growth arrest specific 6,Q14393,600441.0,gene,2621.0,GAS6,ENSG00000183087,bacteria
sp|Q14393|GAS6_HUMAN,sp,Q14393,GAS6,HUMAN,0644875|tr|A0A934P9S7|A0A934P9S7_9STRE,644875,tr,A0A934P9S7,A0A934P9S7,GVLFAL,520,525,GVLFAL,338,343,VLLMIGVLFALEIFIE,6,,,,,,,,,,,,,,,,,,,,,,,,,,,,,,,,,,,,,,,,,,,,,,,,,,,,,,,,,,,,,,,,,,,,,,,,,,,,,,,,,,,,,37.57,66.635,77.66499999999999,67.13,58.625,83.78999999999999,79.2,65.435,78.26,87.16,69.445,36.22,39.58,38.1,60.98,39.67,70.235,31.825000000000003,33.975,78.85,44.705,66.025,63.155,59.145,76.92,862.467218203349,1627.21621722779,4947.77680036748,5559.39336964894,1837.40671446759,14607.9420901688,9295.15580537404,2462.21818557159,4700.57600150577,6708.05824856614,7906.91503871514,627.612460008608,2532.41255922245,422.911637903017,3017.37702320324,552.817823616456,2481.12535232988,502.120778521271,1253.65082823828,4469.68969523302,562.081970258601,3204.84876948325,2318.66418163381,1117.14376642387,Growth arrest specific 6,Q14393,600441.0,gene,2621.0,GAS6,ENSG00000183087,bacteria
sp|Q14393|GAS6_HUMAN,sp,Q14393,GAS6,HUMAN,0644875|tr|A0A934PAA9|A0A934PAA9_9STRE,644875,tr,A0A934PAA9,A0A934PAA9,GPAALR,8,13,GPAALR,236,241,HFGLSGPAALRISSFV,6,,,,,,,,,,,,,,,,,,,,,,,,very_weak,,,,,,very_weak,,weak,very_weak,,,,,,,,,,,,,,,,,,,,,very_weak,,weak,very_weak,,,,,,,,,,,,,,,,,,very_weak,,,,,,,,weak,very_weak,52.34,56.705,48.065,36.46,49.285,20.885,53.275,11.635,35.45,13.38,7.029999999999999,20.445,26.79,36.645,39.6,15.84,2.14,26.61,27.01,38.28,33.14,29.1,11.605,47.295,53.45,3945.25205408746,1019.94471488004,1079.38341282113,2095.70754734028,961.425322686884,526.529338017078,3010.88718972921,56.7149947672175,248.100709935622,70.2898422183425,813.93366263449,1083.91254123413,1686.12892364314,1453.48820516785,3872.09083217545,26.4946538170411,63.3860822804127,2346.93304311565,1077.31826294708,509.37113266093,1520.17449402721,119.741958339397,39.5175389446749,780.353209990777,Growth arrest specific 6,Q14393,600441.0,gene,2621.0,GAS6,ENSG00000183087,bacteria
sp|Q14393|GAS6_HUMAN,sp,Q14393,GAS6,HUMAN,0644875|tr|A0A934PB77|A0A934PB77_9STRE,644875,tr,A0A934PB77,A0A934PB77,LQERLA,604,609,LQERLA,77,82,IVEIELQERLAEMAQR,6,,,,,weak,very_weak,,,very_weak,,,,,,,,,,,weak,very_weak,,,,,,,,,,strong,weak,very_weak,,,,,,,,,,,,,,,very_weak,,,,,,,,,,,,,,,very_weak,,,,,,very_weak,,,very_weak,,,,,,,,weak,very_weak,strong,weak,very_weak,28.57,6.05,16.34,33.905,31.655,42.78,4.865,52.94,21.295,65.675,1.49,24.270000000000003,39.2,21.32,12.8,28.755000000000003,35.97,22.25,12.45,44.95,17.13,13.18,48.11,32.85,9.165,3011.37588636254,294.858852001511,1106.59338520616,3794.53412260638,1789.28172263024,7047.24596026866,656.535279366367,2778.28272029462,1678.59298841282,3425.91584707232,619.932106499925,1604.07188761244,2538.55763481131,703.000378079425,1107.01252289101,400.18121237519,1635.19367401112,1965.87122457041,1365.0485183693,2023.22847198626,619.529785428175,609.978419141029,1903.02309464704,1939.16858851012,Growth arrest specific 6,Q14393,600441.0,gene,2621.0,GAS6,ENSG00000183087,bacteria
sp|Q14393|GAS6_HUMAN,sp,Q14393,GAS6,HUMAN,0644875|tr|A0A934PBA2|A0A934PBA2_9STRE,644875,tr,A0A934PBA2,A0A934PBA2,LAALLP,29,34,LAALLP,188,193,SSLQKLAALLPDDVIR,6,,weak,very_weak,strong,weak,very_weak,,,,,,,,,,,,,,,,,,,,,,,,,,,very_weak,,,,,,,,weak,very_weak,,,,,,,,weak,very_weak,,weak,very_weak,,weak,very_weak,,,,,weak,very_weak,,,,,,very_weak,,,,,,,,,,,,,strong,weak,very_weak,9.705,1.32,37.15,35.655,31.985,47.565,40.74,37.89,50.16,41.93,14.185,37.915,6.715,22.19,30.25,7.035,9.24,26.59,7.595000000000001,30.89,18.8,31.335,30.8,25.145,35.59,538.18128491965,45.4455312361011,1061.34051876156,2560.7094304976,567.926155218118,5252.51389791345,2793.56522337516,751.769104717726,1097.07998465539,1794.43880225163,1821.92587839953,1073.75731958589,653.537336556051,529.167909267733,1673.55153719818,28.0256246780644,332.964322138377,1327.49881858786,245.94117254274,756.960153140741,522.064888297892,599.250160828696,420.734599176655,370.678490610007,Growth arrest specific 6,Q14393,600441.0,gene,2621.0,GAS6,ENSG00000183087,bacteria
sp|Q14393|GAS6_HUMAN,sp,Q14393,GAS6,HUMAN,0644875|tr|A0A934PAY7|A0A934PAY7_9STRE,644875,tr,A0A934PAY7,A0A934PAY7,LLLLLL,18,23,LLLLLL,17,22,IWGPPLLLLLLGTGIY,6,,,,,,,,,,,,,,,,,,,,,,,,,,,,,,,,,,,,,,,,,,,,,,,,,,,,,,very_weak,,,,,,,,,very_weak,,,,,,,,,,,,,,,,,,,,,very_weak,60.61,40.175,52.785,49.135,30.01,72.74,66.935,53.73,58.035,77.555,61.5,46.215,82.715,45.94499999999999,55.785,10.155,75.345,47.105,11.87,63.55,51.675,59.115,61.31999999999999,49.645,45.7,3679.27033718193,544.188969390624,1452.71781481866,3980.84162404998,238.759554786605,8473.66093847116,5298.06141432812,835.364347996198,1016.98046087619,3826.15511452694,4939.91357962738,350.334461143195,7797.23640758188,362.307947102134,1883.94976271489,36.6707681435171,3428.47446988438,706.699133862099,112.056478849442,1948.44348461449,587.139370487619,2199.056536572,1181.40292691871,778.514750820675,Growth arrest specific 6,Q14393,600441.0,gene,2621.0,GAS6,ENSG00000183087,bacteria
sp|Q14393|GAS6_HUMAN,sp,Q14393,GAS6,HUMAN,0644875|tr|A0A934P902|A0A934P902_9STRE,644875,tr,A0A934P902,A0A934P902,LPDVPV,626,631,LPDVPV,109,114,YKIAKLPDVPVFETLG,6,,weak,very_weak,,,very_weak,,,,,,very_weak,,weak,very_weak,,,,,,,,,very_weak,,,very_weak,,,,,,very_weak,,,,,,,,,,,,,,,,,,,,weak,very_weak,,,,,,,strong,weak,very_weak,,,very_weak,,,,,,,,,,,,very_weak,,,,strong,weak,very_weak,9.39,14.81,27.73,18.345,3.88,23.405,21.45,19.345,19.85,56.285,17.814999999999998,41.89,31.905,34.56,30.64,5.34,56.2,36.275,1.62,13.075,31.595,34.81,28.18,10.655,31.91,1011.40601515606,375.65676648319,788.108623830982,1191.1319164559,146.57527175366,2019.57599527343,1361.0076620145,405.09961715349,299.897439190179,2044.28688428999,3084.95171216576,1212.44339952505,2443.16430221888,793.456159796788,2224.90402958579,40.5356525206746,2473.16511700138,1804.15330284748,197.276624574769,392.335476501524,805.74973694957,779.340677609696,324.260928407227,276.044213072912,Growth arrest specific 6,Q14393,600441.0,gene,2621.0,GAS6,ENSG00000183087,bacteria
sp|Q14393|GAS6_HUMAN,sp,Q14393,GAS6,HUMAN,0644875|tr|A0A934UD54|A0A934UD54_9STRE,644875,tr,A0A934UD54,A0A934UD54,RRLLDL,650,655,RRLLDL,303,308,SFVSSRRLLDLLNLEE,6,,,,,,,,weak,very_weak,,,,,,,,,very_weak,,,very_weak,,,,,,very_weak,,,,,,very_weak,,weak,very_weak,,,,,,,,,very_weak,,weak,very_weak,,,,,,,,,,,,very_weak,,,,,,,,,very_weak,,,very_weak,,,,,,very_weak,strong,weak,very_weak,strong,weak,very_weak,22.06,29.885,5.34,35.86,41.1,13.84,12.53,31.79,12.425,69.435,14.395,7.215,40.355,13.545,8.295,43.005,56.72,12.29,28.4,28.6,15.34,17.65,29.605,14.385000000000002,1.525,729.659120538776,182.349559536119,164.26697519481,1172.60314379828,345.276836340773,758.985823555937,394.707071127089,198.173005939077,360.755008388375,2857.95144718704,1099.63504022693,136.405334024333,2459.66201048315,121.6603729738,243.905969863451,136.176765042499,1565.17125986125,279.234421571219,625.395848335023,369.161563172272,138.658211464377,236.049642508758,299.696327577589,141.016940572148,Growth arrest specific 6,Q14393,600441.0,gene,2621.0,GAS6,ENSG00000183087,bacteria
sp|Q14393|GAS6_HUMAN,sp,Q14393,GAS6,HUMAN,0644875|tr|A0A934UDG2|A0A934UDG2_9STRE,644875,tr,A0A934UDG2,A0A934UDG2,KKLKKQ,546,551,KKLKKQ,291,296,IQKNKKKLKKQEQELK,6,,,,,,very_weak,,,,,,,,,,,,,,,,,,,,,,,,,,,,,,,,,,,,,,,,,,,,,,,,,,,,,,,,,,,,,,,,,,,,,,,,,,,,,,very_weak,93.065,14.715,50.935,78.305,64.08,54.58,22.03,87.14,25.205,95.0,58.010000000000005,70.305,95.0,63.900000000000006,40.08,77.66,95.0,71.69,48.035,79.86,64.685,81.02000000000001,82.59,80.625,23.92,24899.302023521,692.649094351903,5399.62600941052,13622.8064122371,6251.82093390619,10916.7349480176,3386.81195213424,12382.6121960566,2198.93757326912,28088.5292766587,15724.2604393072,13098.6977158486,37417.1324284789,9831.73651584544,7078.73093537148,4419.43702689949,33286.278101643,16134.7847115406,6174.71350228794,9669.06365758125,7267.07772450061,10738.4335407325,10797.2688043091,10240.8487083106,Growth arrest specific 6,Q14393,600441.0,gene,2621.0,GAS6,ENSG00000183087,bacteria
sp|Q14393|GAS6_HUMAN,sp,Q14393,GAS6,HUMAN,0644875|tr|A0A934UDN7|A0A934UDN7_9STRE,644875,tr,A0A934UDN7,A0A934UDN7,LMGNFF,136,141,LMGNFF,177,182,DSTEDLMGNFFRMIEH,6,,,very_weak,,,,,,,,,,,,,,,very_weak,,,,,,,,,very_weak,,,,,,,strong,weak,very_weak,,,,,,,strong,weak,very_weak,,weak,very_weak,,,,,,,,,,strong,weak,very_weak,,,,,,,strong,weak,very_weak,,,,,,,,,,,,,strong,weak,very_weak,18.735,52.010000000000005,51.37,46.33,37.775,16.785,48.285,49.125,19.9,68.305,23.775,0.48,52.2,1.08,7.935,47.5,52.67999999999999,0.55,30.975,70.8,1.2999999999999998,39.45,45.675,61.85,46.425,524.431361460288,1165.53234428465,1928.33063649072,2111.38906392123,605.972334937544,575.808879599332,3680.38515494284,564.000943275083,187.391903186194,2920.53344751717,2464.05707709698,15.9972480166062,2577.52672969427,47.8463578124,401.586552747554,318.027495866854,1331.51221796718,25.3996403582116,1062.2251143193,2655.9177760439,69.137320237328,386.036101728135,674.1279764918,1470.60418463945,Growth arrest specific 6,Q14393,600441.0,gene,2621.0,GAS6,ENSG00000183087,bacteria
sp|Q14393|GAS6_HUMAN,sp,Q14393,GAS6,HUMAN,0644875|tr|A0A934PAF7|A0A934PAF7_9STRE,644875,tr,A0A934PAF7,A0A934PAF7,EVDGTR,589,594,EVDGTR,1081,1086,MKWVDEVDGTRPSTLG,6,,,,,,,,,,,,,,,,,,,,,,,,,,,,,,,,,,,,,,,,,,,,,,,,,,,,,,,,,,,,,,,,,,,,,,,,,,,,,,,,,,,,,69.28999999999999,67.155,69.89,28.62,72.015,55.47,33.04,23.83,60.84,24.6,58.05,73.77000000000001,35.775,68.30499999999999,67.83500000000001,50.235,53.535,68.58,75.70500000000001,43.855,63.64,52.5,36.27,59.06,69.08500000000001,11102.3205246178,6108.99163468425,9045.72672128616,4202.40537783326,9743.10074708587,13290.1364121284,4164.51955464189,1718.28492496825,4993.32837614418,1334.35335822684,15349.5703712506,10751.9197487172,3765.5775131849,11328.6286341032,15077.4822832056,2305.20635031646,4978.4931136676,13611.7562154946,13129.6302330639,3497.37600177448,8774.93799739478,3650.52179651163,2510.69569880126,6367.67196695246,Growth arrest specific 6,Q14393,600441.0,gene,2621.0,GAS6,ENSG00000183087,bacteria
sp|Q14393|GAS6_HUMAN,sp,Q14393,GAS6,HUMAN,0644875|tr|A0A934UDK2|A0A934UDK2_9STRE,644875,tr,A0A934UDK2,A0A934UDK2,ATLEVD,586,591,ATLEVD,77,82,AMSVLATLEVDMVNVH,6,,weak,very_weak,strong,weak,very_weak,,,,,weak,very_weak,,,,,,,,weak,very_weak,,,,,,,,,,,,,,,,,,,,weak,very_weak,,,very_weak,,,,strong,weak,very_weak,,,very_weak,,,,,,,,weak,very_weak,,,,,,very_weak,,,,,,,,,,,,,strong,weak,very_weak,3.925,0.515,49.475,6.86,35.915,38.975,8.015,26.885,39.16,22.125,38.620000000000005,39.13,2.785,14.045000000000002,34.33,18.71,31.055,27.355,9.835,20.205,15.495,38.955,34.36,20.06,54.77,490.017980527747,48.5235812062766,1865.22904001815,212.736272956264,748.927597135927,5068.44462618542,201.823465577957,524.091018082054,640.710573037358,1506.60011203711,4804.85836345606,1060.10102843466,507.209796995044,327.320591849536,2519.02201706473,140.448974467711,802.443685316049,1047.24143633296,396.594925075453,411.723436283599,472.05855284365,1416.62909474079,703.350355344093,418.351440296201,Growth arrest specific 6,Q14393,600441.0,gene,2621.0,GAS6,ENSG00000183087,bacteria
sp|Q14393|GAS6_HUMAN,sp,Q14393,GAS6,HUMAN,0644875|tr|A0A934P8Z1|A0A934P8Z1_9STRE,644875,tr,A0A934P8Z1,A0A934P8Z1,AKSVKS,289,294,AKSVKS,98,103,FPISKAKSVKSKLHNE,6,,,,,,very_weak,,weak,very_weak,,,,,weak,very_weak,,,very_weak,,,,,weak,very_weak,,,very_weak,,weak,very_weak,,,,,,,,weak,very_weak,,,,,,,,,,,,,,weak,very_weak,,,very_weak,,,,,,,,weak,very_weak,,,,,,very_weak,,weak,very_weak,,,,,,very_weak,,weak,very_weak,84.93,14.665,7.925,63.125,6.775,13.22,29.97,7.965,16.740000000000002,7.1850000000000005,25.880000000000003,63.725,77.36,61.56,36.05,5.734999999999999,11.975,68.415,28.1,5.345000000000001,58.510000000000005,11.425,7.869999999999999,20.79,11.575,18051.7656862286,254.520211340355,105.172211785569,7847.25550259388,106.708158965154,827.25131348499,1999.57246464061,79.44319738406,309.942492347998,153.791924933917,2474.50343388737,5406.69979237944,11178.7413643631,4555.47286332636,3454.50240899569,17.6763778442584,620.193755289994,8134.00203548708,1481.72046947335,100.926991919836,4410.12247742668,143.608337557733,89.5488918916807,546.070487835909,Growth arrest specific 6,Q14393,600441.0,gene,2621.0,GAS6,ENSG00000183087,bacteria
sp|Q14393|GAS6_HUMAN,sp,Q14393,GAS6,HUMAN,0644875|tr|A0A934P9P0|A0A934P9P0_9STRE,644875,tr,A0A934P9P0,A0A934P9P0,LRFKRL,309,314,LRFKRL,127,132,LAINDLRFKRLVIITH,6,,,,,,very_weak,,,very_weak,,,,,,very_weak,,,,,,very_weak,,,,,,very_weak,,,,,,very_weak,strong,weak,very_weak,,,,,,,,weak,very_weak,,weak,very_weak,,,,,,,,,,,weak,very_weak,,weak,very_weak,,,,,weak,very_weak,,,,,,,,,,,,very_weak,strong,weak,very_weak,41.23,19.4,13.035,44.215,19.265,42.27,17.605,30.67,18.35,80.795,19.41,1.025,83.88,4.065,8.585,30.745,55.77,3.28,7.944999999999999,30.5,7.515,28.89,37.415,23.755,17.59,2607.96380805669,133.897546698655,250.742700342931,1863.77654759915,135.395166608949,1966.72222034027,151.140998844775,234.936176855445,183.974602825315,4872.97238364816,1907.68219378058,41.5835956014706,8644.23539987974,121.818436155499,411.549737438636,71.6706455927025,1855.02510122643,144.765905272731,208.044849776433,234.593263116814,202.462109969217,295.811097943294,385.631162233093,129.269559337258,Growth arrest specific 6,Q14393,600441.0,gene,2621.0,GAS6,ENSG00000183087,bacteria
sp|Q14393|GAS6_HUMAN,sp,Q14393,GAS6,HUMAN,0283361|tr|A0A3R6J8C3|A0A3R6J8C3_9BACT,283361,tr,A0A3R6J8C3,A0A3R6J8C3,LKLSQD,268,273,LKLSQD,25,30,ATGNSLKLSQDIAAAF,6,,,very_weak,,weak,very_weak,,,very_weak,,weak,very_weak,,,very_weak,,weak,very_weak,,weak,very_weak,,,very_weak,,,very_weak,,,,,,very_weak,,,,,,,,,very_weak,,,,,,,,,,,,very_weak,,,very_weak,,,,,,,strong,weak,very_weak,,,,,,,,,very_weak,,weak,very_weak,,,,strong,weak,very_weak,11.54,3.81,14.335,2.3150000000000004,12.37,9.02,7.305,12.505,10.965,35.825,14.495,51.80499999999999,14.505,47.375,43.895,18.535,10.29,50.655,24.88,1.475,46.75,24.915,12.6,6.699999999999999,27.475,1071.61017324627,123.348999531067,477.762135626079,29.5515493022082,413.755347843503,661.712776807981,155.687149393404,292.738576957606,72.5687815114432,1113.98139192212,2100.29292478875,2140.32424969012,1214.08430501018,1674.04050994514,3214.50314125642,121.036716281237,323.168143359216,3545.84229113773,1059.55060858897,63.0325014617199,1565.28980799258,540.112154133288,301.752703838146,217.211274881074,Growth arrest specific 6,Q14393,600441.0,gene,2621.0,GAS6,ENSG00000183087,bacteria
sp|Q14393|GAS6_HUMAN,sp,Q14393,GAS6,HUMAN,0283361|tr|A0A3R6LPE4|A0A3R6LPE4_9BACT,283361,tr,A0A3R6LPE4,A0A3R6LPE4,LLLLLL,18,23,LLLLLL,10,15,DNFGRLLLLLLIALGI,6,,,,,,,,,,,,,,,,,,,,,,,,,,,,,,,,,,,,,,,,,,,,,,,,,,,,,,,,,,,,,,,,,,,,,,,,,,,,,,,,,,,,,57.09,58.385000000000005,73.61,77.895,64.93,82.52000000000001,84.72999999999999,73.305,75.11,83.265,64.33,53.25,85.97999999999999,43.59,57.43,56.1,74.185,45.540000000000006,52.415000000000006,80.33,59.435,58.965,78.9,73.455,66.225,2624.09753387086,1563.88474363025,3754.43054103052,7923.44364642346,1619.45289100293,13752.9853296866,12064.0312354621,2936.78907559467,3707.4429169593,5309.88329724673,6939.64882635746,845.109983526276,9247.10666399445,593.886311310096,3051.22488012156,501.290242325752,3186.17845823977,1522.16599944387,2045.50377652902,4947.72326680911,1378.2717993488,2178.26492957494,3653.95972612703,2888.63540421904,Growth arrest specific 6,Q14393,600441.0,gene,2621.0,GAS6,ENSG00000183087,bacteria
sp|Q14393|GAS6_HUMAN,sp,Q14393,GAS6,HUMAN,0283361|tr|A0A416A446|A0A416A446_9BACT,283361,tr,A0A416A446,A0A416A446,GGLKLS,266,271,GGLKLS,177,182,MFMVPGGLKLSSMYQL,6,,,,,,,,,,,,,,,,,,,,,,,,,,,,,,,,,,,,,,,,,,,,,,,,,,,,,,,,,,,,,,,,,,,,,,,,,,,very_weak,,,,,,,,,very_weak,58.605,45.440000000000005,52.305,45.36,42.325,51.515,53.5,21.365,43.59,31.76,46.445,42.19,52.895,33.800000000000004,47.365,29.155,40.56,37.225,33.375,60.43,33.52,42.86,18.765,55.8,51.45,4114.80301107819,391.449277455441,950.430909007965,2399.36321486264,382.233162619591,2510.91302957341,2967.93408704008,82.9757665968362,277.061573862602,183.269307852497,2475.49425460785,659.753955386447,4012.66904469452,401.582207693598,1947.3686131518,49.3009891390573,472.007479917899,1007.33243128662,763.99521390619,1203.8030917937,604.041254959338,244.69366359692,125.615721701204,916.667628604886,Growth arrest specific 6,Q14393,600441.0,gene,2621.0,GAS6,ENSG00000183087,bacteria
sp|Q14393|GAS6_HUMAN,sp,Q14393,GAS6,HUMAN,0283361|tr|A0A416AA11|A0A416AA11_9BACT,283361,tr,A0A416AA11,A0A416AA11,TRLVAE,317,322,TRLVAE,270,275,KTYNFTRLVAEAVYLS,6,,weak,very_weak,,,very_weak,,,very_weak,,,very_weak,,,very_weak,,weak,very_weak,,,,,weak,very_weak,,,very_weak,,,very_weak,strong,weak,very_weak,,,very_weak,,weak,very_weak,,weak,very_weak,,weak,very_weak,,,very_weak,,weak,very_weak,strong,weak,very_weak,,,very_weak,,weak,very_weak,,weak,very_weak,,,very_weak,,weak,very_weak,,,very_weak,,weak,very_weak,,weak,very_weak,,,very_weak,strong,weak,very_weak,6.6450000000000005,18.945,13.97,10.79,12.665,8.435,37.895,3.045,16.765,17.02,1.385,10.205,4.5200000000000005,4.515,10.275,0.155,19.15,5.4350000000000005,5.195,11.135,4.305,12.18,5.98,8.770000000000001,12.66,512.832906018345,234.692275642234,298.034232642672,688.263875064049,145.868080637945,581.946885828373,2038.38970538109,35.7671373460701,165.508667897811,577.268575781793,159.753511251666,218.663819643795,812.165463114491,148.638658582243,622.876976189102,4.22244964169765,263.846324973781,278.688109618917,217.47465434999,145.51497840019,188.027598657195,143.846267427995,60.9698616858293,86.3313037516284,Growth arrest specific 6,Q14393,600441.0,gene,2621.0,GAS6,ENSG00000183087,bacteria
sp|Q14393|GAS6_HUMAN,sp,Q14393,GAS6,HUMAN,0283361|tr|A0A416AAL7|A0A416AAL7_9BACT,283361,tr,A0A416AAL7,A0A416AAL7,SFYPGS,478,483,SFYPGS,361,366,RNNLNSFYPGSQGFAD,6,,,,,,,,,,,,,,,very_weak,,,,,,,,,,,,,,,,,,,,,,,,,,,,,,,,,,,,,,,,,,,,,,,,,,,,,,,,weak,very_weak,,,very_weak,,,,,,,,weak,very_weak,20.29,41.81,28.205,63.925,14.829999999999998,51.795,65.0,46.375,47.505,29.165,64.41,47.17,42.83,58.475,48.435,41.535,43.38,50.035,39.495,36.38,66.955,2.29,17.915,35.57,35.655,2374.87837392003,2957.3238970769,2247.13744186324,8834.86074623271,719.37438013797,7707.8206368538,12465.552617133,2321.6263892254,3672.82694576694,1039.54219043518,13703.8192152685,4908.5854639264,3436.1618093743,6213.45012214636,8108.51968624174,668.122815614448,2589.93891064295,7899.47559783034,5529.51852945642,2676.92051401766,5579.21844624962,290.265864098767,380.924398399018,2159.30470746095,Growth arrest specific 6,Q14393,600441.0,gene,2621.0,GAS6,ENSG00000183087,bacteria
sp|Q14393|GAS6_HUMAN,sp,Q14393,GAS6,HUMAN,0283361|tr|A0A415ZRW6|A0A415ZRW6_9BACT,283361,tr,A0A415ZRW6,A0A415ZRW6,EVEVVA,506,511,EVEVVA,118,123,EVGLAEVEVVAQKKQV,6,,,,,,very_weak,,,,,,,,,,,,,,,,,,,,,,,weak,very_weak,,,,,,,,,very_weak,,weak,very_weak,,,,,,,,,very_weak,,,,,weak,very_weak,,,,,,very_weak,,,very_weak,,,,,,very_weak,,,,,,very_weak,,,,,weak,very_weak,28.82,14.84,20.775,48.72,40.575,41.955,32.7,33.28,43.82,6.515000000000001,21.055,43.485,5.625,26.13,28.565,36.4,6.140000000000001,47.105,19.84,13.985,31.825000000000003,11.945,27.28,19.43,28.225,3723.2814546411,998.434687889903,1216.05632328717,7172.16969698138,3568.85907876344,11352.187159858,4168.6219591439,2292.7194979151,3374.5582473683,174.216450887221,4763.08707884483,4798.41623570043,953.975007879396,2567.7009473344,3980.84162404998,860.872972083508,446.107015904651,6592.57346709107,2634.45265566699,1097.68552998452,2102.56662499139,1435.81001015159,1084.76900104079,1429.57844355463,Growth arrest specific 6,Q14393,600441.0,gene,2621.0,GAS6,ENSG00000183087,bacteria
sp|Q14393|GAS6_HUMAN,sp,Q14393,GAS6,HUMAN,0283361|tr|A0A3R6LXL8|A0A3R6LXL8_9BACT,283361,tr,A0A3R6LXL8,A0A3R6LXL8,ISVEEL,382,387,ISVEEL,48,53,YLMRNISVEELTGFRE,6,,,very_weak,,,,,,,,,very_weak,,,,,,,,,very_weak,,,,,,,,,,,,very_weak,,,,,,,,,very_weak,,,very_weak,,,,,weak,very_weak,,,,,weak,very_weak,,,,,,very_weak,,,,,,very_weak,,,,,,,,,,,,,,weak,very_weak,19.08,21.035,45.1,17.45,42.715,26.525,16.33,33.705,31.165,51.195,16.224999999999998,39.825,12.855,17.145,27.635,46.265,9.76,22.625,16.76,40.29,18.36,26.79,42.09,31.715,50.72,1052.02263493212,473.67018188183,1364.57597546485,1037.93502499118,1101.00413966089,502.664356087238,1307.23060757949,609.919023551707,255.458245433948,2347.6949656217,2533.72810764343,1166.23876316203,896.801819246042,495.102174237397,2382.62537500315,298.063256034634,523.178854472807,1519.08931677417,1034.43710163146,822.707941768373,621.839974198915,518.232310829902,708.398658969955,454.590086094429,Growth arrest specific 6,Q14393,600441.0,gene,2621.0,GAS6,ENSG00000183087,bacteria
sp|Q14393|GAS6_HUMAN,sp,Q14393,GAS6,HUMAN,0283361|tr|A0A3R6LQY5|A0A3R6LQY5_9BACT,283361,tr,A0A3R6LQY5,A0A3R6LQY5,GSFHCS,176,181,GSFHCS,485,490,SAENAGSFHCSKPLFN,6,,,,,,,,,,,,,,,,,,very_weak,,,,,,,,,,,,very_weak,,,,,,,,,,,,,,,,,,,,,,,,,,,,,,,,,,,,,,,,,,,,,very_weak,,,,,,,,,very_weak,76.28999999999999,68.94,48.370000000000005,40.34,58.155,13.71,58.165,21.4,55.765,12.705,26.125,56.55500000000001,58.28,62.015,57.795,25.635,59.765,53.105,70.575,32.02,63.895,20.98,13.67,37.16,37.445,9367.24196003189,2469.60871643541,2513.65844914357,3847.201650539,2560.43238240298,1382.76780775059,5704.35118075502,334.665477766537,2320.7222639402,303.589881349934,4576.76612136566,3396.13247052358,5184.81357071726,3663.93614931739,5723.70223140849,152.319725530977,2240.48540020329,5118.4288646957,6064.66929149517,809.323313877806,3141.54033533887,474.619257602279,205.24782218932,885.214091326293,Growth arrest specific 6,Q14393,600441.0,gene,2621.0,GAS6,ENSG00000183087,bacteria
sp|Q14393|GAS6_HUMAN,sp,Q14393,GAS6,HUMAN,0283361|tr|A0A416A3A7|A0A416A3A7_9BACT,283361,tr,A0A416A3A7,A0A416A3A7,GGRLCD,149,154,GGRLCD,156,161,IKTASGGRLCDARFTD,6,,,,,,,,,,,,,,,,,,,,,,,,,,,,,weak,very_weak,,,,,,,,,,,,,,,,,,,,,,,,,,,,,,,,,,,,,,,,,,,,,,,,,,,,,weak,very_weak,75.97,80.03999999999999,78.285,83.83500000000001,73.6,77.72,74.10499999999999,69.59,77.58,7.945,75.255,85.705,64.03999999999999,86.555,85.72999999999999,66.125,24.945,86.435,76.315,81.83,87.8,40.31,68.11500000000001,83.575,74.095,9152.84151786092,4379.40506371474,5156.22632115161,10712.9026955695,3555.10037623712,10911.8932392936,9621.16343856759,2184.56677556974,4469.68969523302,93.1954514518388,11335.617464238,10529.7243458054,4619.30181844226,11102.8010336018,13943.1202430387,629.918709754024,750.614967103346,14786.2002616401,7178.691168108,5494.45123658394,9840.25037677755,710.232896776425,1565.67938650432,6087.2182105542,Growth arrest specific 6,Q14393,600441.0,gene,2621.0,GAS6,ENSG00000183087,bacteria
sp|Q14393|GAS6_HUMAN,sp,Q14393,GAS6,HUMAN,0283361|tr|A0A416AFV2|A0A416AFV2_9BACT,283361,tr,A0A416AFV2,A0A416AFV2,SLRDGE,580,585,SLRDGE,660,665,QDIADSLRDGEDS,6,,,,,,,,,,,,,,,,,,,,,,,,,,,,,,,,,,,,,,,,,,,,,,,,,,,,,,,,,,,,,,,,,,,,,,,,,,,,,,,,,,,,,64.16,59.67,95.0,79.015,95.0,95.0,51.885,95.0,94.45,93.46,95.0,95.0,38.675,95.0,95.0,95.0,95.0,95.0,95.0,95.0,95.0,95.0,95.0,95.0,92.9,17377.3685600589,13879.7519990861,27786.857120999,21313.6718600652,28431.5963260901,32888.5465956478,16014.6033551878,29395.6772173764,24459.786870644,19365.7713070165,36277.7918585222,28365.5341273212,7112.97276143094,28946.2385339456,30994.5209344409,24778.096366638,22646.4796323942,31071.0759993791,29085.6302796558,23637.6296159823,25208.8710583239,20889.026026271,27013.7274725746,24373.6631223449,Growth arrest specific 6,Q14393,600441.0,gene,2621.0,GAS6,ENSG00000183087,bacteria
sp|Q14393|GAS6_HUMAN,sp,Q14393,GAS6,HUMAN,0283361|tr|A0A416AFB9|A0A416AFB9_9BACT,283361,tr,A0A416AFB9,A0A416AFB9,LNLTVG,419,424,LNLTVG,250,255,IIWTVLNLTVGLAALW,6,,,,,,,,,,,,,,,,,,,,,,,,,,,,,,,,,,,,,,,,,,,,,,,,,,,,,,,,,,,,,,,,,,,,,,,,,,,,,,,,,,,,,54.72,44.7,34.065,53.74,47.31,37.325,60.71,37.08,37.665000000000006,57.535,67.175,55.86,46.03,47.245,66.47999999999999,33.035,43.6,55.2,34.66,38.1,59.11,49.12,58.405,38.195,35.175,2501.50357412466,729.864412910849,680.989768265298,3491.62892230809,609.734274257395,1098.44590292014,4805.2742814738,473.618934590823,161.704705107407,1337.70704419541,6996.79763586611,1427.41460177663,2936.82085117323,681.904033071005,4577.60803190199,108.199786945039,536.785577330416,1843.99890218818,974.411227702937,943.198450787663,1388.82537890767,1024.18010998933,988.566766943798,657.530532227344,Growth arrest specific 6,Q14393,600441.0,gene,2621.0,GAS6,ENSG00000183087,bacteria
sp|Q14393|GAS6_HUMAN,sp,Q14393,GAS6,HUMAN,0283361|tr|A0A416A6P2|A0A416A6P2_9BACT,283361,tr,A0A416A6P2,A0A416A6P2,RPAADT,514,519,RPAADT,66,71,QVKVERPAADTYTFQA,6,,,,,,,,,,,,,,,,,,,,,,,,,,,,,,,,,,,,,,,,,,,,,,,,,,,,,,,,,,,,,,,,,,,,,,,,,,,,,,very_weak,,,,,,very_weak,70.05000000000001,23.04,37.875,38.155,63.255,37.485,28.44,57.80499999999999,51.075,41.92,24.775,65.795,26.725,49.015,55.765,39.31,43.02,64.77,50.42,26.31,55.32,35.265,46.57,13.565,38.995,11136.9703809194,1153.08932543317,2061.12182286608,4289.92284527506,5670.07662731471,8667.64922977596,3824.20989611842,5143.74466619045,3647.36333674536,2376.18921408364,6565.31053438243,9809.63493560594,2626.51197700822,7081.56534375798,8405.81345254043,905.361820707227,3423.1369010176,10660.2926907908,5879.68381973072,1537.59322576605,4447.40263941833,1971.55860333442,2845.88632733386,744.959460652133,Growth arrest specific 6,Q14393,600441.0,gene,2621.0,GAS6,ENSG00000183087,bacteria
sp|Q14393|GAS6_HUMAN,sp,Q14393,GAS6,HUMAN,0283361|tr|A0A416AAD5|A0A416AAD5_9BACT,283361,tr,A0A416AAD5,A0A416AAD5,LQERLA,604,609,LQERLA,365,370,YDKEKLQERLAKMAGG,6,,,,,,,,,very_weak,,,,,,,,,,,,,,,,,,,,,,,,very_weak,,,,,,,,,,,,,,,very_weak,,,,,,,,,,,,,,,,,,,,,,,weak,very_weak,,,,,,,,,very_weak,,weak,very_weak,81.87,31.905,13.285,75.235,42.01,60.22,43.5,60.195,44.475,62.68,15.4,31.92,87.15,28.425,10.19,45.26,30.58,37.115,44.56,73.22999999999999,23.675,9.29,56.290000000000006,80.42,17.25,14134.8131807084,851.452099021418,970.665169759238,10327.864816886,2393.5550866097,11644.1562684436,4648.23038217856,4032.12308759616,3297.07055003604,2039.86792106706,3995.90210761155,2907.98387713966,10379.508046551,1921.16672299604,1837.56576401716,667.306444475402,1050.05527803995,4660.77017919813,4659.81213617723,5657.63645290018,1551.22864726566,542.448908103272,2832.49269333242,6596.06957275149,Growth arrest specific 6,Q14393,600441.0,gene,2621.0,GAS6,ENSG00000183087,bacteria
sp|Q14393|GAS6_HUMAN,sp,Q14393,GAS6,HUMAN,0283361|tr|A0A3R6QVE0|A0A3R6QVE0_9BACT,283361,tr,A0A3R6QVE0,A0A3R6QVE0,LALRAG,348,353,LALRAG,374,379,VLFSDLALRAGMCGIQ,6,,,,,,,,,,,,very_weak,,,,,,,,,very_weak,,,,,,,,,,,,,,,,,,,,,,,,,,,,,,,,,,,,,,,,,,,,,,,,,,,,,,,,,,,,,,,very_weak,58.995,53.52,42.98,16.165,55.095,50.540000000000006,19.655,60.88,51.775000000000006,40.725,53.945,54.565,54.42999999999999,47.155,53.835,29.19,49.27,50.36,54.5,43.385,55.77,39.485,61.1,54.515,46.13,3277.89845337947,648.571155507817,847.674158439009,317.360644507768,781.925235555346,2405.21146065756,232.987000491973,993.832513688114,596.604164460793,554.657156203925,3479.82420476568,1332.78060840866,3998.6268269687,611.696791146209,2064.55902137536,69.7036572760378,889.207444886253,1860.61322823771,1834.70497741985,395.001855517993,1147.97300360754,213.481041859077,943.014775108133,1009.01229391907,Growth arrest specific 6,Q14393,600441.0,gene,2621.0,GAS6,ENSG00000183087,bacteria
sp|Q14393|GAS6_HUMAN,sp,Q14393,GAS6,HUMAN,0283361|tr|A0A3R6N390|A0A3R6N390_9BACT,283361,tr,A0A3R6N390,A0A3R6N390,KIAVAG,402,407,KIAVAG,259,264,QLDPDKIAVAGGSAGG,6,,,,,,,,,,,,,,,,,,,,,very_weak,,,,,,,,weak,very_weak,,,,,,,,,,,,,,,,,,,,,,,,,,,,,,,,,,,,,,,,,,very_weak,,,,,,,,,,,weak,very_weak,75.0,50.385000000000005,33.485,30.135,39.17,45.04,14.62,46.6,52.79,4.375,33.68,88.775,48.03,81.875,78.09,20.22,25.315,84.33500000000001,59.015,38.615,83.525,16.41,26.695,61.355,46.44499999999999,17484.6815222282,4407.54653645963,3155.09783194057,3536.11090151524,5004.90348673598,9433.86297139246,1892.75574831377,5563.72595808828,3887.37074142248,107.079416625896,12238.3617774353,17562.6077952374,6030.83929828465,13945.3833487253,18638.4521482976,455.367883840148,2029.74052192972,20262.3862796155,12736.0364315267,2587.27813470057,13915.0882260692,1887.33653377516,1638.9842413822,7248.38829407048,Growth arrest specific 6,Q14393,600441.0,gene,2621.0,GAS6,ENSG00000183087,bacteria
sp|Q14393|GAS6_HUMAN,sp,Q14393,GAS6,HUMAN,0283361|tr|A0A3R6L1M0|A0A3R6L1M0_9BACT,283361,tr,A0A3R6L1M0,A0A3R6L1M0,LSVALV,535,540,LSVALV,29,34,SLSVGLSVALVLIAKI,6,,,,,,,,,,,,,,,,,,,,,,,weak,very_weak,,,,,,,,,,,,,,,,,,,,,,,,,,,,,,very_weak,,,,,,,,,,,,,,,,,,,,,very_weak,,,,,,,,weak,very_weak,40.4,32.515,48.32,35.24,32.36,39.95,36.185,7.555000000000001,28.875,20.645,31.92,49.015,50.56,35.835,53.82,17.335,23.86,40.155,30.065,43.875,44.515,51.41,15.085,45.815,55.135,2156.8529645994,506.507832307752,1166.4785382592,2203.00977417173,314.322655669524,2603.00223779682,1946.25221815826,52.7467859228741,135.184378682029,337.352128066368,2066.70459028547,1116.16512824973,3513.19128033451,569.23651444579,2633.91113165194,43.1474291551427,308.938070658448,1387.86399771665,749.965529213171,1324.70093882499,1057.66071912628,1149.96205493842,168.387908005294,955.214428089289,Growth arrest specific 6,Q14393,600441.0,gene,2621.0,GAS6,ENSG00000183087,bacteria
sp|Q14393|GAS6_HUMAN,sp,Q14393,GAS6,HUMAN,0283361|tr|A0A3R6NDT2|A0A3R6NDT2_9BACT,283361,tr,A0A3R6NDT2,A0A3R6NDT2,INKYGS,96,101,INKYGS,545,550,FFLGAINKYGSNFEDN,6,,,,,,,,,very_weak,,,,,weak,very_weak,,,,,,,,,,,,,,,,,,,,,,,,,,,,,,,,,,,,,,,,,,,,,,,,,,,very_weak,,,,,,,,,,,,very_weak,,,very_weak,,weak,very_weak,21.275,42.095,12.91,47.835,6.640000000000001,35.1,40.545,23.85,29.405,40.41,56.155,34.045,46.405,46.105,37.525,26.635,38.68,32.06,27.21,16.330000000000002,38.515,21.495,23.955,11.62,10.5,3274.74348670615,889.092000052109,280.472852861652,4218.66923521266,327.816782634301,1583.53386069127,4295.49638444474,421.372397824652,817.932836864669,471.216555795506,5796.93354589141,1609.07812574797,3521.03047522841,1742.94516289332,2885.29311907717,61.0695548405262,835.554177159103,2952.0490048485,1657.40564590045,175.995472196227,1355.8780484832,244.518988914018,245.218436686303,332.057703450286,Growth arrest specific 6,Q14393,600441.0,gene,2621.0,GAS6,ENSG00000183087,bacteria
sp|Q14393|GAS6_HUMAN,sp,Q14393,GAS6,HUMAN,0283361|tr|A0A416A5D5|A0A416A5D5_9BACT,283361,tr,A0A416A5D5,A0A416A5D5,KVNRDA,394,399,KVNRDA,168,173,AFMLAKVNRDAVYADF,6,,,,,weak,very_weak,,weak,very_weak,,weak,very_weak,,,very_weak,,,very_weak,,weak,very_weak,,,very_weak,,weak,very_weak,,,very_weak,,,very_weak,,,,,,,,,very_weak,,,,,,very_weak,,,very_weak,,,,,,,,,,,weak,very_weak,,weak,very_weak,,,,,,very_weak,,weak,very_weak,,weak,very_weak,,weak,very_weak,,weak,very_weak,22.185,4.0,4.83,6.065,17.07,12.755,5.125,14.905,8.41,17.215,17.75,35.675,12.63,24.1,17.96,22.64,31.12,29.855,7.425,9.98,29.535,10.235,8.0,2.655,6.25,1336.83890440064,126.287565154427,104.988026970535,385.889940528871,318.106648416049,261.682772980697,345.239480173577,79.589456677663,123.399725093708,363.100671588979,1865.16849690676,1325.40344058302,1162.67320492176,736.488260370216,1590.90121110769,37.8056757985846,543.624014467007,1696.83524264915,664.640344781019,45.3472954489805,816.959932229092,98.8070539227712,49.2221053011212,16.0123136471617,Growth arrest specific 6,Q14393,600441.0,gene,2621.0,GAS6,ENSG00000183087,bacteria
sp|Q14393|GAS6_HUMAN,sp,Q14393,GAS6,HUMAN,0283361|tr|A0A3R6NCI5|A0A3R6NCI5_9BACT,283361,tr,A0A3R6NCI5,A0A3R6NCI5,PEGILL,330,335,PEGILL,81,86,IAKERPEGILLAFGGQ,6,,,,,,,,,,,,,,,,,,,,,,,,,,,,,,,,,,,,,,,,,,very_weak,,,,,,,,,,,,,,weak,very_weak,,,,,,,,,,,,,,,,,,,,,,,,,,weak,very_weak,49.02,37.865,53.040000000000006,69.885,73.005,68.255,64.42,68.06,68.38,23.42,42.46,63.335,18.175,53.065,55.665,49.37,7.25,65.27000000000001,65.5,42.095,50.9,24.595,66.91499999999999,59.915,60.015,5453.17131144895,1298.43451270032,3212.38224834667,7043.35830141019,4867.17614072037,10375.4658907087,6610.50167646071,3121.17815880785,3445.39446105874,1240.36101137022,6219.77278321559,4376.23147331039,1846.55448382024,3113.62273621308,5508.73747603119,535.607867284483,333.866191377173,6781.3988758805,5485.77857178862,1985.27983105306,2472.01474340431,825.659626416445,2227.28853030849,3493.59396489183,Growth arrest specific 6,Q14393,600441.0,gene,2621.0,GAS6,ENSG00000183087,bacteria
sp|Q14393|GAS6_HUMAN,sp,Q14393,GAS6,HUMAN,0283361|tr|A0A415ZZI1|A0A415ZZI1_9BACT,283361,tr,A0A415ZZI1,A0A415ZZI1,DLDEAA,654,659,DLDEAA,188,193,DAFFRDLDEAAGILHE,6,,,very_weak,,,,,,,,weak,very_weak,,,,,,very_weak,,,very_weak,,,,,,,,,,,,very_weak,,,,,,,,weak,very_weak,,,,,,,,weak,very_weak,,,,,,,,,,,,,strong,weak,very_weak,,,,,,,,,,,weak,very_weak,,,,strong,weak,very_weak,13.205,35.21,22.725,2.91,46.08,10.3,13.305,40.755,38.665,46.705,10.67,52.7,7.77,35.42,33.730000000000004,22.195,45.995000000000005,37.98,45.635000000000005,1.3250000000000002,37.84,33.485,29.245,7.615,21.495,847.536594905585,1582.88292207708,2015.55934378618,108.121378622309,3681.97833773078,1287.3275641812,551.449786250567,1465.41028137812,1009.11055430695,2286.15513331227,2430.53493382217,3708.12491275542,538.997122971883,2418.57264877425,3868.02913302525,257.534107459694,1945.66268297412,3884.55370981576,5082.88794098762,53.5593929555083,1724.63632315996,1845.49588393981,673.982113969551,329.991120762125,Growth arrest specific 6,Q14393,600441.0,gene,2621.0,GAS6,ENSG00000183087,bacteria
sp|Q14393|GAS6_HUMAN,sp,Q14393,GAS6,HUMAN,0283361|tr|A0A3R6LLL2|A0A3R6LLL2_9BACT,283361,tr,A0A3R6LLL2,A0A3R6LLL2,VAGDLF,405,410,VAGDLF,14,19,KDISYVAGDLFSEALV,6,,weak,very_weak,,,very_weak,,,,,,very_weak,,,very_weak,,,,,,,,,very_weak,,,,,,very_weak,,,,,weak,very_weak,,,,,weak,very_weak,,weak,very_weak,,,very_weak,,weak,very_weak,,,,,,,,weak,very_weak,,weak,very_weak,,,,,weak,very_weak,,,,,,very_weak,,,very_weak,,,,,weak,very_weak,7.870000000000001,12.75,52.61,11.81,15.31,43.885,34.385,16.345,44.46,12.94,33.54,5.755000000000001,7.49,3.48,19.53,24.66,20.455,2.325,7.895,25.115,3.69,31.935,12.955,18.02,56.945,673.726930494174,646.588269754943,3163.57529049132,902.369258271593,634.09682491043,5932.72362955554,1992.53190142715,688.673574394611,1645.95051502477,417.289071074184,4089.72523181058,95.9041916258423,500.509816158323,100.270654698798,915.379176701708,392.887712563091,888.168980786319,81.1520675575857,987.337483463111,926.719830940848,127.763642188747,1001.9734737491,430.608719242429,521.16188992815,Growth arrest specific 6,Q14393,600441.0,gene,2621.0,GAS6,ENSG00000183087,bacteria
sp|Q14393|GAS6_HUMAN,sp,Q14393,GAS6,HUMAN,0283361|tr|A0A415ZQ41|A0A415ZQ41_9BACT,283361,tr,A0A415ZQ41,A0A415ZQ41,VEPAAA,673,678,VEPAAA,1528,1533,TLIATVEPAAAGGVKW,6,,,,,,very_weak,,,very_weak,,,,,,,,,,,,,,,very_weak,,,,strong,weak,very_weak,,,very_weak,,,,,,,,weak,very_weak,,,,,,,,weak,very_weak,,,very_weak,,weak,very_weak,,,,,,,,,very_weak,,,,,weak,very_weak,,weak,very_weak,,,,,,,strong,weak,very_weak,42.225,12.295000000000002,11.0,50.325,27.465000000000003,26.200000000000003,37.195,17.369999999999997,32.025000000000006,1.525,14.489999999999998,56.245,5.27,43.325,55.31,11.83,4.234999999999999,51.45,24.32,13.920000000000002,51.995000000000005,7.274999999999999,6.575,23.875,35.925,5838.66743438755,656.095005954524,392.794202618165,8327.7798435981,1749.08489259818,4413.51165391622,5383.58362984108,939.409746889579,1277.35175494549,47.8489463173332,3441.51968749174,6404.43075649707,1217.14888295911,4430.49664512101,9441.52150128573,126.161918582467,230.145802399532,9042.20398813249,2779.15460876355,709.019773133648,4679.11172004072,297.64108313414,311.303643623808,1181.60746490638,Growth arrest specific 6,Q14393,600441.0,gene,2621.0,GAS6,ENSG00000183087,bacteria
sp|Q14393|GAS6_HUMAN,sp,Q14393,GAS6,HUMAN,0283361|tr|A0A416AE97|A0A416AE97_9BACT,283361,tr,A0A416AE97,A0A416AE97,VLERHL,610,615,VLERHL,909,914,FNGGKVLERHLDRWTP,6,,,,,,,,,,,,,,,,,,,,,,,,,,,,,,,,,,,,,,,,,,,,,,,,,,,,,,,,,,,,,,,,,,,,,,,,,,,,,,,,,,,,,44.62,23.705,43.97,67.775,33.03,69.08,31.6,76.97,50.065,49.815,76.17500000000001,65.88499999999999,81.97999999999999,66.33500000000001,39.85,72.185,60.165,72.51,38.795,67.375,65.745,45.08,72.12,60.195,20.06,4511.9624590373,929.722729708974,3009.3890145241,8350.06547803135,2019.20455623857,11462.9003945308,3022.60512331092,4343.16478386564,3830.46294538285,566.226584046954,13046.3642875322,6898.17590237949,7904.51997163708,5849.8597846256,6220.3111790165,1559.57586457786,2654.79729124911,9675.76147231701,3783.17863079899,4045.58251863076,4903.80790787142,931.686382284656,2859.86927924355,3456.25957239958,Growth arrest specific 6,Q14393,600441.0,gene,2621.0,GAS6,ENSG00000183087,bacteria
sp|Q14393|GAS6_HUMAN,sp,Q14393,GAS6,HUMAN,0283361|tr|A0A3R6LW10|A0A3R6LW10_9BACT,283361,tr,A0A3R6LW10,A0A3R6LW10,VEELAR,384,389,VEELAR,192,197,PKVKNVEELARECAMS,6,,,,,,,,,,,,,,,,,,,,,,,,,,,,,,,,,,,,,,,,,,,,,,,,,,,,,,,,,,,,,,,,,,,,,,,,,,,,,,,,,very_weak,,,very_weak,60.23,41.18000000000001,30.1,61.235,38.56,65.11500000000001,22.595,64.055,45.865,62.055,40.94,56.85,51.11,48.655,20.295,53.97,43.4,62.89,26.525,62.145,24.075,39.59,70.575,71.8,15.625,8239.67625100221,1688.3561052898,2128.66143535697,9207.17248457052,3801.19102992887,13078.3052054952,3201.7294707043,5394.31215503195,4250.55812097027,4342.41297566248,8164.5982459281,5159.35146446244,3420.9893951449,3204.05132638939,3834.2777616405,1513.46214507396,2718.83715819494,6552.11127244526,3547.95300661414,4430.88015764997,2089.63942506998,1752.85496732022,3666.27583165609,4885.74842700563,Growth arrest specific 6,Q14393,600441.0,gene,2621.0,GAS6,ENSG00000183087,bacteria
sp|Q14393|GAS6_HUMAN,sp,Q14393,GAS6,HUMAN,0283361|tr|A0A416A7H7|A0A416A7H7_9BACT,283361,tr,A0A416A7H7,A0A416A7H7,YKHSDI,660,665,YKHSDI,522,527,VQVAGYKHSDIKDIHN,6,,,very_weak,,,,,,,,,very_weak,,weak,very_weak,,,,,,,,weak,very_weak,,,,,,,,,,,,,,,,,,,,,,,,,,,,,,,,,,,,,,,,,,,,,,,weak,very_weak,,weak,very_weak,,,,,,,,weak,very_weak,18.745,50.795,39.435,18.035,9.605,20.225,38.42,4.005,30.660000000000004,24.215,36.3,23.35,57.3,30.97,36.67,24.92,42.215,27.745,29.71,32.265,31.88,4.89,3.4450000000000003,35.76,38.785,3117.49934887979,2966.64986940775,2964.69250729073,2421.76730402211,477.62775323892,4239.25960035397,5385.97237607012,154.326995830517,1639.37442363317,1621.99559264011,10108.8530921553,2518.88574445227,6893.17705332744,3726.70726151016,6713.64921435221,465.621341482237,4461.81379094588,5320.40738483596,4045.01351867217,2136.62220162768,3225.30310888354,717.982487078661,174.956933583318,1854.24249890394,Growth arrest specific 6,Q14393,600441.0,gene,2621.0,GAS6,ENSG00000183087,bacteria
sp|Q14393|GAS6_HUMAN,sp,Q14393,GAS6,HUMAN,0283361|tr|A0A415ZTU4|A0A415ZTU4_9BACT,283361,tr,A0A415ZTU4,A0A415ZTU4,DLFQPE,408,413,DLFQPE,232,237,IRFSLDLFQPEITVYA,6,,weak,very_weak,,,,,,,,,very_weak,,,very_weak,,,,,,,,,,,,,,,,,,,,weak,very_weak,,,,,,,,weak,very_weak,,,very_weak,,,,,,very_weak,,,,strong,weak,very_weak,,,,,weak,very_weak,strong,weak,very_weak,,,,,,,,,very_weak,,,,strong,weak,very_weak,8.75,28.975,39.55,10.165,10.735,30.42,28.775,27.185,45.44,63.37,37.400000000000006,4.98,20.7,3.75,11.63,16.375,54.595,1.14,37.37,8.605,1.56,28.4,23.615,11.915,42.255,166.564995578264,312.096186330083,1025.24447723656,230.706763413173,146.500752841511,1917.0138982828,1046.70901847243,373.129046782604,803.642732520597,2463.25739035287,2282.25023274251,58.6755759331989,1030.83942597644,46.1891148295833,292.92234186903,54.7393166682005,1143.1143556686,24.514043122784,1224.50632046407,101.019855268042,47.5913026809653,291.140268717092,263.39850831394,139.46468232052,Growth arrest specific 6,Q14393,600441.0,gene,2621.0,GAS6,ENSG00000183087,bacteria
sp|Q14393|GAS6_HUMAN,sp,Q14393,GAS6,HUMAN,0283361|tr|A0A415ZTQ4|A0A415ZTQ4_9BACT,283361,tr,A0A415ZTQ4,A0A415ZTQ4,LLLLLA,19,24,LLLLLA,12,17,TGILALLLLLAGCDKA,6,,,,,,,,,,,,,,,,,,,,,,,,,,,,,,,,,,,,,,,,,,,,,,,,,,,,,,,,,,,,,,,,,,,,,,,,,,,,,,,,,,,,,48.67999999999999,33.84,44.67,71.11,49.195,64.145,65.225,63.965,68.065,76.77,62.07000000000001,63.115,66.995,56.615,58.915,44.08,66.36,52.29,42.290000000000006,47.04,62.945,58.08,60.45,28.06,45.51,1978.61068856988,301.563399196721,969.374235981432,5861.7077793556,500.710226264795,5644.00210310266,4318.98443290405,1276.88193883248,2170.73610079091,3761.46474671053,6484.33664878427,2464.91036244633,5262.98122442748,1271.87671911696,3245.92311420386,107.384555941254,2057.26737896992,2795.19789112885,732.237353368449,941.006883250626,1914.58865883337,2057.64581978085,953.520956852802,218.07078587238,Growth arrest specific 6,Q14393,600441.0,gene,2621.0,GAS6,ENSG00000183087,bacteria
sp|Q14393|GAS6_HUMAN,sp,Q14393,GAS6,HUMAN,0283361|tr|A0A416A5D5|A0A416A5D5_9BACT,283361,tr,A0A416A5D5,A0A416A5D5,VNRDAV,395,400,VNRDAV,169,174,FMLAKVNRDAVYADFN,6,,,,,,very_weak,,,very_weak,,weak,very_weak,,,,,,,,weak,very_weak,,,,,,very_weak,,,,,,,,,,,,,,,very_weak,,,,,,,,weak,very_weak,,,,,,,,,,,,very_weak,,,very_weak,,,,,,,,,,,,very_weak,,,very_weak,,weak,very_weak,22.44,10.7,17.225,6.065,33.17,20.745,5.125,38.53,15.045,29.9,24.1,48.995,12.17,46.33,36.555,44.525,37.03,45.435,14.12,16.765,36.07,28.91,36.91,11.78,15.66,1900.5332999713,211.24309256045,263.57526222744,385.889940528871,610.229264292814,632.822001725495,345.239480173577,331.382945294861,139.112028334296,883.40573292871,4191.46160058572,2241.77057108739,1392.99404149307,1791.43193266747,2897.43125359536,124.148339853697,1124.95513701366,3079.54913242679,801.463189140658,260.625987869931,1592.89919568661,170.411368592503,263.19339444948,127.009716680988,Growth arrest specific 6,Q14393,600441.0,gene,2621.0,GAS6,ENSG00000183087,bacteria
sp|Q14393|GAS6_HUMAN,sp,Q14393,GAS6,HUMAN,0283361|tr|A0A3R6MEH9|A0A3R6MEH9_9BACT,283361,tr,A0A3R6MEH9,A0A3R6MEH9,RLVAEF,318,323,RLVAEF,75,80,NTLSRRLVAEFGNGFT,6,,,,,,,,,,,weak,very_weak,,,,,,,,,very_weak,,,,,,,,,,,,very_weak,,,,,,,,,,,,,,,,,,,,,very_weak,,,,,,,,,very_weak,,,,,,,,,,,,,,,,,,,,weak,very_weak,36.24,38.57,37.18,5.795,20.41,27.130000000000003,14.285,25.61,21.305,50.59,15.715,34.55,46.89,31.035,24.295,14.955000000000002,26.305,29.125,12.895,24.28,27.085,29.36,28.335,27.895000000000003,39.370000000000005,2410.31754845161,621.08015550065,1177.47246421137,309.872076658053,390.873687409489,2646.79529047349,1017.24457924168,668.534992323418,187.144706634351,2479.89077917937,2879.36774767995,1143.26278423076,3522.36411464954,1121.56433504599,1936.86201023878,100.168725353957,990.065351915526,1692.37977278022,691.922527657098,643.238922663938,924.866709144553,549.757882740893,518.456645719596,713.776606895239,Growth arrest specific 6,Q14393,600441.0,gene,2621.0,GAS6,ENSG00000183087,bacteria
