human_id,database,protein,gene,species,pathogen_id,pathogen_species,database_pathogen,pathogen_protein,pathogen_gene,human_seq,human_start,human_end,pathogen_seq,pathogen_start,pathogen_end,extended_pathogen_seq,pathogen_length,binding_rank_strong_HLA_DQA10101_DQB10501,binding_rank_weak_HLA_DQA10101_DQB10501,binding_rank_very_weak_HLA_DQA10101_DQB10501,binding_rank_strong_DRB4_0101,binding_rank_weak_DRB4_0101,binding_rank_very_weak_DRB4_0101,binding_rank_strong_DRB1_0802,binding_rank_weak_DRB1_0802,binding_rank_very_weak_DRB1_0802,binding_rank_strong_DRB3_0101,binding_rank_weak_DRB3_0101,binding_rank_very_weak_DRB3_0101,binding_rank_strong_DRB1_1501,binding_rank_weak_DRB1_1501,binding_rank_very_weak_DRB1_1501,binding_rank_strong_DRB3_0202,binding_rank_weak_DRB3_0202,binding_rank_very_weak_DRB3_0202,binding_rank_strong_DRB1_0301,binding_rank_weak_DRB1_0301,binding_rank_very_weak_DRB1_0301,binding_rank_strong_DRB1_0701,binding_rank_weak_DRB1_0701,binding_rank_very_weak_DRB1_0701,binding_rank_strong_DRB1_1302,binding_rank_weak_DRB1_1302,binding_rank_very_weak_DRB1_1302,binding_rank_strong_HLA_DQA10501_DQB10301,binding_rank_weak_HLA_DQA10501_DQB10301,binding_rank_very_weak_HLA_DQA10501_DQB10301,binding_rank_strong_HLA_DPA10201_DPB11401,binding_rank_weak_HLA_DPA10201_DPB11401,binding_rank_very_weak_HLA_DPA10201_DPB11401,binding_rank_strong_HLA_DPA10103_DPB10201,binding_rank_weak_HLA_DPA10103_DPB10201,binding_rank_very_weak_HLA_DPA10103_DPB10201,binding_rank_strong_DRB5_0101,binding_rank_weak_DRB5_0101,binding_rank_very_weak_DRB5_0101,binding_rank_strong_HLA_DQA10301_DQB10302,binding_rank_weak_HLA_DQA10301_DQB10302,binding_rank_very_weak_HLA_DQA10301_DQB10302,binding_rank_strong_HLA_DPA10301_DPB10402,binding_rank_weak_HLA_DPA10301_DPB10402,binding_rank_very_weak_HLA_DPA10301_DPB10402,binding_rank_strong_HLA_DPA10201_DPB10501,binding_rank_weak_HLA_DPA10201_DPB10501,binding_rank_very_weak_HLA_DPA10201_DPB10501,binding_rank_strong_HLA_DQA10501_DQB10201,binding_rank_weak_HLA_DQA10501_DQB10201,binding_rank_very_weak_HLA_DQA10501_DQB10201,binding_rank_strong_DRB1_0101,binding_rank_weak_DRB1_0101,binding_rank_very_weak_DRB1_0101,binding_rank_strong_HLA_DQA10102_DQB10602,binding_rank_weak_HLA_DQA10102_DQB10602,binding_rank_very_weak_HLA_DQA10102_DQB10602,binding_rank_strong_HLA_DPA10103_DPB10401,binding_rank_weak_HLA_DPA10103_DPB10401,binding_rank_very_weak_HLA_DPA10103_DPB10401,binding_rank_strong_DRB1_1201,binding_rank_weak_DRB1_1201,binding_rank_very_weak_DRB1_1201,binding_rank_strong_DRB1_0401,binding_rank_weak_DRB1_0401,binding_rank_very_weak_DRB1_0401,binding_rank_strong_HLA_DPA10201_DPB10101,binding_rank_weak_HLA_DPA10201_DPB10101,binding_rank_very_weak_HLA_DPA10201_DPB10101,binding_rank_strong_HLA_DQA10401_DQB10402,binding_rank_weak_HLA_DQA10401_DQB10402,binding_rank_very_weak_HLA_DQA10401_DQB10402,binding_rank_strong_DRB1_0901,binding_rank_weak_DRB1_0901,binding_rank_very_weak_DRB1_0901,binding_rank_strong_DRB1_0405,binding_rank_weak_DRB1_0405,binding_rank_very_weak_DRB1_0405,binding_rank_strong_DRB1_1101,binding_rank_weak_DRB1_1101,binding_rank_very_weak_DRB1_1101,binding_rank_strong,binding_rank_weak,binding_rank_very_weak,Rank_average_HLA_DQA10101_DQB10501,Rank_average_DRB4_0101,Rank_average_DRB1_0802,Rank_average_DRB3_0101,Rank_average_DRB1_1501,Rank_average_DRB3_0202,Rank_average_DRB1_0301,Rank_average_DRB1_0701,Rank_average_DRB1_1302,Rank_average_HLA_DQA10501_DQB10301,Rank_average_HLA_DPA10201_DPB11401,Rank_average_HLA_DPA10103_DPB10201,Rank_average_HLA_DQA10301_DQB10302,Rank_average_HLA_DPA10301_DPB10402,Rank_average_HLA_DPA10201_DPB10501,Rank_average_DRB1_0101,Rank_average_HLA_DQA10102_DQB10602,Rank_average_HLA_DPA10103_DPB10401,Rank_average_DRB1_1201,Rank_average_DRB1_0401,Rank_average_HLA_DPA10201_DPB10101,Rank_average_HLA_DQA10401_DQB10402,Rank_average_DRB1_0901,Rank_average_DRB1_0405,Rank_average_DRB1_1101,nM_HLA_DQA10101_DQB10501,nM_DRB4_0101,nM_DRB1_0802,nM_DRB3_0101,nM_DRB1_1501,nM_DRB3_0202,nM_DRB1_0301,nM_DRB1_0701,nM_DRB1_1302,nM_HLA_DQA10501_DQB10301,nM_HLA_DPA10201_DPB11401,nM_HLA_DPA10103_DPB10201,nM_HLA_DQA10301_DQB10302,nM_HLA_DPA10301_DPB10402,nM_HLA_DPA10201_DPB10501,nM_DRB1_0101,nM_HLA_DQA10102_DQB10602,nM_HLA_DPA10103_DPB10401,nM_DRB1_1201,nM_DRB1_0401,nM_HLA_DPA10201_DPB10101,nM_HLA_DQA10401_DQB10402,nM_DRB1_0901,nM_DRB1_0405,Gene description,Uniprot,# MIM Number,MIM Entry Type,Entrez Gene ID,HGNC,Ensembl Gene ID,type
sp|Q16831|UPP1_HUMAN,sp,Q16831,UPP1,HUMAN,0001259|tr|Q1GBR4|Q1GBR4_LACDA,1259,tr,Q1GBR4,Q1GBR4,VGAELG,72,77,VGAELG,655,660,GDEHPVGAELG,6,,,,,,,,,,,,,,,,,,,,,,,,,,,,,,,,,,,,,,,,,,,,,,,,,,,,,,,,,,,,,,,,,,,,,,,,,,,,,,,,,,,,,95.0,95.0,95.0,95.0,95.0,95.0,95.0,95.0,95.0,69.565,95.0,95.0,57.975,95.0,95.0,94.28,85.235,95.0,95.0,95.0,95.0,91.82,95.0,95.0,95.0,31323.5605753091,33840.0632872414,35313.4712018224,35784.2524240349,34210.4140424144,38711.8621580054,39819.3601826179,29914.4969761897,35824.9291817353,11452.1152059413,38186.0348538048,31931.6376583865,5946.47636659778,33808.5897221599,36433.9565301604,24479.6436365839,17936.5080779756,34436.5791515924,37336.2509566172,32720.6610326685,31460.4411175273,17984.3126536346,28400.8506053316,32166.0472994162,Uridine phosphorylase 1,Q16831,191730.0,gene,7378.0,UPP1,ENSG00000183696,bacteria
sp|Q16831|UPP1_HUMAN,sp,Q16831,UPP1,HUMAN,0001259|sp|Q1G8Z0|SYC_LACDA,1259,sp,Q1G8Z0,SYC,ANAEKA,6,11,ANAEKA,386,391,AVNSNANAEKADKESL,6,,,,,,,,,,,,,,,,,,,,,,,,,,,,,,very_weak,,,,,,,,,,,,very_weak,,,,,,,,,,,,,,weak,very_weak,,,,,,,,,,,,,,,,,,,,,,,,,,weak,very_weak,57.725,57.22,70.51,66.93,76.67500000000001,22.045,39.55,77.095,37.49,12.19,65.19,87.19,19.75,86.935,79.61,67.95,3.26,84.47,80.475,58.155,79.41999999999999,25.605,71.765,67.495,65.59,15259.323688378,10747.9651409718,9676.91312638168,12994.0993537317,11770.0633774776,3631.4548119707,7079.87988309299,11258.1241778819,2156.66627931214,599.587410894651,20927.0310149434,19186.2008137505,2726.96844462216,19269.4169354256,20170.0802018655,4373.91194537692,313.42609877006,22300.2313076811,17751.1660380618,6670.49494912917,15628.0903162509,3131.39351704396,8198.32492792384,11735.4752410241,Uridine phosphorylase 1,Q16831,191730.0,gene,7378.0,UPP1,ENSG00000183696,bacteria
sp|Q16831|UPP1_HUMAN,sp,Q16831,UPP1,HUMAN,0001259|tr|Q1G8D7|Q1G8D7_LACDA,1259,tr,Q1G8D7,Q1G8D7,IAKMKE,26,31,IAKMKE,220,225,MNAEFIAKMKEGAVLV,6,,,,,,,strong,weak,very_weak,,,,,weak,very_weak,,,very_weak,,,,,,,,weak,very_weak,,,,,,,,,,,,very_weak,,,,,,,,,very_weak,,,,,,very_weak,,,,,,,strong,weak,very_weak,,,,,,,,weak,very_weak,,,very_weak,,,,strong,weak,very_weak,strong,weak,very_weak,43.015,22.375,1.23,38.175,7.17,19.56,24.925,27.485,4.11,53.95,27.34,21.985,57.085,32.69,17.84,10.7,20.805,34.02,1.6949999999999998,24.695,33.21,6.140000000000001,19.91,34.050000000000004,0.5800000000000001,4860.22974915041,554.555144039361,167.019768758359,4281.48344288048,216.730022344374,2675.44377348548,2803.89124372856,528.052617740713,250.105959789818,2011.0283998891,2551.11336682688,1909.45811996307,4631.91391962534,1475.97618553959,2133.64208843368,58.3135592883468,1034.03425441028,3579.06781773838,240.973331450354,1041.16310954879,1406.32064508701,268.968313046785,345.172249257253,1213.71654927552,Uridine phosphorylase 1,Q16831,191730.0,gene,7378.0,UPP1,ENSG00000183696,bacteria
sp|Q16831|UPP1_HUMAN,sp,Q16831,UPP1,HUMAN,0001259|sp|Q1GB50|RNY_LACDA,1259,sp,Q1GB50,RNY,AELGLD,74,79,AELGLD,379,384,AGTMAAELGLDEKLAV,6,,,,,,,,,,,weak,very_weak,,,,,,,strong,weak,very_weak,,,,,,,,,,,,,,,,,,,,,very_weak,,,,,,,,,,,,,,,,,,,,,,,,,,,,,,,,,,,,,,,,strong,weak,very_weak,37.89,51.715,76.12,6.109999999999999,70.52000000000001,66.89500000000001,1.345,70.595,41.285,33.565,54.465,62.260000000000005,11.435,31.93,58.995,62.825,30.66,39.465,54.85,52.89,28.69,51.675,52.855,23.935,70.955,2009.67980162979,1765.2259945279,6455.91453279724,240.481059409283,4760.97459004917,9437.84463132952,61.8957564557548,4368.94566741159,1711.88282699148,1036.29670622858,9267.53974134905,4225.47583515944,781.78142440117,1976.53518938851,5406.87529310676,1133.15211073994,1051.43090352388,3827.43867242664,4755.72319402098,2383.57940665183,1391.26185240765,2279.09165993805,2069.50164200736,1034.1461406768,Uridine phosphorylase 1,Q16831,191730.0,gene,7378.0,UPP1,ENSG00000183696,bacteria
sp|Q16831|UPP1_HUMAN,sp,Q16831,UPP1,HUMAN,0001259|tr|Q1GBC0|Q1GBC0_LACDA,1259,tr,Q1GBC0,Q1GBC0,KTDLNK,179,184,KTDLNK,72,77,DLGDKKTDLNKIRRNV,6,,,,,,,,,,,,,,,,,,,,,very_weak,,,,,,,,,,,,,,,,,,,,,,,,,,,,,,,,,,,,,,,,,,,,,,,,,,,,,,,,,,,,,,,very_weak,74.77000000000001,48.03,64.39,44.235,74.605,22.955,18.58,49.075,38.2,82.845,57.83,71.04499999999999,87.48,72.47,48.775000000000006,75.285,46.345,68.565,60.35,74.195,65.71000000000001,37.77,73.11,79.555,46.045,20126.9157667453,2607.96380805669,4813.70437183994,6293.49219516173,6236.88961976357,3367.37304920765,2061.7017273396,3186.48873704713,1794.12818225935,7411.11814678932,13953.0806560027,9764.31286068429,15368.5150526444,10230.10638632,8915.42692023631,2801.43498421235,5099.63416588864,13883.206473203,8282.49065592823,5821.38364110965,7905.46080431268,2046.32282066444,5376.07472695964,7924.81544361643,Uridine phosphorylase 1,Q16831,191730.0,gene,7378.0,UPP1,ENSG00000183696,bacteria
sp|Q16831|UPP1_HUMAN,sp,Q16831,UPP1,HUMAN,0001259|sp|Q1G9F8|PURL_LACDA,1259,sp,Q1G9F8,PURL,KAESHN,10,15,KAESHN,95,100,QAVVFKAESHNHPTAV,6,,,,,,,,weak,very_weak,,,very_weak,,,,,weak,very_weak,,,,,,,,,very_weak,,,,,,,,,,,weak,very_weak,,,,,,,,,,,,,,,very_weak,,,,,,,,,,,weak,very_weak,,,,,weak,very_weak,,,very_weak,,,very_weak,,weak,very_weak,,weak,very_weak,53.295,27.12,7.305,13.87,22.97,7.805,23.69,20.46,14.965,36.195,33.8,38.39,57.88,38.085,32.01,16.314999999999998,46.295,39.89,38.225,6.96,38.3,2.36,14.225,18.415,6.065,5891.33724110591,1242.94041244121,612.630701082021,1871.21230000097,1464.55433907795,1219.2709850062,3231.97534017775,1106.98856789008,705.232562750157,1756.21507764183,8061.45677345117,5041.53530536689,5604.87239048825,4489.36747106147,5958.7779284554,168.986559354427,3643.53736953347,7093.52830781455,5062.08724071519,270.441975060134,3209.98489215404,321.574137797207,664.173077135568,851.839112913363,Uridine phosphorylase 1,Q16831,191730.0,gene,7378.0,UPP1,ENSG00000183696,bacteria
sp|Q16831|UPP1_HUMAN,sp,Q16831,UPP1,HUMAN,0001259|tr|Q1GC09|Q1GC09_LACDA,1259,tr,Q1GC09,Q1GC09,KKLSKA,305,310,KKLSKA,264,269,SSSFRKKLSKAFESLR,6,,,,,,,,,very_weak,,,,,,,,,,,,,,,very_weak,,weak,very_weak,,,,strong,weak,very_weak,,weak,very_weak,,,very_weak,,,,,,very_weak,,weak,very_weak,,,,,,,,,,,weak,very_weak,,,,,,,,weak,very_weak,,weak,very_weak,,,,,,,,,very_weak,strong,weak,very_weak,72.555,39.395,12.989999999999998,41.31,31.285,29.255,33.879999999999995,10.7,6.59,50.615,1.5,2.935,80.555,13.26,2.845,24.445,38.58,6.11,30.455,42.815,7.75,9.505,22.315,47.14,14.835,8467.24554895324,343.50315791704,264.492289905857,3401.72236670693,323.994397224235,1578.07770029808,1614.30957218717,95.4053404168565,274.99785647589,1089.17930223596,161.388335754923,55.9367605582486,8243.5998495699,177.556205168514,188.504255370354,64.9586629365208,1030.01440070571,166.514541724224,1120.48483299632,563.586135059541,136.169398229743,175.404251320403,140.78369056869,737.764346959242,Uridine phosphorylase 1,Q16831,191730.0,gene,7378.0,UPP1,ENSG00000183696,bacteria
sp|Q16831|UPP1_HUMAN,sp,Q16831,UPP1,HUMAN,0001259|tr|Q1G7Y5|Q1G7Y5_LACDA,1259,tr,Q1G7Y5,Q1G7Y5,LNKKLV,182,187,LNKKLV,215,220,EELQPLNKKLVKYENA,6,,,,,,,,,very_weak,,,,,,,,,,,,very_weak,,,,,,very_weak,,,,,,,,,,,,,,,,,,,,,,,,,,,,,,,,,,,weak,very_weak,,,,,,,,,,,,,,,,,weak,very_weak,,weak,very_weak,79.96000000000001,32.015,10.325,51.83,34.145,50.900000000000006,18.365,56.795,12.77,92.44,46.94,32.695,92.9,46.49,21.57,50.845,77.38499999999999,44.265,3.225,70.275,44.595,20.35,64.325,68.985,4.035,15619.4689790503,838.833259616958,841.970327545655,9042.49749682308,965.584855892052,9661.32508874034,2824.810746556,2665.70615949127,928.506339477633,9960.86809452359,9611.59110891788,2917.37520396259,14623.756113298,3458.99055602834,2170.59518406508,633.952764749205,7122.83056694097,5652.74142196905,491.180470274961,4659.76171831583,2365.74831492131,1694.65188219544,2539.60158137603,4284.35653794452,Uridine phosphorylase 1,Q16831,191730.0,gene,7378.0,UPP1,ENSG00000183696,bacteria
sp|Q16831|UPP1_HUMAN,sp,Q16831,UPP1,HUMAN,0644875|tr|A0A934P9F0|A0A934P9F0_9STRE,644875,tr,A0A934P9F0,A0A934P9F0,AESHND,11,16,AESHND,84,89,IVHYAAESHNDNSLND,6,,,very_weak,,,,,,,,,,,,,,,very_weak,,,,,,,,,,,,,,,,,,,,,,,,,,,,,,,,,,,,,,,,,,,,,,,,very_weak,,,,,weak,very_weak,,,,,,very_weak,,,,,weak,very_weak,18.695,34.480000000000004,29.005000000000003,28.63,38.565,16.669999999999998,48.095,38.835,54.35,28.14,36.175,39.66,21.415,36.455,38.155,28.47,46.07,35.46,66.185,14.489999999999998,40.29,5.6850000000000005,28.83,18.82,28.69,2488.330314021,2745.47168312798,3293.0775298239,4401.97049147375,895.696336726699,4213.69685572132,7672.87340013274,2633.76864383387,4809.90379834307,1686.84057188356,12089.9039076384,6181.06362325778,2722.8997661434,5954.13770487863,9151.45517884018,766.164046349388,4172.99930163194,8447.11449964824,7566.76869017318,902.701276138339,4987.60482810147,508.578125881031,1479.46169682926,1079.66373775725,Uridine phosphorylase 1,Q16831,191730.0,gene,7378.0,UPP1,ENSG00000183696,bacteria
sp|Q16831|UPP1_HUMAN,sp,Q16831,UPP1,HUMAN,0644875|tr|A0A934PAF5|A0A934PAF5_9STRE,644875,tr,A0A934PAF5,A0A934PAF5,VGPVLS,100,105,VGPVLS,147,152,GWTPCVGPVLSSVLAI,6,,,,,,,,,,,,,,,,,,,,,,,,very_weak,,,,,,,,,,,,,,,,,,,,,,,,,,,,,,,,,,,,,,,,,,,,,,,,,,,,,,,,,,,,very_weak,70.495,66.58500000000001,66.42,60.53999999999999,49.17,52.5,69.39500000000001,14.645,50.485,28.41,57.05,53.02,51.565,56.495000000000005,68.235,43.22,55.995,57.65,55.89,59.36,62.725,48.015,34.665,54.355,71.22,6418.23522225301,1614.23970781241,2403.10445185259,3932.80719170392,1051.11241679048,4174.26371911459,6241.81773441734,115.879997588678,457.120325004566,171.469300103723,4011.71400219923,985.469767029404,3214.74661195533,1326.00588145377,4944.45881481301,165.437052712505,1185.47476851237,2215.27168049246,2508.76771231294,1641.50432617301,1624.17320756837,502.903716601838,257.386467312733,1373.87959706035,Uridine phosphorylase 1,Q16831,191730.0,gene,7378.0,UPP1,ENSG00000183696,bacteria
sp|Q16831|UPP1_HUMAN,sp,Q16831,UPP1,HUMAN,0644875|tr|A0A934PA89|A0A934PA89_9STRE,644875,tr,A0A934PA89,A0A934PA89,AELGLD,74,79,AELGLD,81,86,YEAAVAELGLDVVAQP,6,,,very_weak,,,very_weak,,,,,,very_weak,,,,,,,,,,,,,,,,,,very_weak,,,,,,,,,,,weak,very_weak,,,very_weak,,,,,weak,very_weak,,,very_weak,,,very_weak,,,,,,,,,,,,,,,,,,,,,,,,,,weak,very_weak,10.065,10.1,63.68,18.455,51.935,57.385000000000005,26.895,44.78,55.22,12.42,37.59,33.17,5.155,17.85,46.255,17.055,15.22,27.535,21.6,46.305,24.77,35.685,39.06,43.685,71.265,1069.20121139184,699.82054823819,3844.24734874783,1004.14404758141,2464.45701781944,8577.89880412389,1711.36428414887,1020.45247770998,1953.82674778642,155.320361041918,4266.91600058209,1096.75953708525,496.115663442947,615.068207282088,4027.84993906132,90.6347766156825,412.204831172333,1621.55691115597,2298.55649389258,1366.3340717749,702.171779185443,1057.80949709763,501.078756827455,1207.05066026202,Uridine phosphorylase 1,Q16831,191730.0,gene,7378.0,UPP1,ENSG00000183696,bacteria
sp|Q16831|UPP1_HUMAN,sp,Q16831,UPP1,HUMAN,0644875|tr|A0A934P8W5|A0A934P8W5_9STRE,644875,tr,A0A934P8W5,A0A934P8W5,KEDILY,30,35,KEDILY,27,32,NHLLWKEDILYTPEDL,6,,,very_weak,,,very_weak,,,,,,very_weak,,,,,,,,,very_weak,,,,,,,,,,,,,,,very_weak,,,,,,,,weak,very_weak,,,very_weak,,,,,,,,,,,,very_weak,,,very_weak,,,,,weak,very_weak,,,,,,,,,,,,,,weak,very_weak,13.305,11.95,39.485,16.405,37.93,49.875,17.58,68.975,26.82,83.495,66.345,15.835,40.925,5.79,15.125,44.760000000000005,62.91,11.83,10.205,28.130000000000003,8.87,55.49,69.695,38.43,48.82,625.517659795937,540.100466472233,2374.80128819874,766.479120670818,985.661711878938,7791.16453837537,1326.55118295324,2897.08642891452,1093.90338900127,7774.57538595694,8968.15453270299,737.413202897443,2273.25490055207,330.30904214825,1798.36500809411,849.335853030306,3769.04223683467,978.489302269193,942.810732970124,1232.22816921612,446.667273783707,2056.77773535635,2256.61533633747,1248.93935386679,Uridine phosphorylase 1,Q16831,191730.0,gene,7378.0,UPP1,ENSG00000183696,bacteria
sp|Q16831|UPP1_HUMAN,sp,Q16831,UPP1,HUMAN,0644875|tr|A0A934PAP2|A0A934PAP2_9STRE,644875,tr,A0A934PAP2,A0A934PAP2,LLNRLE,272,277,LLNRLE,173,178,SNGKQLLNRLELFGIL,6,,,,,,,,,,,,,,,,,,,,,,,,,,,,,,,,,,,,,,,,,,,,,,,,,,,,,,,,,,,,very_weak,,,very_weak,,,,,,,,,,,,,,,,,,,,,very_weak,25.945,39.440000000000005,29.54,23.630000000000003,30.815,31.75,35.325,52.585,26.515,86.19,55.31,32.915,55.010000000000005,21.950000000000003,28.525,47.77,64.775,19.815,11.125,64.35,25.905,50.095,56.535,56.785,33.550000000000004,698.67812435189,269.212879079328,1185.92378362177,726.618101802439,258.052911246867,908.718195226613,1495.37806921577,624.04398266744,159.397837275398,6320.85728738666,3839.75783071028,173.400285870682,3429.10514855644,140.116570183123,660.039552844795,165.100876200509,1877.53975790521,228.985846300475,187.391903186194,1829.13528923093,233.764722897007,1257.61784499602,786.11579207496,898.618153930885,Uridine phosphorylase 1,Q16831,191730.0,gene,7378.0,UPP1,ENSG00000183696,bacteria
sp|Q16831|UPP1_HUMAN,sp,Q16831,UPP1,HUMAN,0644875|tr|A0A934UD38|A0A934UD38_9STRE,644875,tr,A0A934UD38,A0A934UD38,AELSEF,195,200,AELSEF,20,25,GRTIAAELSEFGQEII,6,,,very_weak,,weak,very_weak,,,,,,,,,,,,,,,,,,,,,,,,,,,,,,,,,,,weak,very_weak,,,,,,,,,very_weak,,,very_weak,,,,,,,,,,strong,weak,very_weak,,,,,,,,,,,weak,very_weak,,,,strong,weak,very_weak,17.169999999999998,7.970000000000001,26.315,44.935,32.07,30.32,20.73,53.515,46.745000000000005,23.92,33.105000000000004,34.515,5.9,34.87,48.14,11.36,27.11,39.335,39.08,1.725,34.285,24.385,43.0,9.7,34.44,866.920567352685,499.422502465188,1751.07311639927,3441.44521533755,1347.27929393121,7779.96087801993,2799.52604785505,2295.57404588055,3441.22180854402,1131.55937205461,7423.39686548454,1483.56528396346,689.948925357435,1174.07579526284,3689.19611525552,164.11064439297,1142.32306206365,2198.55693394547,3046.96909942425,137.509304679972,998.240255668759,1233.30856986216,1338.89441372507,466.87747481258,Uridine phosphorylase 1,Q16831,191730.0,gene,7378.0,UPP1,ENSG00000183696,bacteria
sp|Q16831|UPP1_HUMAN,sp,Q16831,UPP1,HUMAN,0644875|tr|A0A934PB71|A0A934PB71_9STRE,644875,tr,A0A934PB71,A0A934PB71,ELSEFT,196,201,ELSEFT,191,196,PSSVGELSEFTRDLTE,6,,,,,,,,,,,,,,,,,,,,,,,,,,,,,,,,,,,,,,,,,,,,,,,,,,,,,,,,,,,,,,,,,,,,,,,,,,,,,,,,,,,,,46.425,29.325000000000003,58.39,63.275000000000006,37.82,79.875,44.12,72.775,57.365,64.325,74.255,48.11,33.24,62.515,48.295,54.815,71.93,51.325,26.745,67.9,48.375,55.345,72.72999999999999,68.595,42.605,4364.64612129043,1602.66669158444,6256.69315022586,7524.96675383024,2693.10199819217,18030.0986124981,6736.71569137007,6224.75472300289,6454.44781659252,3755.03992207002,15226.8331351081,3599.22248349681,1822.81317192165,3995.38332399281,6153.83764450874,1940.99482746753,4972.24855500735,5499.9232440679,4482.03879137889,4640.09008125074,2629.81056675707,3547.41561440789,4714.3790685457,4228.08260547601,Uridine phosphorylase 1,Q16831,191730.0,gene,7378.0,UPP1,ENSG00000183696,bacteria
sp|Q16831|UPP1_HUMAN,sp,Q16831,UPP1,HUMAN,0283361|tr|A0A416ABR8|A0A416ABR8_9BACT,283361,tr,A0A416ABR8,A0A416ABR8,YFIKKK,301,306,YFIKKK,6,11,MRLTNYFIKKKVQSLA,6,,,,,,,strong,weak,very_weak,,,,,,very_weak,,,very_weak,,,,,weak,very_weak,,weak,very_weak,,,,,,,,weak,very_weak,,weak,very_weak,,,,,,,,,very_weak,,,,,,very_weak,,,,,,,,,,,,,,,very_weak,,,very_weak,,,very_weak,,,,strong,weak,very_weak,strong,weak,very_weak,60.565,21.880000000000003,0.63,38.165,16.235,11.23,29.98,9.595,3.205,72.63,23.67,7.935,92.245,23.455,11.37,12.845,68.62,25.01,23.22,21.165,19.765,11.285,15.195,31.285,0.315,5130.9601196004,267.583734375528,89.955782257223,3338.82104539995,124.109391496662,917.153746340407,2094.14354994578,127.982244124687,191.949610139118,4258.79832522768,2228.75904038067,319.161597925742,13815.7748182528,620.066271574639,534.675658968547,53.9724229185338,3473.73009714327,1133.25019862184,950.883488604502,605.795335662174,760.062365957915,151.263697029099,270.931079217835,848.435747012428,Uridine phosphorylase 1,Q16831,191730.0,gene,7378.0,UPP1,ENSG00000183696,bacteria
sp|Q16831|UPP1_HUMAN,sp,Q16831,UPP1,HUMAN,0283361|tr|A0A416ADH2|A0A416ADH2_9BACT,283361,tr,A0A416ADH2,A0A416ADH2,AAYAAG,238,243,AAYAAG,563,568,EKVAEAAYAAGDKVLY,6,,,,,,,,,,,,,,,,,,,,,,,,,,,,strong,weak,very_weak,,,very_weak,,,,,,,,weak,very_weak,,,,,,,,weak,very_weak,,,,,weak,very_weak,,,,,,,,,,,,,,,very_weak,,,very_weak,,,,,,,strong,weak,very_weak,35.94,46.875,48.1,23.24,50.18,52.375,32.36,27.815,49.275,1.6749999999999998,13.515,40.31,2.025,49.185,46.54,31.845,6.390000000000001,46.29,53.325,55.370000000000005,44.73,17.09,13.255,51.835,33.905,5487.67825768817,3129.42903646313,3110.1883834853,2432.4817539253,2815.38229423916,8263.06707446463,3497.94366033153,1091.7513943819,3337.01526872444,73.5927441164185,3903.47109814074,5381.77820802033,531.33082334697,5628.57331674491,5959.1647769483,460.615562090292,455.791801277872,7840.8053320395,4401.16088407365,3091.23325548726,3716.88163347594,654.924748462126,349.728499213236,2748.20594009928,Uridine phosphorylase 1,Q16831,191730.0,gene,7378.0,UPP1,ENSG00000183696,bacteria
sp|Q16831|UPP1_HUMAN,sp,Q16831,UPP1,HUMAN,0283361|tr|A0A3R6KSF4|A0A3R6KSF4_9BACT,283361,tr,A0A3R6KSF4,A0A3R6KSF4,ALFGDV,48,53,ALFGDV,15,20,TGLKKALFGDVPEAGG,6,,,very_weak,,,,,,,,weak,very_weak,,,,,,,,weak,very_weak,,,,,,,,,very_weak,,,,,weak,very_weak,,,,,weak,very_weak,,,very_weak,,,,,,very_weak,,,,,,,,weak,very_weak,,,,,,very_weak,,,very_weak,,,,,,,,,,,,,,weak,very_weak,12.36,36.41,50.72,8.845,48.985,21.2,4.575,41.625,34.575,13.68,31.115,2.93,9.155,15.12,22.29,48.81,32.585,5.21,41.615,16.82,16.09,34.53,32.61,44.1,52.385000000000005,1183.51392612894,1659.66671476248,2871.77616763968,805.523099958001,1925.30771245278,5147.75332814219,560.024083453941,1193.50563063033,1888.72564300089,618.183911286942,5279.57812723048,124.149683118475,1234.57691350415,668.195108932683,1988.97788049219,712.387836857139,2035.1502083596,402.970667169208,3356.86000207066,1152.82735560837,639.014397326174,1367.20657270456,671.492743331072,2258.15407360454,Uridine phosphorylase 1,Q16831,191730.0,gene,7378.0,UPP1,ENSG00000183696,bacteria
sp|Q16831|UPP1_HUMAN,sp,Q16831,UPP1,HUMAN,0283361|tr|A0A3R6J548|A0A3R6J548_9BACT,283361,tr,A0A3R6J548,A0A3R6J548,PGTVVI,149,154,PGTVVI,81,86,ILEISPGTVVILITAY,6,,,,,,,,,,,,,,,,,,,,,,,,very_weak,,,,,weak,very_weak,,,,,,,,,,,,,,,,,,,,,,,,,,,,,,,,,,,,,,,,,,,,weak,very_weak,,,,,,,,weak,very_weak,42.845,40.33,53.73,30.545,33.61,32.735,34.14,15.295,26.335,3.51,45.690000000000005,54.83,24.4,47.195,66.785,21.055,26.795,53.825,33.095,45.55,58.375,37.305,9.565,49.495000000000005,65.21000000000001,2772.93711780772,643.580038504323,1156.96343189336,1557.02993087432,375.189637025791,861.254949444154,1708.12694813044,77.1927033867072,50.5897666503389,60.9223831939197,2943.15103794748,1421.32711716929,2037.6399758532,1143.07725153915,5068.55430626633,53.1955489516221,311.448511486451,2888.94796507411,860.379447503918,912.462095675597,1576.98531370861,475.848176622592,83.5984570221218,1031.93304417211,Uridine phosphorylase 1,Q16831,191730.0,gene,7378.0,UPP1,ENSG00000183696,bacteria
sp|Q16831|UPP1_HUMAN,sp,Q16831,UPP1,HUMAN,0283361|tr|A0A3R6N9P3|A0A3R6N9P3_9BACT,283361,tr,A0A3R6N9P3,A0A3R6N9P3,KQAYLE,232,237,KQAYLE,331,336,QFGEEKQAYLERQAAV,6,,,,,,,,,,,,,,,,,,,,,,,,,,,,,,,,,,,,,,,,,,,,,,,,,,,,,,,,weak,very_weak,,,,,,,,,,,,,,weak,very_weak,,,,,,,,,very_weak,,weak,very_weak,24.385,33.205,31.465,57.6,41.155,68.52000000000001,51.45,60.69,48.68,55.97,48.71,47.58,27.43,48.18,27.34,54.89,9.755,55.085,43.63,61.59,40.365,5.88,53.900000000000006,62.59,17.575000000000003,2670.26714818202,1733.12888750032,2645.13482272286,4574.83526458442,3019.89191664562,13923.5220383538,7299.14995519724,4187.47263961458,4402.97080035158,4221.50017872049,9189.55669497155,4626.15413135837,2319.51731124592,3267.06376214879,4690.66891436996,1264.74087156067,746.53287766878,6398.61266106953,4680.32692464592,3975.24622304889,2191.45584488135,936.132438701508,1972.11330885508,3956.19501097851,Uridine phosphorylase 1,Q16831,191730.0,gene,7378.0,UPP1,ENSG00000183696,bacteria
sp|Q16831|UPP1_HUMAN,sp,Q16831,UPP1,HUMAN,0283361|tr|A0A3R6KZW4|A0A3R6KZW4_9BACT,283361,tr,A0A3R6KZW4,A0A3R6KZW4,IPSISI,112,117,IPSISI,365,370,FKSTLIPSISIIVSLI,6,,,,,,,,,,,weak,very_weak,,weak,very_weak,,weak,very_weak,,,very_weak,strong,weak,very_weak,,weak,very_weak,,,,,,very_weak,,,,,,,,,,,,very_weak,,,,,,,,weak,very_weak,,,,,,very_weak,,weak,very_weak,,,very_weak,,,,,,,strong,weak,very_weak,,,very_weak,,,,strong,weak,very_weak,34.185,21.305,20.93,9.19,3.665,3.1900000000000004,10.755,0.385,3.85,25.630000000000003,14.655,21.035,48.22,17.62,36.26,5.71,37.94,15.7,9.71,17.445,26.515,42.215,1.155,18.58,26.345,1721.54151294236,193.773388659719,253.794231690419,637.343399367874,37.8740487396328,58.6489180084104,458.596593976782,9.24888622495402,10.0029656102537,444.108393092391,625.24699987409,263.552448607619,3104.23775920098,222.14545201023,1207.57317414443,14.154369521565,497.992588600878,441.635842004794,210.99867450459,216.411340842823,355.935699948544,183.176133681383,27.4690355367812,182.509441112315,Uridine phosphorylase 1,Q16831,191730.0,gene,7378.0,UPP1,ENSG00000183696,bacteria
sp|Q16831|UPP1_HUMAN,sp,Q16831,UPP1,HUMAN,0283361|tr|A0A415ZZ97|A0A415ZZ97_9BACT,283361,tr,A0A415ZZ97,A0A415ZZ97,LLLCSA,190,195,LLLCSA,11,16,IPFGLLLLCSALFSCY,6,,,,,,,,,,,,,,,,,,,,,,,,,,,,,,,,,,,,,,,,,,,,,,,,,,,,,,,,,,,,,,,,,,,,,,,,,,,,,,,,,,,,,55.845,63.95,69.125,58.02,57.135000000000005,70.925,69.355,60.265,69.41499999999999,74.205,71.355,52.525,78.21000000000001,54.82,62.405,55.88,70.19,38.555,38.285,69.325,59.195,51.995,65.185,60.705,64.045,2455.93901127173,1312.80101286827,2759.70764331094,3354.82667120473,789.354573121013,7664.3272278369,5376.598263879,867.737001840365,2384.74023025726,3123.30642279365,8734.01837828358,528.84737953384,6778.53792348342,704.843516641178,3256.79340750968,267.358004299632,2474.31602593483,715.52411904056,821.960553983854,2325.1709393743,1056.02554185796,1235.94016616533,1208.89352852774,1196.29820130058,Uridine phosphorylase 1,Q16831,191730.0,gene,7378.0,UPP1,ENSG00000183696,bacteria
sp|Q16831|UPP1_HUMAN,sp,Q16831,UPP1,HUMAN,0283361|tr|A0A416ADH2|A0A416ADH2_9BACT,283361,tr,A0A416ADH2,A0A416ADH2,EAAYAA,237,242,EAAYAA,562,567,TEKVAEAAYAAGDKVL,6,,,,,,,,,,,,,,,,,,,,,,,,,,,,strong,weak,very_weak,,weak,very_weak,,,,,,,strong,weak,very_weak,,,,,,,,weak,very_weak,,,,,weak,very_weak,,,,,,,,,,,,,,weak,very_weak,,,very_weak,,,,,,,strong,weak,very_weak,36.255,47.905,38.11,61.745000000000005,54.16,47.67,73.9,35.035,59.71,1.6749999999999998,7.815,32.285,1.34,44.495000000000005,34.754999999999995,27.045,4.94,40.07,52.49,47.39,40.63,8.685,18.82,45.955,47.58,6329.6857925524,3987.52335801956,3572.76125117745,9037.80250083365,4265.48506093585,12092.6512314186,13325.8457899572,2106.93903153644,6499.08680757129,73.5927441164185,2822.39723594023,5118.65039055131,488.498699387849,7547.30851616964,7586.7715479185,519.894690398669,351.112384507456,10418.7762277737,9131.47564374656,4136.6763582809,4977.52361662811,739.442566622173,745.015884862213,4527.66042106889,Uridine phosphorylase 1,Q16831,191730.0,gene,7378.0,UPP1,ENSG00000183696,bacteria
sp|Q16831|UPP1_HUMAN,sp,Q16831,UPP1,HUMAN,0283361|tr|A0A3R6LQD9|A0A3R6LQD9_9BACT,283361,tr,A0A3R6LQD9,A0A3R6LQD9,DVKFVC,52,57,DVKFVC,147,152,SFIARDVKFVCLNTNA,6,,,,,,,,,,,,,,,,,,,,weak,very_weak,,,,,,,,,,,,,,,,,,,,,,,,very_weak,,,,,,,,,,,,,,,,,,,,,,,,very_weak,,,,,,,,,,,,,,weak,very_weak,46.31,37.905,40.32,20.68,46.425,50.275,3.205,50.115,30.985,61.885000000000005,24.915000000000003,24.67,58.13,14.22,23.975,54.765,40.475,27.615,45.565,52.895,17.724999999999998,36.21,56.955,48.225,40.16,2938.34648332958,688.196856564402,667.72534215174,1096.13078254538,728.41281565159,3879.13562057441,166.864428990898,514.288737971566,654.860976302037,2766.61379736456,2950.73973412896,299.019379874613,3917.13676900413,295.73429326399,1303.88278675572,272.274053034549,1289.76737809293,630.334597410582,1702.44410350897,1237.15767191488,351.754995777328,318.699196677688,790.525508632346,926.85018984892,Uridine phosphorylase 1,Q16831,191730.0,gene,7378.0,UPP1,ENSG00000183696,bacteria
sp|Q16831|UPP1_HUMAN,sp,Q16831,UPP1,HUMAN,0283361|tr|A0A3R6L1Z8|A0A3R6L1Z8_9BACT,283361,tr,A0A3R6L1Z8,A0A3R6L1Z8,GTVVIT,150,155,GTVVIT,55,60,FTGSAGTVVITADKAG,6,,,,,,very_weak,,,,,,,,,,,,,,,,,,,,,,,weak,very_weak,,,,,,,,,,strong,weak,very_weak,,,,,,,,,very_weak,,,,strong,weak,very_weak,,,,,,,,,,,,,,weak,very_weak,,,,,,,,,,strong,weak,very_weak,40.695,14.465,50.775,63.235,69.09,49.105,54.325,35.105000000000004,65.79,2.05,35.51,64.65,1.235,64.36500000000001,69.13,38.375,0.01,70.07,53.99,39.3,54.46,9.535,34.89,42.325,60.085,7323.67336667253,1007.24524215162,2679.55750746292,7317.81191487914,4901.63300762502,6650.17310372956,11070.1737498863,567.520740874255,2874.57400798661,28.6855239011642,7026.91668527201,6773.18605108131,626.540457406091,6094.7970950946,11310.6246878407,324.640060464805,17.1422173527937,10192.2109416536,6334.41307692976,1848.95355814295,5457.53921556223,464.328394595486,432.986738678742,2444.06324042217,Uridine phosphorylase 1,Q16831,191730.0,gene,7378.0,UPP1,ENSG00000183696,bacteria
sp|Q16831|UPP1_HUMAN,sp,Q16831,UPP1,HUMAN,0283361|tr|A0A3R6LVJ4|A0A3R6LVJ4_9BACT,283361,tr,A0A3R6LVJ4,A0A3R6LVJ4,GIPSIS,111,116,GIPSIS,111,116,IELGKGIPSISYNLNH,6,,,,,,,,,,,,,,,,,,,,,,,,very_weak,,,,,weak,very_weak,,,,,,,,,,,,,,,,,,,,,,,,,,,,,,,,,very_weak,,,,,,,,,,,,,,,,,,,,weak,very_weak,70.935,54.945,56.285,60.735,44.465,52.875,60.575,15.420000000000002,48.805,5.395,48.41,42.005,68.14,51.195,70.01,38.36,50.325,37.98,15.455,49.99,50.585,39.635,28.82,54.085,61.370000000000005,9574.95078962254,983.605583698345,1573.03174738618,5475.75675780851,762.500485159964,3243.60601051444,5474.21656613206,138.451331299702,680.260711130364,49.9825749237736,5726.30384843364,3756.70606827865,6233.0443451449,4203.0419933706,6715.24748887894,108.318092043251,1621.34638618822,5464.74799479995,807.836043313018,1069.44417791468,3090.02941745297,451.238206830895,226.609875496645,1270.15770382602,Uridine phosphorylase 1,Q16831,191730.0,gene,7378.0,UPP1,ENSG00000183696,bacteria
sp|Q16831|UPP1_HUMAN,sp,Q16831,UPP1,HUMAN,0283361|tr|A0A416ADP0|A0A416ADP0_9BACT,283361,tr,A0A416ADP0,A0A416ADP0,GDVKFV,51,56,GDVKFV,879,884,PFAVPGDVKFVDLDGN,6,,,,,,,,,,,,,,,,,,,,,,,,,,,,,,very_weak,,,,,,,,,,,,,,,,,,,,,,,,,,,,,,,,,,,,,,,,,,,,,,,,,,,,,,very_weak,24.11,28.595,79.705,43.705,77.755,72.45,24.58,51.71,67.14,14.145,69.765,55.21,26.615,58.59,72.485,70.825,50.22,53.0,70.575,72.53999999999999,50.875,53.83,56.98,69.88,76.655,2960.94183587904,2884.10707010713,9047.78228271332,3949.99313005043,7154.18877583627,12183.136714965,4203.63322272229,2373.31145595996,5256.83483295087,409.422326996792,15218.9271422641,4782.76264871213,2822.1529448145,5189.13495765323,10246.9447261493,1701.30244227997,4039.76498875375,6601.78148528601,8813.09280558716,4117.92067950446,3298.03387719267,2904.02214690948,1872.65032553577,3889.85310254914,Uridine phosphorylase 1,Q16831,191730.0,gene,7378.0,UPP1,ENSG00000183696,bacteria
sp|Q16831|UPP1_HUMAN,sp,Q16831,UPP1,HUMAN,0283361|tr|A0A416AD81|A0A416AD81_9BACT,283361,tr,A0A416AD81,A0A416AD81,ELGLDC,75,80,ELGLDC,97,102,MQNYEELGLDCLVCIG,6,,,,,,,,,,,,,,,,,,,,,,,,,,,,,,,,,,,,,,,,,,,,,,,,,,,,,,,,,,,,,,,,,,,,,,,,,,,,,,,,,,,,,45.295,67.93,85.235,27.11,74.46000000000001,69.67,40.695,74.97,61.19,68.16,78.815,62.095,47.25,52.46,66.545,67.125,71.865,59.095,70.095,71.35,58.45,66.235,76.535,69.69,80.825,1170.89160778305,2006.22543174496,8356.39208356463,397.226214143573,3817.80182000815,7138.10627840329,1036.13974310865,3362.49439992548,1163.71780280017,3499.83652103651,12537.9197323276,1652.76756238023,2569.53521121205,880.323805312456,4566.3788117297,879.723940554704,2749.9906180683,1879.99942987875,4671.8271153979,2679.35456962119,1138.69508885651,3237.61029706886,3031.94012521513,2386.54707964975,Uridine phosphorylase 1,Q16831,191730.0,gene,7378.0,UPP1,ENSG00000183696,bacteria
sp|Q16831|UPP1_HUMAN,sp,Q16831,UPP1,HUMAN,0283361|tr|A0A3R6J9M3|A0A3R6J9M3_9BACT,283361,tr,A0A3R6J9M3,A0A3R6J9M3,DKQAYL,231,236,DKQAYL,521,526,DSFIDDKQAYLCVDTN,6,,,,,,,,,,strong,weak,very_weak,,,,,,,,weak,very_weak,,,,,,,,,,,,,,,,,,,,,,,,,,,,,,,,,,,,,,,,,,,,,,,,,,,,,,,,,,,,,strong,weak,very_weak,39.415,70.44,48.150000000000006,0.825,39.765,35.4,6.4,50.605,42.07,64.39500000000001,69.07,36.8,20.97,59.855,61.035,35.885,50.66,61.865,49.465,39.76,54.16,36.56,46.27,68.44500000000001,57.24,3824.70645359184,4091.71696305962,5919.77125666609,59.6369211301495,4344.43375537186,7335.96595244647,371.811223677498,3922.43817211521,2479.89077917937,4305.45384006374,14342.0154980143,3952.51548000079,1686.96833540873,3550.91011925919,6567.44193641369,1301.8105998756,2662.70824216107,5243.37206592351,6985.45127587097,2446.4708497296,2705.13396782123,2155.38325530232,3000.09098445299,3485.21245458714,Uridine phosphorylase 1,Q16831,191730.0,gene,7378.0,UPP1,ENSG00000183696,bacteria
sp|Q16831|UPP1_HUMAN,sp,Q16831,UPP1,HUMAN,0283361|tr|A0A416ACV6|A0A416ACV6_9BACT,283361,tr,A0A416ACV6,A0A416ACV6,KKLSKA,305,310,KKLSKA,831,836,NYNWFKKLSKATHVYI,6,,,,,,,strong,weak,very_weak,,,,,,,,,,,,,,,very_weak,,weak,very_weak,,,,,weak,very_weak,,,,,weak,very_weak,,,,,,,,,very_weak,,,,,,,,,,,,,,,,,,,,,,,weak,very_weak,,,very_weak,,,,strong,weak,very_weak,strong,weak,very_weak,71.52,40.51,0.63,38.565,35.09,22.23,33.585,12.015,6.79,55.775000000000006,4.445,27.625,84.935,38.435,11.455000000000002,20.81,46.935,28.49,21.105,27.2,38.46,9.675,11.995,31.725,0.405,7787.70905928797,280.664101243311,39.5243806730214,2469.34152470284,242.723928590265,640.634321765276,1604.01982135094,38.5158276037907,87.5826193670708,1341.95456560663,430.851060135196,961.643798091825,10530.5218809867,919.389231367065,656.009825854447,36.7271527277815,1469.61799556144,1693.0940592565,541.53994808709,348.34253034819,938.586806935836,192.309242052176,59.1741401080592,436.330491086423,Uridine phosphorylase 1,Q16831,191730.0,gene,7378.0,UPP1,ENSG00000183696,bacteria
sp|Q16831|UPP1_HUMAN,sp,Q16831,UPP1,HUMAN,0283361|tr|A0A3R6INF6|A0A3R6INF6_9BACT,283361,tr,A0A3R6INF6,A0A3R6INF6,MKEDIL,29,34,MKEDIL,87,92,LTAKTMKEDILEGFKI,6,,,,,,,,,,,weak,very_weak,,,,,,,,weak,very_weak,,,,,,,,,,,,,,,,,,,,,,,,,,,,,weak,very_weak,,,,,,,,,,,,,,,,,,,,,,,,,,,,,,,,weak,very_weak,32.64,22.55,62.845,3.49,57.095,64.65,5.41,45.87,51.16,45.275,61.355,48.525000000000006,41.13,32.245000000000005,35.010000000000005,35.34,48.69,36.775,31.035,44.760000000000005,30.665,54.91,54.41,49.8,59.285,3784.73441045954,1059.19528100042,5031.23621185324,165.013368010752,2129.65202650084,11088.5147811166,277.397524794343,1436.47817684861,1948.50673082045,5110.29443631917,9229.41446960304,2454.7966502643,3256.15918918402,1378.61483172122,3046.54055167286,275.024636522284,3550.87169940684,2366.41392721837,2108.37570776347,2326.90747806147,1161.29024277652,4134.48380141473,1716.55678861516,2354.05394684218,Uridine phosphorylase 1,Q16831,191730.0,gene,7378.0,UPP1,ENSG00000183696,bacteria
sp|Q16831|UPP1_HUMAN,sp,Q16831,UPP1,HUMAN,0283361|tr|A0A416ADH2|A0A416ADH2_9BACT,283361,tr,A0A416ADH2,A0A416ADH2,EAAYAAG,237,243,EAAYAAG,562,568,TEKVAEAAYAAGDKVLY,7,,,,,,,,,,,,,,,,,,,,,,,,,,,,strong,weak,very_weak,,weak,very_weak,,,,,,,strong,weak,very_weak,,,,,,,,weak,very_weak,,,,,weak,very_weak,,,,,,,,,,,,,,,very_weak,,,very_weak,,,,,,,strong,weak,very_weak,35.94,46.875,48.1,23.24,50.18,52.375,32.36,27.815,49.275,1.6749999999999998,7.815,33.0,1.34,43.255,32.095,31.845,4.94,37.77,53.325,55.370000000000005,39.965,17.09,13.255,51.835,33.905,5487.67825768817,3129.42903646313,3110.1883834853,2432.4817539253,2815.38229423916,8263.06707446463,3497.94366033153,1091.7513943819,3337.01526872444,73.5927441164185,2822.39723594023,4830.7657471788,488.498699387849,5337.06988895895,5214.80047220663,460.615562090292,351.112384507456,7358.22423861349,4401.16088407365,3091.23325548726,3584.37703839532,654.924748462126,349.728499213236,2748.20594009928,Uridine phosphorylase 1,Q16831,191730.0,gene,7378.0,UPP1,ENSG00000183696,bacteria
sp|Q16831|UPP1_HUMAN,sp,Q16831,UPP1,HUMAN,0283361|tr|A0A3R6IDT6|A0A3R6IDT6_9BACT,283361,tr,A0A3R6IDT6,A0A3R6IDT6,DLNKKL,181,186,DLNKKL,421,426,GYEFEDLNKKLIQKDF,6,,,,,,,,,very_weak,,,very_weak,,,,,,,,,,,,,,,,,,,,,,,,,,,very_weak,,,,,,,,,very_weak,,,,,,,,,,,,,,,,,,,,,,,,,,,,,,,,weak,very_weak,,weak,very_weak,58.53,41.745000000000005,17.7,17.625,54.875,40.945,23.765,38.74,20.18,85.225,38.88,25.755000000000003,80.475,24.855,14.075,30.065,68.925,24.585,20.375,40.66,21.9,27.995,39.915,51.24,5.425,8260.56412611918,1808.35510400403,1677.86666543866,2731.87070793795,4071.93133613178,7306.18213189923,3539.40278732027,3799.42293536528,1965.7223381732,10863.7116420819,10733.6709109165,2792.59816659538,9877.90591398844,2002.73366072114,2772.51711371162,1033.48618666023,6404.1535844117,3875.19231579057,2309.40038699012,2819.71119620229,1728.16670615558,3117.904142979,3420.39721685598,3228.09608264648,Uridine phosphorylase 1,Q16831,191730.0,gene,7378.0,UPP1,ENSG00000183696,bacteria
