human_id,database,protein,gene,species,pathogen_id,pathogen_species,database_pathogen,pathogen_protein,pathogen_gene,human_seq,human_start,human_end,pathogen_seq,pathogen_start,pathogen_end,extended_pathogen_seq,pathogen_length,binding_rank_strong_HLA_DQA10101_DQB10501,binding_rank_weak_HLA_DQA10101_DQB10501,binding_rank_very_weak_HLA_DQA10101_DQB10501,binding_rank_strong_DRB4_0101,binding_rank_weak_DRB4_0101,binding_rank_very_weak_DRB4_0101,binding_rank_strong_DRB1_0802,binding_rank_weak_DRB1_0802,binding_rank_very_weak_DRB1_0802,binding_rank_strong_DRB3_0101,binding_rank_weak_DRB3_0101,binding_rank_very_weak_DRB3_0101,binding_rank_strong_DRB1_1501,binding_rank_weak_DRB1_1501,binding_rank_very_weak_DRB1_1501,binding_rank_strong_DRB3_0202,binding_rank_weak_DRB3_0202,binding_rank_very_weak_DRB3_0202,binding_rank_strong_DRB1_0301,binding_rank_weak_DRB1_0301,binding_rank_very_weak_DRB1_0301,binding_rank_strong_DRB1_0701,binding_rank_weak_DRB1_0701,binding_rank_very_weak_DRB1_0701,binding_rank_strong_DRB1_1302,binding_rank_weak_DRB1_1302,binding_rank_very_weak_DRB1_1302,binding_rank_strong_HLA_DQA10501_DQB10301,binding_rank_weak_HLA_DQA10501_DQB10301,binding_rank_very_weak_HLA_DQA10501_DQB10301,binding_rank_strong_HLA_DPA10201_DPB11401,binding_rank_weak_HLA_DPA10201_DPB11401,binding_rank_very_weak_HLA_DPA10201_DPB11401,binding_rank_strong_HLA_DPA10103_DPB10201,binding_rank_weak_HLA_DPA10103_DPB10201,binding_rank_very_weak_HLA_DPA10103_DPB10201,binding_rank_strong_DRB5_0101,binding_rank_weak_DRB5_0101,binding_rank_very_weak_DRB5_0101,binding_rank_strong_HLA_DQA10301_DQB10302,binding_rank_weak_HLA_DQA10301_DQB10302,binding_rank_very_weak_HLA_DQA10301_DQB10302,binding_rank_strong_HLA_DPA10301_DPB10402,binding_rank_weak_HLA_DPA10301_DPB10402,binding_rank_very_weak_HLA_DPA10301_DPB10402,binding_rank_strong_HLA_DPA10201_DPB10501,binding_rank_weak_HLA_DPA10201_DPB10501,binding_rank_very_weak_HLA_DPA10201_DPB10501,binding_rank_strong_HLA_DQA10501_DQB10201,binding_rank_weak_HLA_DQA10501_DQB10201,binding_rank_very_weak_HLA_DQA10501_DQB10201,binding_rank_strong_DRB1_0101,binding_rank_weak_DRB1_0101,binding_rank_very_weak_DRB1_0101,binding_rank_strong_HLA_DQA10102_DQB10602,binding_rank_weak_HLA_DQA10102_DQB10602,binding_rank_very_weak_HLA_DQA10102_DQB10602,binding_rank_strong_HLA_DPA10103_DPB10401,binding_rank_weak_HLA_DPA10103_DPB10401,binding_rank_very_weak_HLA_DPA10103_DPB10401,binding_rank_strong_DRB1_1201,binding_rank_weak_DRB1_1201,binding_rank_very_weak_DRB1_1201,binding_rank_strong_DRB1_0401,binding_rank_weak_DRB1_0401,binding_rank_very_weak_DRB1_0401,binding_rank_strong_HLA_DPA10201_DPB10101,binding_rank_weak_HLA_DPA10201_DPB10101,binding_rank_very_weak_HLA_DPA10201_DPB10101,binding_rank_strong_HLA_DQA10401_DQB10402,binding_rank_weak_HLA_DQA10401_DQB10402,binding_rank_very_weak_HLA_DQA10401_DQB10402,binding_rank_strong_DRB1_0901,binding_rank_weak_DRB1_0901,binding_rank_very_weak_DRB1_0901,binding_rank_strong_DRB1_0405,binding_rank_weak_DRB1_0405,binding_rank_very_weak_DRB1_0405,binding_rank_strong_DRB1_1101,binding_rank_weak_DRB1_1101,binding_rank_very_weak_DRB1_1101,binding_rank_strong,binding_rank_weak,binding_rank_very_weak,Rank_average_HLA_DQA10101_DQB10501,Rank_average_DRB4_0101,Rank_average_DRB1_0802,Rank_average_DRB3_0101,Rank_average_DRB1_1501,Rank_average_DRB3_0202,Rank_average_DRB1_0301,Rank_average_DRB1_0701,Rank_average_DRB1_1302,Rank_average_HLA_DQA10501_DQB10301,Rank_average_HLA_DPA10201_DPB11401,Rank_average_HLA_DPA10103_DPB10201,Rank_average_HLA_DQA10301_DQB10302,Rank_average_HLA_DPA10301_DPB10402,Rank_average_HLA_DPA10201_DPB10501,Rank_average_DRB1_0101,Rank_average_HLA_DQA10102_DQB10602,Rank_average_HLA_DPA10103_DPB10401,Rank_average_DRB1_1201,Rank_average_DRB1_0401,Rank_average_HLA_DPA10201_DPB10101,Rank_average_HLA_DQA10401_DQB10402,Rank_average_DRB1_0901,Rank_average_DRB1_0405,Rank_average_DRB1_1101,nM_HLA_DQA10101_DQB10501,nM_DRB4_0101,nM_DRB1_0802,nM_DRB3_0101,nM_DRB1_1501,nM_DRB3_0202,nM_DRB1_0301,nM_DRB1_0701,nM_DRB1_1302,nM_HLA_DQA10501_DQB10301,nM_HLA_DPA10201_DPB11401,nM_HLA_DPA10103_DPB10201,nM_HLA_DQA10301_DQB10302,nM_HLA_DPA10301_DPB10402,nM_HLA_DPA10201_DPB10501,nM_DRB1_0101,nM_HLA_DQA10102_DQB10602,nM_HLA_DPA10103_DPB10401,nM_DRB1_1201,nM_DRB1_0401,nM_HLA_DPA10201_DPB10101,nM_HLA_DQA10401_DQB10402,nM_DRB1_0901,nM_DRB1_0405,Gene description,Uniprot,# MIM Number,MIM Entry Type,Entrez Gene ID,HGNC,Ensembl Gene ID,type
sp|Q5T4S7|UBR4_HUMAN,sp,Q5T4S7,UBR4,HUMAN,0102041|tr|B7TQ04|B7TQ04_9BETA,102041,tr,B7TQ04,B7TQ04,TGGGGR,4978,4983,TGGGGR,179,184,RSWGGTGGGGRADVEA,6,,,,,,,,,,,,,,,,,,,,,,,,,,,,,,,,,,,,,,,,,,,,,,,,,,,,,,,,,,,,,,,,,,,,,,,,,,,,,,,,,,,,,95.0,95.0,95.0,94.48,95.0,95.0,95.0,82.12,95.0,28.485,95.0,95.0,74.88499999999998,95.0,95.0,90.845,89.83500000000002,95.0,95.0,95.0,95.0,75.85,80.425,95.0,87.055,39733.2860168247,35527.7033303626,33774.952733465296,36144.9721042548,35535.776686856,38257.9931793513,39799.5466278915,17638.4002314581,36384.3202484309,852.005029855542,40305.704991687206,37358.8801291285,8335.17171020963,38279.110098259305,38167.4469799165,12634.8808800277,14696.562393443,38394.0076919326,39428.3694093263,34302.705433497795,35898.2639011216,6739.19439945129,13421.2017383284,35800.1302303279,Ubiquitin protein ligase E3 component n-recognin 4,Q5T4S7,609890.0,gene,23352.0,UBR4,ENSG00000127481,virus
sp|Q5T4S7|UBR4_HUMAN,sp,Q5T4S7,UBR4,HUMAN,0102041|tr|E9RH48|E9RH48_9BETA,102041,tr,E9RH48,E9RH48,CREELQ,1795,1800,CREELQ,162,167,NLDDNCREELQNEIDK,6,,,,,,,,,,,,,,,,,,,,,,,,,,,,,,,,,,,,,,,,,,,,,,,,,,,,,,,,,,,,,,,,,,,,,,,,,,,,,,,,,,,,,66.325,82.37,95.0,70.79,91.875,93.08,67.78,86.43,84.41,95.0,82.975,81.1,70.225,68.5,79.63,85.91499999999998,76.62,73.88,83.07499999999997,86.47999999999998,67.86500000000001,91.255,88.1,80.95,89.375,10439.2001417662,10586.1560901725,32799.7051098987,11600.5206791756,18569.8114559492,23673.2061556447,10611.1552513567,16573.0531685298,13041.424665974098,25925.5768406228,25636.5922057452,11194.9606206789,6543.255713336441,9593.61675229755,16301.6624207587,9603.27508575748,11396.8614511102,13812.0382331293,17567.5491018182,15337.7832939511,7367.4653017633,15420.8170005123,15041.798009036002,11950.3563068974,Ubiquitin protein ligase E3 component n-recognin 4,Q5T4S7,609890.0,gene,23352.0,UBR4,ENSG00000127481,virus
sp|Q5T4S7|UBR4_HUMAN,sp,Q5T4S7,UBR4,HUMAN,0102041|tr|B7TQ25|B7TQ25_9BETA,102041,tr,B7TQ25,B7TQ25,GEEAAA,6,11,GEEAAA,129,134,GGGHDGEEAAAGTGVR,6,,,,,,,,,,,,,,,,,,,,,,,,,,,,,,very_weak,,,,,,,,,,,,,,,,,,,,,,,,,,,,,,,,,,,,,,,,,,,,,,,,,,,,,,very_weak,82.9,95.0,95.0,95.0,95.0,95.0,95.0,68.365,95.0,16.375,64.195,95.0,51.62000000000001,95.0,95.0,61.72,54.675,95.0,95.0,66.11500000000001,95.0,58.21,64.67,95.0,95.0,24880.4508183141,35514.636070371,39289.9658750547,36990.0479113218,36421.738152095,40513.8234839031,38587.6622531144,14455.4307536512,38323.8667633471,701.829981967447,26679.9737312621,37022.4802746282,6745.03025192954,38480.5112414826,39026.858270882,6769.44957914603,7229.43403875005,38652.848803566405,39379.3402038077,16494.3413043314,36430.4088369117,7747.95528312352,9529.68184658302,38689.6692722764,Ubiquitin protein ligase E3 component n-recognin 4,Q5T4S7,609890.0,gene,23352.0,UBR4,ENSG00000127481,virus
sp|Q5T4S7|UBR4_HUMAN,sp,Q5T4S7,UBR4,HUMAN,0102041|tr|B7TPX7|B7TPX7_9BETA,102041,tr,B7TPX7,B7TPX7,DDDDDA,2732,2737,DDDDDA,582,587,KTACRDDDDDADGGGD,6,,,,,,,,,,,,,,,,,,,,,,,,,,,,,,,,,,,,,,,,,,,,,,,,,,,,,,,,,,,,,,,,,,,,,,,,,,,,,,,,,,,,,50.6,95.0,95.0,64.175,95.0,95.0,75.875,95.0,95.0,95.0,95.0,95.0,83.905,95.0,95.0,95.0,95.0,95.0,95.0,95.0,95.0,95.0,95.0,95.0,95.0,14505.8808528565,31841.2466095662,39442.0231717648,19567.759912978,35219.6035329065,39868.0744977538,20034.3597420267,38786.9096323107,35928.9615080742,31733.5957306246,42108.896016150895,36616.1400906593,16819.8189482995,36592.7730173088,37180.241436836,35478.5339465963,33810.7846020729,37432.1146950634,36632.3870132628,35298.954996910696,34370.320861243395,30963.6837312675,37691.8109988283,34185.2531610877,Ubiquitin protein ligase E3 component n-recognin 4,Q5T4S7,609890.0,gene,23352.0,UBR4,ENSG00000127481,virus
sp|Q5T4S7|UBR4_HUMAN,sp,Q5T4S7,UBR4,HUMAN,0102041|tr|B7TPZ3|B7TPZ3_9BETA,102041,tr,B7TPZ3,B7TPZ3,DLVALL,4395,4400,DLVALL,416,421,RVSREDLVALLRL,6,,,,,,,,,,,,,,,,,,,,,,,,,,,,,,,,,very_weak,,,,,,,,,,,,,,,,,,,,,,,,,,,,,,,,,,,,,,,,,,,,,,,,,,,very_weak,51.06,60.695,70.935,33.94,79.685,83.0,45.94,78.835,71.63,85.555,16.62,45.85,44.235,32.5,27.31,78.785,80.255,45.445,66.75,70.75,31.025,78.0,86.005,77.00999999999998,57.40000000000001,4989.65591130521,3472.82817450427,7782.9918565463,1789.74641411858,7355.59743388588,16219.6760289779,3444.2017586136,5987.08397087854,4564.847445168811,8950.22129972123,4403.82838888048,2414.75507556034,3401.722366706929,894.892325229414,2793.59544929502,3269.7513838388395,5344.58213965335,2712.57850600316,6677.427183291371,5479.6684216002095,872.6989915641078,6078.7278937867895,6599.42472226088,5019.60020014592,Ubiquitin protein ligase E3 component n-recognin 4,Q5T4S7,609890.0,gene,23352.0,UBR4,ENSG00000127481,virus
sp|Q5T4S7|UBR4_HUMAN,sp,Q5T4S7,UBR4,HUMAN,0102041|tr|C6L6E4|C6L6E4_9BETA,102041,tr,C6L6E4,C6L6E4,SSGSSS,3339,3344,SSGSSS,357,362,SMCSGSSGSSSDSDDS,6,,,,,,,,,,,,,,,,,,,,,,,,,,,,,,,,,,,,,,,,,,,,,,,,,,,,,,,,,,,,,,,,,,,,,,,,,,,,,,,,,,,,,88.695,94.65,92.625,95.0,91.905,90.535,95.0,88.375,94.48,25.19,94.28,95.0,41.625,95.0,95.0,86.795,78.225,95.0,94.91,91.64,95.0,60.88,86.36500000000002,94.08,91.465,22437.459589937203,16061.1083024547,15355.3842351999,33192.4115129872,15473.7992028261,20402.7417888731,36634.7652162899,9805.39033118359,18661.456019356,310.392188477705,27460.4817967831,34687.1256128901,5281.634986922039,35688.3610704748,35794.7077484256,4778.10755676766,7776.08967868573,36502.613213552206,24660.6823882506,11804.2425678427,34496.9926591559,2626.14256538473,6733.87359001924,15896.5211124333,Ubiquitin protein ligase E3 component n-recognin 4,Q5T4S7,609890.0,gene,23352.0,UBR4,ENSG00000127481,virus
sp|Q5T4S7|UBR4_HUMAN,sp,Q5T4S7,UBR4,HUMAN,0102041|tr|B7TPT3|B7TPT3_9BETA,102041,tr,B7TPT3,B7TPT3,PPPPPP,608,613,PPPPPP,24,29,ADAFLPPPPPPPPPRR,6,,,,,,,,,,,,,,,,,,,,,,,,,,,,,,,,,,,,,,,,,,,,,,,,,,,,,,,,,,,,,,,,,,,,,,,,,,,,,,,,,,,,,90.46,95.0,69.00999999999999,62.165,95.0,46.87,95.0,75.475,95.0,81.85,66.63499999999999,95.0,88.38,95.0,95.0,60.015,95.0,95.0,95.0,56.38500000000001,95.0,75.08,65.16,67.15,71.2,18314.206793556,31501.315046310698,15803.742629613402,20857.4079311458,31850.8944973257,14690.5211206952,38198.845099398,15707.7661941998,34516.0336525802,7693.156747147171,26766.715854805498,31806.469577066,12475.132386873,34057.1465270328,35301.246632495204,5615.677330707379,28672.5580688771,34574.3419573005,35656.711619954905,10199.9332880603,31608.5199474791,5708.179093075511,9816.53633702808,12926.2300722121,Ubiquitin protein ligase E3 component n-recognin 4,Q5T4S7,609890.0,gene,23352.0,UBR4,ENSG00000127481,virus
sp|Q5T4S7|UBR4_HUMAN,sp,Q5T4S7,UBR4,HUMAN,0102041|tr|E9RH48|E9RH48_9BETA,102041,tr,E9RH48,E9RH48,REELQN,1796,1801,REELQN,163,168,LDDNCREELQNEIDKV,6,,,,,,,,,,,,,,,,,,,,,,,,,,,,,,,,,,,,,,,,,,,,,,,,,,,,,,,,,,,,,,,,,,,,,,,,,,,,,,,,,,,,,57.52,76.58500000000002,88.31,53.695,86.97,77.34,70.02000000000001,80.21000000000002,82.015,95.0,73.1,74.845,64.145,60.44,72.655,80.47,78.21,66.125,78.875,81.81,60.51000000000001,90.71,85.75,77.68,84.02,7895.630358156791,7966.68334390963,17606.3676320647,7965.649038087521,16601.589072251798,16048.0802668741,11503.279811826598,12409.1681009429,7590.21999321264,28631.32705642149,21945.0258257639,9212.55351290396,5673.942930123671,7489.632934930391,13993.2963174028,7337.5535947218,10747.8488510011,11636.5994902409,14798.20388699,12041.8615064533,5911.642415127441,13306.2513632145,12125.6678531715,10176.8938952666,Ubiquitin protein ligase E3 component n-recognin 4,Q5T4S7,609890.0,gene,23352.0,UBR4,ENSG00000127481,virus
sp|Q5T4S7|UBR4_HUMAN,sp,Q5T4S7,UBR4,HUMAN,0102041|tr|B7TPX6|B7TPX6_9BETA,102041,tr,B7TPX6,B7TPX6,APSSSS,2847,2852,APSSSS,199,204,DADYVAPSSSSSSRTL,6,,,,,,,,,,,,,,,,,,very_weak,,,,,,,,,,,weak,very_weak,,,,,,,,,,,,,,,,,,,,,,,,,,,very_weak,,,,,,,,weak,very_weak,,,,,,very_weak,,,very_weak,,,,,,,,weak,very_weak,79.38,52.58,34.275,57.045,49.27,19.24,48.74500000000001,21.145,40.735,3.9,45.39,71.11,32.135000000000005,82.44999999999997,83.83000000000001,23.0,19.455,80.35499999999998,75.86,6.32,86.975,18.53,12.105,30.55,44.415,15403.3077171446,4268.07033382253,2266.52554523074,9623.34976290151,3791.94847482712,3340.30251141404,8832.75798934979,705.4767797446698,2472.95105348018,73.55294202490029,11198.1103654794,12069.5147473195,3491.93116459501,14335.6546344515,18247.1550706891,328.544705127498,1337.40313115739,16223.5373410901,12138.7946571185,354.153246540848,13247.3541143978,509.37113266093,371.200243145841,2045.72510747598,Ubiquitin protein ligase E3 component n-recognin 4,Q5T4S7,609890.0,gene,23352.0,UBR4,ENSG00000127481,virus
sp|Q5T4S7|UBR4_HUMAN,sp,Q5T4S7,UBR4,HUMAN,0102041|tr|E9RHD4|E9RHD4_9BETA,102041,tr,E9RHD4,E9RHD4,AGVSVA,339,344,AGVSVA,78,83,TTNHVAGVSVAHWIDV,6,,,,,,,,,,,,,,,,,,,,,,,,very_weak,,,,,weak,very_weak,,,,,,,,,,,weak,very_weak,,,,,,,,weak,very_weak,,,,strong,weak,very_weak,,,,,,very_weak,,,,,,,,weak,very_weak,,,very_weak,,,,,,,strong,weak,very_weak,25.65,30.15,44.38,37.55,39.39,55.555,49.105,10.85,42.68,2.195,37.38,29.83,3.715,35.425,52.57,34.46,1.735,25.315,19.87,38.19,33.15,7.87,12.62,32.055,51.64,3607.64396294789,1328.44713117585,1936.84105393464,3675.053013795471,1510.40305509646,6177.92116865667,5489.99438934415,260.296266511158,1346.15731210044,60.27198651786311,5778.272628561899,817.543536053645,1001.57243218849,1456.73146077425,5683.835463465861,251.740343597877,68.13847785234529,1453.5511122096,1689.03214323332,1523.5665507586905,1542.5254994012,235.832651897476,271.779583833736,1386.4381744583402,Ubiquitin protein ligase E3 component n-recognin 4,Q5T4S7,609890.0,gene,23352.0,UBR4,ENSG00000127481,virus
sp|Q5T4S7|UBR4_HUMAN,sp,Q5T4S7,UBR4,HUMAN,0102041|tr|C6L6E4|C6L6E4_9BETA,102041,tr,C6L6E4,C6L6E4,VSSDEG,4754,4759,VSSDEG,631,636,ACQFDVSSDEGCVSSA,6,,,,,,,,,,,,very_weak,,,,,,,,,very_weak,,,,,,,,,,,,,,,,,,,,,,,,,,,,,,,,,,,,,,,,,,,,,,,,,,,,,,,,,,,,,,,very_weak,63.545,76.475,86.195,12.465,82.83,54.865,14.12,61.67,72.005,29.245,84.71000000000002,84.47,49.07,86.86500000000002,89.955,68.275,83.03999999999998,83.125,86.105,30.635,89.905,73.23,65.99,47.715,86.62,8397.4503041691,9287.91747536145,13708.1197862172,1476.58316024341,10610.3516093603,12506.2160257046,1682.0837177346698,7569.96232355943,6561.26277604443,1250.00735675123,21427.4341168311,12890.8941459399,3307.1458603992896,13335.5095329714,17901.9970321819,3580.2297479131707,6997.32758252838,15748.4378954288,16031.246345148798,2178.09995741731,11695.7992120048,5143.911631430739,6092.55539943818,4496.562176242322,Ubiquitin protein ligase E3 component n-recognin 4,Q5T4S7,609890.0,gene,23352.0,UBR4,ENSG00000127481,virus
sp|Q5T4S7|UBR4_HUMAN,sp,Q5T4S7,UBR4,HUMAN,0102041|tr|E9RH48|E9RH48_9BETA,102041,tr,E9RH48,E9RH48,KDGETS,3379,3384,KDGETS,405,410,AKPSGKDGETSRYTLA,6,,,,,,,,,,,,,,,,,,,,,,,,,,,,,,,,,,,,,,,,,,,,,,,,,,,,,,,,,,,,,,,,,,,,,,,,,,,,,,,,,,,,,95.0,88.85,90.05,87.455,90.26,89.025,75.71000000000002,85.47,84.455,61.48,57.05,84.30000000000003,88.18,91.475,82.80000000000003,85.92500000000003,83.975,88.555,87.65,89.07,86.465,70.68,86.24000000000002,93.64,83.545,41496.9472854518,12544.5687127849,14436.8305884403,16461.358279294,14240.7335968118,21907.0682404353,15435.6737866726,9700.39483058184,14549.736178673898,3602.6900610433795,21963.7916295704,13562.9482379743,11544.5509029383,18004.5610164565,20398.5479102594,5593.90666226312,10879.2383967548,19033.1972283209,18652.3721542104,11608.4308237178,13433.4052950371,6055.94832371489,8864.54378148157,15229.3046000353,Ubiquitin protein ligase E3 component n-recognin 4,Q5T4S7,609890.0,gene,23352.0,UBR4,ENSG00000127481,virus
sp|Q5T4S7|UBR4_HUMAN,sp,Q5T4S7,UBR4,HUMAN,0102041|tr|B7TPX7|B7TPX7_9BETA,102041,tr,B7TPX7,B7TPX7,DDDDAD,2733,2738,DDDDAD,583,588,TACRDDDDDADGGGDV,6,,,,,,,,,,,,,,,,,,,,,,,,,,,,,,,,,,,,,,,,,,,,,,,,,,,,,,,,,,,,,,,,,,,,,,,,,,,,,,,,,,,,,50.6,95.0,95.0,64.175,95.0,95.0,75.875,95.0,95.0,95.0,95.0,95.0,83.66,95.0,95.0,95.0,95.0,95.0,95.0,95.0,95.0,95.0,95.0,95.0,95.0,14505.8808528565,31841.2466095662,39442.0231717648,19567.759912978,35219.6035329065,39868.0744977538,20034.3597420267,38786.9096323107,35928.9615080742,31733.5957306246,42108.896016150895,36616.1400906593,16009.2327477382,36592.7730173088,37180.241436836,35478.5339465963,33810.7846020729,37432.1146950634,36632.3870132628,35298.954996910696,34370.320861243395,30963.6837312675,37691.8109988283,34185.2531610877,Ubiquitin protein ligase E3 component n-recognin 4,Q5T4S7,609890.0,gene,23352.0,UBR4,ENSG00000127481,virus
sp|Q5T4S7|UBR4_HUMAN,sp,Q5T4S7,UBR4,HUMAN,0102041|tr|B7TPZ9|B7TPZ9_9BETA,102041,tr,B7TPZ9,B7TPZ9,DATAVR,291,296,DATAVR,10,15,AENGTDATAVRSESGE,6,,,,,,,,,,,,,,,,,,,,,,,,,,,,,weak,very_weak,,,,,,,,,,,weak,very_weak,,,,,,,,,,,,,,weak,very_weak,,,,,,,,,,,,,,,very_weak,,,,,,,,,,,weak,very_weak,64.21000000000001,74.015,64.63499999999999,67.55,88.04499999999999,73.455,52.55,64.395,79.82,8.835,64.92500000000001,88.9,7.41,85.25999999999998,83.825,70.865,9.515,89.08,90.395,58.37,86.35,15.03,66.855,63.035,60.015,17718.5452222687,13066.4242389255,11403.2754540214,15516.3831525881,18161.2782335726,20148.9224343528,11311.7261475312,8238.96307010712,16782.3714340722,381.989235479105,22082.6963626853,20659.9820835796,1526.04125623995,22035.438885030897,23352.6611617006,5251.43421921474,774.8005154796698,25054.1505606828,22443.2867866048,8976.98892453306,17743.2931735215,1893.67753658977,7521.38519367253,10645.3087707993,Ubiquitin protein ligase E3 component n-recognin 4,Q5T4S7,609890.0,gene,23352.0,UBR4,ENSG00000127481,virus
sp|Q5T4S7|UBR4_HUMAN,sp,Q5T4S7,UBR4,HUMAN,0102041|tr|E9RH62|E9RH62_9BETA,102041,tr,E9RH62,E9RH62,QASTET,3652,3657,QASTET,773,778,LHDTFQASTETPKDAA,6,,,,,,,,,,,,,,,,,,,,,,,,,,,,,,,,,,,,,,weak,very_weak,,weak,very_weak,,,,,,,,,,,,,,,,,,,,,,,,,,,,,,very_weak,,,very_weak,,,,,,,,weak,very_weak,58.48,65.305,35.585,33.855,58.075,21.88,38.63,27.045,39.81,27.775,32.79,56.25,8.445,47.63,35.77,32.805,44.51000000000001,45.755,73.98,30.105,40.91,18.7,14.5,36.16,29.535,11414.3851444325,9487.29546427567,5072.0104439942215,8125.46972811433,10188.7929135702,6235.40519765974,8886.63110438647,2575.82610663514,6457.24184893808,2219.90248231529,10566.3592279623,10877.0021186252,1797.645209488361,10241.6243636709,10952.4645195411,1362.8938703945598,4972.894180442871,13319.6473760098,17330.6147691404,2798.5266479972693,6895.04187171239,2406.1745360446203,885.6260334156889,3869.32673837614,Ubiquitin protein ligase E3 component n-recognin 4,Q5T4S7,609890.0,gene,23352.0,UBR4,ENSG00000127481,virus
sp|Q5T4S7|UBR4_HUMAN,sp,Q5T4S7,UBR4,HUMAN,0102041|tr|E9RH93|E9RH93_9BETA,102041,tr,E9RH93,E9RH93,NTLLDK,3740,3745,NTLLDK,145,150,AETFDNTLLDKLLNVD,6,,,very_weak,,,very_weak,,,,,,very_weak,,,,,,,,,very_weak,,,,,,,,,,,,,,weak,very_weak,,,,,,,strong,weak,very_weak,,,very_weak,,,,,,,,,,,weak,very_weak,,,,,,,,weak,very_weak,,,,,,,,,,,,,strong,weak,very_weak,18.8,19.82,41.765,11.04,59.075,54.07000000000001,17.855,33.49,48.51,70.785,30.855,9.415,27.395,1.755,12.89,44.215,53.805,3.935,39.62000000000001,42.935,2.97,52.955,41.79,36.015,30.18,1801.11066733833,676.407523496338,1493.5832050765,385.251656719864,2004.59807354432,6587.0833302787705,580.412557201362,1116.66038111927,1071.56379591194,6146.18534300298,4120.90694602945,187.36757429949,2192.97387866108,70.6925462439877,667.64587583905,498.175820061178,2920.81785708393,159.178957236856,1518.8592272668,1456.52657553534,118.726664577617,2402.76646187777,1672.37496630165,1020.65123631613,Ubiquitin protein ligase E3 component n-recognin 4,Q5T4S7,609890.0,gene,23352.0,UBR4,ENSG00000127481,virus
sp|Q5T4S7|UBR4_HUMAN,sp,Q5T4S7,UBR4,HUMAN,0102041|tr|E9RH48|E9RH48_9BETA,102041,tr,E9RH48,E9RH48,CREELQN,1795,1801,CREELQN,162,168,NLDDNCREELQNEIDKV,7,,,,,,,,,,,,,,,,,,,,,,,,,,,,,,,,,,,,,,,,,,,,,,,,,,,,,,,,,,,,,,,,,,,,,,,,,,,,,,,,,,,,,57.52,76.58500000000002,88.31,53.695,86.97,77.34,67.78,80.21000000000002,82.015,95.0,73.1,74.845,64.145,60.44,73.85499999999998,80.47,78.21,66.125,78.875,81.81,60.51000000000001,90.71,85.75,77.68,84.02,7895.630358156791,7966.68334390963,17606.3676320647,7965.649038087521,16601.589072251798,16048.0802668741,10611.1552513567,12409.1681009429,7590.21999321264,25925.5768406228,21945.0258257639,9212.55351290396,5673.942930123671,7489.632934930391,13902.7479312762,7337.5535947218,10747.8488510011,11636.5994902409,14798.20388699,12041.8615064533,5911.642415127441,13306.2513632145,12125.6678531715,10176.8938952666,Ubiquitin protein ligase E3 component n-recognin 4,Q5T4S7,609890.0,gene,23352.0,UBR4,ENSG00000127481,virus
sp|Q5T4S7|UBR4_HUMAN,sp,Q5T4S7,UBR4,HUMAN,0102041|tr|E9RH90|E9RH90_9BETA,102041,tr,E9RH90,E9RH90,ASLHTS,2530,2535,ASLHTS,99,104,CSMTVASLHTSHINVY,6,,,,,weak,very_weak,,,very_weak,,,very_weak,,weak,very_weak,,,,,,very_weak,,weak,very_weak,,,very_weak,,,very_weak,,,,,,,,,very_weak,,,very_weak,,,very_weak,,,,,,very_weak,,weak,very_weak,,weak,very_weak,,,,strong,weak,very_weak,,,very_weak,,,,,weak,very_weak,,,very_weak,,,very_weak,,,,strong,weak,very_weak,26.295,7.35,17.735,17.95,4.75,21.14,17.725,8.620000000000001,14.43,13.4,22.75,28.7,13.8,19.055,27.255,2.59,7.945,23.47,0.655,10.24,20.895,7.1,10.14,10.75,22.125,2992.69915289427,203.52954325017,430.305984802772,1402.23347100583,118.188358220012,1873.5623222985,1136.13532122705,103.758239855584,121.430231728542,265.093940234235,2585.6270289914,788.833765878387,1966.8073401756892,602.800767900603,2478.30820412928,13.3577171779703,137.72818826955,1328.24591736795,103.524993057321,294.361583830413,782.3737578024402,137.406683398432,133.167927237007,288.987318409998,Ubiquitin protein ligase E3 component n-recognin 4,Q5T4S7,609890.0,gene,23352.0,UBR4,ENSG00000127481,virus
sp|Q5T4S7|UBR4_HUMAN,sp,Q5T4S7,UBR4,HUMAN,0151521|tr|A4ZKK8|A4ZKK8_9ADEN,151521,tr,A4ZKK8,A4ZKK8,LHTVEK,1845,1850,LHTVEK,847,852,EGDMCLHTVEKVDPLV,6,,,,,,,,,,,,,,,,,,,,,,,,very_weak,,,,,,,,,,,,,,,,,,,,,,,,,,,,,,,,,,,,,,,,,,,,,,,,,,,,,,,,,,,,very_weak,29.895000000000003,38.77,59.345,44.21,48.935,50.49,40.235,17.685000000000006,50.585,59.09,66.965,42.285,36.685,54.105,63.585,61.635,46.66,55.465,49.52,65.355,50.865,36.155,32.955,60.64999999999999,56.23,2627.44994760005,1126.35576120712,3526.59699904015,4223.55608549839,2438.9648306501103,8998.96694541871,3942.5637050352,836.757430665932,2052.46501068321,2942.86445372601,12119.7654235077,4623.75216496569,2396.8722932563,3248.38245721009,6874.48220572245,1155.99994054061,1992.8121849328,6097.50141336635,3679.27033718193,3151.9928520031,2754.93426827896,908.364307494616,995.619123534476,2667.32182049103,Ubiquitin protein ligase E3 component n-recognin 4,Q5T4S7,609890.0,gene,23352.0,UBR4,ENSG00000127481,virus
sp|Q5T4S7|UBR4_HUMAN,sp,Q5T4S7,UBR4,HUMAN,0001259|tr|Q1G7V9|Q1G7V9_LACDA,1259,tr,Q1G7V9,Q1G7V9,GGSKTS,2156,2161,GGSKTS,111,116,GFILPGGSKTSANLQY,6,,,,,,,,,,,,,,,,,,,,,,,,,,,,,weak,very_weak,,,,,,,,,,,,,,,,,,,,,,,,,,,,,,,,,,,,,,,,,,,,,,,,,,,,,weak,very_weak,92.625,71.35000000000001,47.975,76.43,51.02,44.605,76.405,54.635,60.015,2.89,69.445,88.565,45.585,87.74000000000001,85.2,31.42,47.345,86.32,66.13,47.98,88.06,32.35,42.295,76.18,56.015,21153.3129296663,3671.03911824459,2144.68235339834,9225.22129326245,1978.37521316444,4914.856423404,9122.09441447842,1850.2343386638,3494.31223704919,38.7511641751857,11887.0382437934,12898.4280839386,5756.93042685577,12960.1202859973,14917.8089304195,145.56221926091,2286.37776537682,14685.5945533354,7484.6913596106,1774.59032947846,10597.9602722237,590.062520542961,806.32533265453,4758.19371728377,Ubiquitin protein ligase E3 component n-recognin 4,Q5T4S7,609890.0,gene,23352.0,UBR4,ENSG00000127481,bacteria
sp|Q5T4S7|UBR4_HUMAN,sp,Q5T4S7,UBR4,HUMAN,0001259|tr|Q1GBA4|Q1GBA4_LACDA,1259,tr,Q1GBA4,Q1GBA4,LLLSLP,2511,2516,LLLSLP,101,106,VTVQPLLLSLPRNGSN,6,,,,,,very_weak,strong,weak,very_weak,,,,,,,,,,,,very_weak,,,,,,very_weak,,,,,,,,,,,,very_weak,,,,,,,,,,,,,,,very_weak,,,,,,,,,very_weak,,,very_weak,,,,,,,,,,,,,strong,weak,very_weak,strong,weak,very_weak,57.91,12.625,1.56,65.58500000000001,21.44,21.45,16.979999999999997,32.145,12.585,36.17,28.81,34.724999999999994,66.94,34.04,33.695,17.335,20.515,44.365,18.38,16.96,44.365,27.26,27.39,37.125,0.8300000000000001,4838.35052846043,95.7548846288345,155.599580007444,7062.35957203877,444.892324327758,1934.13959104843,1866.15761385361,475.451901692235,558.626124476886,1365.24053566339,2234.36067346755,825.16843260737,6246.07389514069,486.041879664884,1561.90625251028,69.1118911987473,730.607105813924,1556.65934717208,579.985678665073,466.43820015776,789.320411294389,185.44350065931,339.872749948636,731.89675883543,Ubiquitin protein ligase E3 component n-recognin 4,Q5T4S7,609890.0,gene,23352.0,UBR4,ENSG00000127481,bacteria
sp|Q5T4S7|UBR4_HUMAN,sp,Q5T4S7,UBR4,HUMAN,0001259|tr|Q1GBQ5|Q1GBQ5_LACDA,1259,tr,Q1GBQ5,Q1GBQ5,QVVKLI,3561,3566,QVVKLI,170,175,TYPNPQVVKLISSQAD,6,,,,,,very_weak,,,very_weak,,,,,weak,very_weak,,,,,,,,,very_weak,,,,,,,,,,,,,,,very_weak,,,very_weak,,,,,,,,,,,weak,very_weak,,,very_weak,,,,,weak,very_weak,,weak,very_weak,,,,,weak,very_weak,,,,,weak,very_weak,,,very_weak,,weak,very_weak,45.755,10.355,10.635,50.125,5.75,25.015,41.835,17.46,30.46,34.21,32.175,58.195,16.675,33.045,30.325,2.06,15.25,47.025000000000006,3.665,4.59,38.435,4.855,23.325,2.205,13.745,7463.0194319682,437.749091934564,517.82875261447,6779.05133886778,240.507080334405,4680.17500681263,5787.21985538347,524.919572436296,1374.98005292363,1568.86740492779,6926.59624654531,5537.72106584145,1890.40210518902,2874.23190355752,5312.98659877797,21.7605510043434,858.80764458436,6576.18792151914,480.639717496398,225.694729498879,2853.81084780214,341.210252053392,533.219806457457,101.235408361701,Ubiquitin protein ligase E3 component n-recognin 4,Q5T4S7,609890.0,gene,23352.0,UBR4,ENSG00000127481,bacteria
sp|Q5T4S7|UBR4_HUMAN,sp,Q5T4S7,UBR4,HUMAN,0001259|tr|Q1GAK4|Q1GAK4_LACDA,1259,tr,Q1GAK4,Q1GAK4,GQVVTK,4815,4820,GQVVTK,34,39,RVRVDGQVVTKLGTKV,6,,,,,weak,very_weak,,,,,,very_weak,,,,,,,,weak,very_weak,,,,,,,,,,,,,,,,,,,,,,,,,,,,,,,,,very_weak,,,,,,,,,,,,,,,,,,very_weak,,,,,,,,,very_weak,,weak,very_weak,66.485,6.71,26.82,12.405,36.010000000000005,38.095,5.470000000000001,35.375,31.27,42.565,25.26,48.260000000000005,58.395,32.06,40.445,15.565,30.12,46.315,24.450000000000003,26.86,38.89,15.86,38.195,42.33,17.48,11333.9005101332,399.212495429171,1093.15798817548,452.573044458627,1582.38633316365,5667.1326412053,179.113336217729,1359.41820434085,645.441952651181,2534.44098169484,5023.40340749616,4934.30464550445,6920.15403998356,2870.00561073052,5167.0048917699,182.262768997559,2650.40610622657,7145.13791769519,2477.26264967553,1363.64613461309,3188.62703448169,1193.20865785842,1530.25748409486,2473.80741874996,Ubiquitin protein ligase E3 component n-recognin 4,Q5T4S7,609890.0,gene,23352.0,UBR4,ENSG00000127481,bacteria
sp|Q5T4S7|UBR4_HUMAN,sp,Q5T4S7,UBR4,HUMAN,0001259|tr|Q1G8X5|Q1G8X5_LACDA,1259,tr,Q1G8X5,Q1G8X5,TSYLDE,4167,4172,TSYLDE,17,22,HLAALTSYLDEKGIDL,6,strong,weak,very_weak,,,,,,,,,,,weak,very_weak,,,,,,,,,,,,,,,,,,,,,,,,,,,very_weak,,,,,,,,,,,,,,,,,,,,,,,,,,,,,,very_weak,,,,,weak,very_weak,,,,strong,weak,very_weak,0.37,27.195,41.635,29.035,4.135,48.495,31.27,37.01,58.83,50.665000000000006,61.475,48.74,18.915,42.395,47.335,31.535000000000004,43.145,36.370000000000005,21.465,21.065,40.24,12.445,37.8,6.47,46.63,80.8855796625143,1119.0430770663,1994.5378745685,1872.89348125669,189.617055497163,7816.83352716979,2941.68656730075,1117.49435161125,3809.46676247329,1893.4726559629,8349.97513266298,1849.47376826727,1221.09287418411,1327.25466591368,3706.44020981969,188.145631870896,1497.59632618639,1972.86027428753,1040.71260088377,778.371566920516,934.240278154136,586.644067531439,731.89675883543,112.295581554712,Ubiquitin protein ligase E3 component n-recognin 4,Q5T4S7,609890.0,gene,23352.0,UBR4,ENSG00000127481,bacteria
sp|Q5T4S7|UBR4_HUMAN,sp,Q5T4S7,UBR4,HUMAN,0001259|tr|Q1G804|Q1G804_LACDA,1259,tr,Q1G804,Q1G804,QVSSDE,4753,4758,QVSSDE,108,113,LRKNKQVSSDENWVKL,6,,,,,,,,,,,weak,very_weak,,,,,,,,weak,very_weak,,,,,,,,,,,,,,,,,,,,,,,,,,,,,,,,,,,,,,,,,,,,,,,,,,,,,,,,,,,,,,weak,very_weak,50.965,47.0,69.775,8.18,57.25,50.165,3.5650000000000004,47.295,50.97,61.575,65.445,58.025000000000006,45.255,59.79,58.32,72.23,45.11,50.145,59.5,41.23,52.92,55.790000000000006,43.97,55.605,69.035,8130.04263502508,3379.63722979086,6262.65323807182,915.815065238731,5850.55606210391,5803.89981874711,328.207174445286,3728.32049643388,2126.63561520267,5687.77268823457,13167.0451397421,4533.7880991301,4393.78603418705,5669.03379070199,8283.47647642999,3185.5579912607,5116.26948997113,6183.27098265898,8881.44044647665,2502.09909070788,4093.22246995156,4887.49320806269,3202.42238573347,4756.59802427421,Ubiquitin protein ligase E3 component n-recognin 4,Q5T4S7,609890.0,gene,23352.0,UBR4,ENSG00000127481,bacteria
sp|Q5T4S7|UBR4_HUMAN,sp,Q5T4S7,UBR4,HUMAN,0001259|tr|Q1G9D0|Q1G9D0_LACDA,1259,tr,Q1G9D0,Q1G9D0,LGLSGQ,2841,2846,LGLSGQ,604,609,KLWESLGLSGQLFKKV,6,,,,,,,,,,,,,,,,,,,,,,,,,,,,,,,,,,strong,weak,very_weak,,,,,,,,weak,very_weak,,weak,very_weak,,,,,,,,,,strong,weak,very_weak,,,,,,,,weak,very_weak,,,,,,,,,,,,,strong,weak,very_weak,39.705,51.06,51.905,57.555,49.855,63.835,36.83,47.66,50.76,49.940000000000005,46.625,1.275,42.29,4.05,8.684999999999999,33.655,52.63,1.37,22.225,53.145,3.665,40.465,42.63,47.205000000000005,51.86,2280.3989758631,696.391333552843,1662.9741355034,4253.68659826866,618.384602242427,5586.28572966342,2205.94356343985,523.207158634455,1210.80471181903,931.615820476202,3126.04489474329,25.3886499975612,2347.9743991792,93.8095367313915,452.631809153453,86.8606785278429,1040.98288268531,47.1051368714851,469.61327504523,1371.69616822395,118.546957253313,427.003780172206,388.928895853053,1027.96584750239,Ubiquitin protein ligase E3 component n-recognin 4,Q5T4S7,609890.0,gene,23352.0,UBR4,ENSG00000127481,bacteria
sp|Q5T4S7|UBR4_HUMAN,sp,Q5T4S7,UBR4,HUMAN,0001259|tr|Q1G847|Q1G847_LACDA,1259,tr,Q1G847,Q1G847,LDESNAE,4570,4576,LDESNAE,343,349,TAVNNLDESNAEQVVRM,7,,,,,,,,,,,,,,,,,,very_weak,,,,,,very_weak,,,very_weak,,,,,,,,,,,,,,,very_weak,,,,,,,,,very_weak,,,,,,,,,,,,,,,,,,,,,,,,very_weak,,,,,,,,,very_weak,29.245,65.47,72.63499999999999,22.62,54.73,18.48,36.225,14.325,16.71,24.585,39.77,45.225,10.83,43.38,72.43,29.155,34.42,46.645,52.69,42.495,51.64,42.21,16.43,47.515,76.645,4271.16548707005,5460.49248254709,9121.40354736796,3442.97221665226,7057.92899882636,3921.84405835461,5478.00858671253,881.267276456406,597.527961783151,1743.11489567932,11173.5416594079,5236.51197058921,1170.52427057627,5727.41918912429,12790.7227350168,976.004508818816,2139.60647722301,9277.77320519952,8477.60423041153,3470.3866431454,4825.80285588027,3751.22276579178,949.495575442538,4400.68471398479,Ubiquitin protein ligase E3 component n-recognin 4,Q5T4S7,609890.0,gene,23352.0,UBR4,ENSG00000127481,bacteria
sp|Q5T4S7|UBR4_HUMAN,sp,Q5T4S7,UBR4,HUMAN,0001259|sp|Q1GBA8|RPIA_LACDA,1259,sp,Q1GBA8,RPIA,QKQLEG,2611,2616,QKQLEG,63,68,TSSRSQKQLEGYGFTV,6,,,,,,,,,,,,,,,,,,,,,,,,,,,,,,,,,,,,,,,,,,,,,,,,,,,,,,,,,,,,,,,,,,,,,,,,,,,,,,,,,,,,,82.17500000000001,43.885,81.83,66.435,57.16,88.94999999999999,83.19999999999999,44.88,83.065,75.6,55.21,64.535,85.82499999999999,67.63,49.56,42.21,69.93,72.305,23.09,85.81,65.485,62.065,56.76,80.445,70.47,15167.1458272255,2707.47649748195,7943.27202302342,10440.1037795223,3923.75403003295,19011.1749363398,13755.961736756,2989.10709246504,8531.1570820995,4147.02836939682,13453.0414055163,5087.34454695749,10008.401880947,6386.43949893226,5980.2860463724,651.553366801114,6723.09908422873,8784.4374239116,2357.69902487269,8191.32030141242,4829.25021834215,3363.11294135595,1775.05120548864,7159.06706267045,Ubiquitin protein ligase E3 component n-recognin 4,Q5T4S7,609890.0,gene,23352.0,UBR4,ENSG00000127481,bacteria
sp|Q5T4S7|UBR4_HUMAN,sp,Q5T4S7,UBR4,HUMAN,0001259|tr|Q1G9A8|Q1G9A8_LACDA,1259,tr,Q1G9A8,Q1G9A8,IAELGM,3029,3034,IAELGM,354,359,ELPIRIAELGMMHRYE,6,,,,strong,weak,very_weak,,,very_weak,,,,,,very_weak,,,,,,very_weak,,,,,,,,,,strong,weak,very_weak,,,very_weak,,,very_weak,,,,,weak,very_weak,,weak,very_weak,,,,,,,,,,,,very_weak,,weak,very_weak,,,,,,very_weak,,,,,weak,very_weak,,,,,,,strong,weak,very_weak,31.815,1.2699999999999998,19.89,20.625,18.985,20.75,10.14,21.805,27.88,24.475,1.255,14.955,27.125,5.654999999999999,4.635000000000001,20.32,21.355,11.62,4.37,23.595,10.565,30.975,7.57,27.065,20.2,2249.98392606608,29.942923596154,261.411104535843,1456.4792984188,143.29946193859,1680.90114838809,369.417283461771,187.574470558028,312.177240330411,620.724100272325,288.902907714986,416.058301454713,2508.03492297331,175.879352369079,331.677085939182,55.1465269131315,451.247971531249,568.916335855392,163.934950070106,286.899951736968,324.861425511554,268.212730172868,82.7095540783702,357.220444420863,Ubiquitin protein ligase E3 component n-recognin 4,Q5T4S7,609890.0,gene,23352.0,UBR4,ENSG00000127481,bacteria
sp|Q5T4S7|UBR4_HUMAN,sp,Q5T4S7,UBR4,HUMAN,0001259|tr|Q1GAF9|Q1GAF9_LACDA,1259,tr,Q1GAF9,Q1GAF9,QLMVPT,1857,1862,QLMVPT,248,253,KILEVQLMVPTHFDAC,6,,,,,weak,very_weak,,,,,,,,,very_weak,,,,,,,,,,,,,,,,,,,,,,,,,,,,,,,,,,,,,,,very_weak,,,,,,,strong,weak,very_weak,,,,,,,,,,,,,,,very_weak,,,,strong,weak,very_weak,30.355,6.05,36.415,24.075,19.955,34.400000000000006,30.695,25.74,29.755000000000003,62.285,36.79,22.11,30.395000000000003,20.41,32.62,10.405,41.775,20.2,1.29,30.165,35.61,41.115,35.465,17.725,41.985,1542.45874171021,70.8234613977976,879.35280056389,1925.55770551258,285.240919171485,3080.84888815166,2109.28839155788,421.331367419138,234.83452056122,2918.29074282453,3453.97917132383,565.895852584973,2426.38342323149,265.69408439208,1488.79131748245,42.6092724906422,1268.09795202124,920.723174886415,84.2531639971994,577.068741002461,530.28555638423,754.327516404802,449.824559584542,281.494352311199,Ubiquitin protein ligase E3 component n-recognin 4,Q5T4S7,609890.0,gene,23352.0,UBR4,ENSG00000127481,bacteria
sp|Q5T4S7|UBR4_HUMAN,sp,Q5T4S7,UBR4,HUMAN,0001259|tr|Q1GA33|Q1GA33_LACDA,1259,tr,Q1GA33,Q1GA33,AIKLLT,480,485,AIKLLT,119,124,ISDITAIKLLTMNVPF,6,,,very_weak,,weak,very_weak,,,very_weak,,,,,,very_weak,,,,,,very_weak,,,,,,,,,,,,,,weak,very_weak,,,,,,,strong,weak,very_weak,,weak,very_weak,,,very_weak,,,very_weak,,weak,very_weak,,weak,very_weak,strong,weak,very_weak,,,,,weak,very_weak,,,,,,,,,,,,very_weak,strong,weak,very_weak,10.09,2.39,16.865000000000002,36.58,12.955000000000002,42.605,17.055,24.1,30.535,21.685,23.340000000000003,4.21,21.82,1.125,9.225,19.43,4.0200000000000005,3.745,1.24,36.135,2.105,28.42,23.415,30.23,18.35,1128.68586969758,85.1429942309992,359.52756518121,2595.91460012209,189.61295231256,2986.00392267644,1184.92335410647,158.27218544431,226.438309672797,1195.0045331569,1520.40478278219,147.731177793074,2219.39814370809,73.2836510018002,560.727407755129,54.9719784896447,168.273166167082,223.121031586714,121.249055972189,575.105305735478,150.31904471176,342.738385155052,387.987417341423,342.152965864836,Ubiquitin protein ligase E3 component n-recognin 4,Q5T4S7,609890.0,gene,23352.0,UBR4,ENSG00000127481,bacteria
sp|Q5T4S7|UBR4_HUMAN,sp,Q5T4S7,UBR4,HUMAN,0001259|sp|Q1GB25|TPIS_LACDA,1259,sp,Q1GB25,TPIS,ETAENV,2777,2782,ETAENV,202,207,DLYNEETAENVRIQYG,6,,,,,,,,,,,,very_weak,,,,,,,,,,,,,,,,,,,,,,,,,,,,,,very_weak,,,,,,,,,very_weak,,weak,very_weak,,,very_weak,,,,,,,,,very_weak,,,,,,very_weak,,,,,,,,,,,weak,very_weak,37.59,62.34,67.605,10.375,71.53,22.855,28.825,21.555,45.99,31.515,38.605,44.335,14.62,34.495000000000005,59.095,9.36,10.925,34.59,52.96,19.16,38.545,14.32,26.24,32.07,65.025,6349.8526754078,4633.01660905568,6773.77235142632,1685.03466640342,7608.63819107875,5988.18531382316,4728.83660748653,1398.47589451804,2694.38440915358,2029.63071818776,10949.7392841806,5790.47682618717,1233.92255240503,4643.40477786051,11309.6457025998,166.435287972304,623.254496432469,7625.78081958607,7512.92646278844,1035.61296935229,4073.20920103456,1660.74449811872,1393.79308056901,1833.7722128587,Ubiquitin protein ligase E3 component n-recognin 4,Q5T4S7,609890.0,gene,23352.0,UBR4,ENSG00000127481,bacteria
sp|Q5T4S7|UBR4_HUMAN,sp,Q5T4S7,UBR4,HUMAN,0001259|sp|P22733|LACY_LACDA,1259,sp,P22733,LACY,LASPVS,176,181,LASPVS,477,482,AESFTLASPVSGQLMN,6,,,,,,,,weak,very_weak,,,,,,,,weak,very_weak,,,,,weak,very_weak,,,,,weak,very_weak,,weak,very_weak,,,,,weak,very_weak,,,very_weak,,,,,,,,,,strong,weak,very_weak,,,very_weak,,,,,,,strong,weak,very_weak,,,,,weak,very_weak,strong,weak,very_weak,,weak,very_weak,,weak,very_weak,strong,weak,very_weak,60.94500000000001,28.205,2.6700000000000004,32.37,36.53,4.5,51.415000000000006,5.02,26.69,2.7150000000000003,7.640000000000001,50.81999999999999,17.63,43.875,50.495,1.045,11.14,55.69500000000001,53.685,1.83,57.745000000000005,8.405,1.64,6.46,4.5,5200.88260087116,686.434382710209,91.2991372185709,3730.1765799437,961.258898551423,434.968253237197,5163.53989157234,79.4990882912146,623.355656773232,53.998123700313,1135.23830606842,2794.62332518188,1449.31099143763,2411.67404329354,4726.53474454543,7.71873539852736,236.530284085609,4595.97038301517,3572.22010137992,54.3121903004138,2674.51760715923,130.262209431991,37.5496637706421,156.935287273212,Ubiquitin protein ligase E3 component n-recognin 4,Q5T4S7,609890.0,gene,23352.0,UBR4,ENSG00000127481,bacteria
sp|Q5T4S7|UBR4_HUMAN,sp,Q5T4S7,UBR4,HUMAN,0001259|tr|Q1GC05|Q1GC05_LACDA,1259,tr,Q1GC05,Q1GC05,LLEEQG,3243,3248,LLEEQG,499,504,KAEQILLEEQGVTPLY,6,,,,,,very_weak,,,,,,,,,,,,,,,,,,,,,,,,,,,,,,,,,,,,,,,,,,,,,,,,,,,,,,,,,,,,,,,,,,,,,,,,,,,,,,very_weak,28.72,16.7,48.71,38.57,42.14,64.265,25.985,60.07000000000001,41.135000000000005,69.925,66.215,54.7,39.005,29.735,38.545,31.155,53.235,43.895,24.16,43.29,30.29,66.195,46.99,49.53,51.56,2647.91239794066,644.458024402879,3543.04273528742,3454.76405755503,2451.55842461472,10865.0046914926,2852.97727434839,2837.83028421127,1214.09744120424,3806.29433006699,10966.1008738092,4447.739491548,2072.59398381784,1864.52282598228,5323.63203684192,283.24802784134,2101.3612574827,4542.57737783972,2111.84600859072,1800.58457849797,1523.41819611152,3811.15705837825,1803.97762655257,2028.64275177613,Ubiquitin protein ligase E3 component n-recognin 4,Q5T4S7,609890.0,gene,23352.0,UBR4,ENSG00000127481,bacteria
sp|Q5T4S7|UBR4_HUMAN,sp,Q5T4S7,UBR4,HUMAN,0001259|tr|Q1GA03|Q1GA03_LACDA,1259,tr,Q1GA03,Q1GA03,KRYNLD,4318,4323,KRYNLD,35,40,FLTRDKRYNLDKNNNS,6,,,,,,,,,,strong,weak,very_weak,,,,,weak,very_weak,,weak,very_weak,,,,,,,,,,,,,,,,,,,,,,,,,,,,,,,,,,,,,,,,,,,strong,weak,very_weak,,,,,,,,,,,,very_weak,,,,strong,weak,very_weak,47.56,41.13,59.815,1.72,51.02,3.78,2.375,50.53,26.92,63.88,39.485,67.765,65.355,75.975,55.845,40.795,76.31,70.785,54.46,0.42,75.905,36.83,61.55,12.98,39.58,10094.0981716765,1898.2521383468,4174.67022037789,191.224086478847,2652.67254242911,684.602346092563,100.708826519998,5804.90465626914,1390.20853120807,9736.1456301921,13058.6508823418,10387.7094752793,13126.789346691,8234.06162219355,8167.337218673,1646.93029160259,13670.646438815,12232.9339106539,4702.15290084186,62.129250795846,7543.6347013986,2885.51165497568,6496.90729408286,863.40089362817,Ubiquitin protein ligase E3 component n-recognin 4,Q5T4S7,609890.0,gene,23352.0,UBR4,ENSG00000127481,bacteria
sp|Q5T4S7|UBR4_HUMAN,sp,Q5T4S7,UBR4,HUMAN,0001259|tr|Q1G7P7|Q1G7P7_LACDA,1259,tr,Q1G7P7,Q1G7P7,ALSELH,1841,1846,ALSELH,56,61,DQLVKALSELHPELSN,6,,,,,weak,very_weak,,,,,,,,,very_weak,,,,,,,,,,,,,,,,,,,,,,,,very_weak,,,,,,,,,,,,,,weak,very_weak,,,,,,,,,very_weak,,,very_weak,,,,,,,,,very_weak,,,very_weak,,,,,weak,very_weak,41.79,9.25,25.385,43.535,18.345,25.805,30.205,23.155,38.59,45.175,21.185,46.11,22.575,24.505000000000003,25.805,9.765,29.855,36.995000000000005,11.745,14.175,24.27,30.71,10.695,15.41,24.905,3226.94368802298,264.329220563409,845.24715319678,3668.61700804741,668.007162573752,2869.26043970053,1813.97927415473,332.939104892351,1391.95446941431,2422.52730982404,2514.61053235404,2031.10258196163,1573.47432585834,889.534619993604,1795.39041055529,80.7378120808588,1212.77140310376,2584.70398871928,755.814401390618,225.562901799595,879.00083813304,841.551374928475,156.426711617132,262.144690167329,Ubiquitin protein ligase E3 component n-recognin 4,Q5T4S7,609890.0,gene,23352.0,UBR4,ENSG00000127481,bacteria
sp|Q5T4S7|UBR4_HUMAN,sp,Q5T4S7,UBR4,HUMAN,0001259|tr|Q1GAJ7|Q1GAJ7_LACDA,1259,tr,Q1GAJ7,Q1GAJ7,ALLKQA,1928,1933,ALLKQA,21,26,FSESRALLKQALENDD,6,,,,,,very_weak,,,,,,,,,,,,,,,,,,,,,,,,,,,very_weak,,,,,,,,,,,,,,,very_weak,,,,,,,,,very_weak,,,,,,very_weak,,,,,,,,,,,,,,,,,,,,,very_weak,40.335,17.27,29.135,64.44,48.035,42.615,40.99,47.805,46.72,56.005,10.985,35.515,44.775,34.114999999999995,15.57,44.53,16.28,40.345,19.22,45.215,28.305,24.05,47.24,39.345,22.97,4454.38550260335,484.697472899886,1494.73102287742,5942.16717846328,1626.91694073478,4473.65706116279,3100.34409211334,507.665497079649,2195.84678527483,1978.46083734197,2426.46218330175,2991.43658598559,3457.34422546415,1470.58827311431,1784.93110336807,276.023306704355,472.615606269001,3310.76187690787,1184.4875336034,1407.18822901275,1390.10324295876,382.394488099389,584.085331035896,1323.91285996149,Ubiquitin protein ligase E3 component n-recognin 4,Q5T4S7,609890.0,gene,23352.0,UBR4,ENSG00000127481,bacteria
sp|Q5T4S7|UBR4_HUMAN,sp,Q5T4S7,UBR4,HUMAN,0001259|tr|Q1GBY9|Q1GBY9_LACDA,1259,tr,Q1GBY9,Q1GBY9,ASSGQA,3354,3359,ASSGQA,268,273,TSSSTASSGQAPATQP,6,,,,,,,,,,,,,,,,,,,,,,,,,,,,strong,weak,very_weak,,,,,,,,,,,,,,,,,,,,,,,,,,,very_weak,,,,,,,,,,,,,,,,,,,,,,,,,strong,weak,very_weak,93.02,83.845,81.72,95.0,94.13,83.08500000000001,95.0,81.495,93.465,0.78,88.36,95.0,29.085,95.0,95.0,80.095,16.125,95.0,93.1,81.56,95.0,25.4,54.225,88.325,88.03999999999999,25028.6819611224,15130.4307823128,13892.3725038609,36859.4058714784,19256.2864895008,21930.3094629164,40076.5349159678,10904.8116822379,19464.2922085976,46.8459224731437,26126.918570739,35074.7153540635,3556.06214125356,36386.2886530652,36696.6527168958,4932.70326295001,1166.95823635474,36798.0401785614,24800.8947969392,12178.919242303,34715.2850624415,1546.26854504242,5462.44251415189,16067.0178288124,Ubiquitin protein ligase E3 component n-recognin 4,Q5T4S7,609890.0,gene,23352.0,UBR4,ENSG00000127481,bacteria
sp|Q5T4S7|UBR4_HUMAN,sp,Q5T4S7,UBR4,HUMAN,0001259|tr|Q1G9S3|Q1G9S3_LACDA,1259,tr,Q1G9S3,Q1G9S3,GSVSSS,2931,2936,GSVSSS,96,101,GRVKLGSVSSSIGELP,6,,,,,,,,,,,,,,,,,,,,,,,,very_weak,,,,strong,weak,very_weak,,weak,very_weak,,,,,,,,,very_weak,,,,,,,,,,,,,,,very_weak,,,,,,,,weak,very_weak,,,,,,,,,very_weak,,,very_weak,,,,strong,weak,very_weak,69.995,23.395,23.78,60.120000000000005,34.06,32.845,56.555,11.985,39.61,1.575,3.84,63.595,17.995,58.925,49.685,23.355,18.21,64.865,56.26,7.984999999999999,51.925,24.33,18.195,13.955,35.870000000000005,10058.5565058868,986.280455192717,696.278320726472,6348.13530773533,1177.47246421137,3445.17079789375,6659.53362711707,169.546976085178,920.075871192892,37.1986643640334,1038.77763383978,3673.02564700779,1717.35560327141,3633.85238678195,5683.28200985773,97.1795830540295,705.47677974467,6002.84596039417,4260.27311663999,278.902281264687,3061.77440650959,339.714660771647,197.584230609795,473.035107214713,Ubiquitin protein ligase E3 component n-recognin 4,Q5T4S7,609890.0,gene,23352.0,UBR4,ENSG00000127481,bacteria
sp|Q5T4S7|UBR4_HUMAN,sp,Q5T4S7,UBR4,HUMAN,0001259|tr|Q1GAB9|Q1GAB9_LACDA,1259,tr,Q1GAB9,Q1GAB9,IKDHLI,1054,1059,IKDHLI,59,64,ELFKEIKDHLIFIGDN,6,,weak,very_weak,,,very_weak,,,,,,very_weak,,weak,very_weak,,,,,,,,weak,very_weak,,,very_weak,,,,,,,,,very_weak,,weak,very_weak,,,,,,very_weak,,,very_weak,,,,,weak,very_weak,,,very_weak,,,,,,very_weak,,,very_weak,,,,,weak,very_weak,,,very_weak,,,very_weak,,,,,weak,very_weak,8.219999999999999,17.155,22.5,10.585,9.595,20.835,25.935,3.12,16.495,59.485,32.285,18.99,33.11,19.83,18.365,8.445,15.585,24.165,17.685000000000002,16.715,20.445,9.63,12.325,12.075,23.865,806.910070083091,396.667879960457,796.923476646618,481.061135764757,214.766847346583,2324.61753289318,953.531273793958,73.8056521669772,286.26429721292,3781.21434952546,4636.37641695052,814.224331721832,2557.33149083891,560.800215836389,1174.2155392164,50.7965466092838,712.742487514948,1179.66578291524,796.794149111711,446.502987414221,577.156160204944,374.775799620774,320.046857361513,298.550625785388,Ubiquitin protein ligase E3 component n-recognin 4,Q5T4S7,609890.0,gene,23352.0,UBR4,ENSG00000127481,bacteria
sp|Q5T4S7|UBR4_HUMAN,sp,Q5T4S7,UBR4,HUMAN,0001259|tr|Q1G9X0|Q1G9X0_LACDA,1259,tr,Q1G9X0,Q1G9X0,GAISTT,2938,2943,GAISTT,360,365,QAAIRGAISTTDFSLQ,6,,,,,,,,,,,,,,,,,,,,,,,weak,very_weak,,,,,weak,very_weak,,,,,,,,,,,weak,very_weak,,,,,,,,,very_weak,,,,,,very_weak,,,very_weak,,,,,weak,very_weak,,,very_weak,,,very_weak,,weak,very_weak,strong,weak,very_weak,,,,strong,weak,very_weak,24.355,23.345,24.9,41.685,33.5,24.73,39.49,8.695,39.49,2.91,21.48,23.595,5.35,20.285,43.255,33.745,10.28,13.305,49.285,6.744999999999999,15.54,16.635,3.115,1.025,39.185,2550.8373569489,882.851528100128,994.413347915322,3722.95918795008,1502.49783522775,3763.66309244709,4730.37180553967,239.481391548771,1603.48190226478,74.8624556347959,4304.19625425348,1192.24078163488,884.476906296224,992.500029869326,4231.1487601041,287.698839773377,426.136086756049,1006.96192957826,3452.67142384722,238.924944872035,802.27873927863,435.72662144797,116.359938767894,69.3545955734368,Ubiquitin protein ligase E3 component n-recognin 4,Q5T4S7,609890.0,gene,23352.0,UBR4,ENSG00000127481,bacteria
sp|Q5T4S7|UBR4_HUMAN,sp,Q5T4S7,UBR4,HUMAN,0001259|sp|Q1GAR4|DEF_LACDA,1259,sp,Q1GAR4,DEF,QVGEGV,1505,1510,QVGEGV,65,70,GLAAPQVGEGVSMAAL,6,,,,,,,,,,,,,,,,,,,,,,,,,,,,,weak,very_weak,,,,,,,,,,,,,,,,,,,,,,,,,,,,,,,,,,,,,,,,,,,,,,,,,,,,,weak,very_weak,73.75,70.175,69.63499999999999,75.425,80.16,69.0,77.97,60.015,72.05,4.09,70.89,80.985,33.98,80.905,84.49000000000001,41.745000000000005,21.315,82.53999999999999,79.91,48.015,80.83500000000001,42.405,44.975,63.12,80.5,9530.09429168689,4080.88481634339,5245.98239313027,9325.77988589952,6818.62754834579,11426.7419397679,11624.8961747353,2905.75080937839,4054.47806230153,56.2828038411313,13043.2591641929,8614.26476019394,1944.54726596282,7995.26594987269,14575.8921974807,551.849690999846,789.909910073842,11730.7780974085,10585.2398109346,2257.10371072884,7422.35278530829,1423.45092764693,1104.73911077349,5090.86857911605,Ubiquitin protein ligase E3 component n-recognin 4,Q5T4S7,609890.0,gene,23352.0,UBR4,ENSG00000127481,bacteria
sp|Q5T4S7|UBR4_HUMAN,sp,Q5T4S7,UBR4,HUMAN,0001259|tr|Q1G9U9|Q1G9U9_LACDA,1259,tr,Q1G9U9,Q1G9U9,NTLLQQ,729,734,NTLLQQ,179,184,FYPRENTLLQQQIAAR,6,,,,,weak,very_weak,,,,,,,,,,,,,,,,,,,,,,,,,,,very_weak,,,,,,,,,,,,,,,very_weak,,,,,,,,weak,very_weak,,,,,,,,,,,,,,,,,,,,,,,,,,weak,very_weak,30.98,7.9,38.370000000000005,67.94,46.22,48.59,31.73,54.925,52.35,67.455,14.03,42.77,41.9,38.02,19.87,32.365,8.99,43.11,20.505,49.53,28.090000000000003,23.14,60.195,56.685,36.68,3899.96719228165,146.722835794222,1680.39199014088,6253.85056278174,1835.22117865172,4260.13483325263,2443.48153676563,2160.49655937517,1528.73499368295,4833.58903385028,3056.31320895934,2676.74673753971,3108.40536268643,1409.79419347759,2085.19010985513,272.088521747221,479.439921581089,3541.04987924267,1231.5883784598,1066.89000895379,1079.36005569543,851.617940582977,1991.62663948941,1634.53918500506,Ubiquitin protein ligase E3 component n-recognin 4,Q5T4S7,609890.0,gene,23352.0,UBR4,ENSG00000127481,bacteria
sp|Q5T4S7|UBR4_HUMAN,sp,Q5T4S7,UBR4,HUMAN,0001259|tr|Q1GBN2|Q1GBN2_LACDA,1259,tr,Q1GBN2,Q1GBN2,LAASSG,3336,3341,LAASSG,22,27,LAGAFLAASSGLPAYL,6,,,,,,,,weak,very_weak,,,,,,very_weak,,weak,very_weak,,,,,weak,very_weak,,,very_weak,,,very_weak,,,very_weak,,,,,weak,very_weak,,,,,,,,,,,,,,weak,very_weak,,,very_weak,,,,,,,,weak,very_weak,,,,,,very_weak,strong,weak,very_weak,,weak,very_weak,,weak,very_weak,strong,weak,very_weak,43.355,20.845,6.48,23.625,12.23,7.045,27.195,3.4400000000000004,12.55,10.495,15.255,41.555,21.15,41.36,47.935,4.32,14.235,49.095,35.36,3.565,48.68000000000001,15.655,1.315,5.890000000000001,9.705,1742.85087404268,296.118516180526,92.8562548889179,1789.57214066945,139.467700307056,198.042253625351,1687.44297037379,26.9704414489078,57.1455578189381,44.8544391552495,937.916796317385,1044.60465700553,1089.22644197029,1044.42383440513,2695.05500335461,8.80258941252131,102.622772442244,2116.9934554061,1270.99629284191,42.1206454001248,1210.55582527041,61.3370857823833,16.0360664539567,62.1635437171899,Ubiquitin protein ligase E3 component n-recognin 4,Q5T4S7,609890.0,gene,23352.0,UBR4,ENSG00000127481,bacteria
sp|Q5T4S7|UBR4_HUMAN,sp,Q5T4S7,UBR4,HUMAN,0001259|tr|Q1GAE0|Q1GAE0_LACDA,1259,tr,Q1GAE0,Q1GAE0,VASLQEL,244,250,VASLQEL,206,212,WREKGVASLQELGFKTA,7,,,,,,,,,,,,,,,very_weak,,,,,,,,,,,,,,,,,,very_weak,,,very_weak,,,,,weak,very_weak,,,very_weak,,,very_weak,,weak,very_weak,,,very_weak,,,,,,very_weak,strong,weak,very_weak,,,,,weak,very_weak,,,very_weak,,,,,,,,,,strong,weak,very_weak,21.790000000000003,21.37,47.215,29.725,18.055,52.165000000000006,24.525,37.785,50.485,26.02,18.345,15.065,2.115,11.29,10.785,19.775,23.0,11.12,0.945,43.370000000000005,8.635,11.645,25.65,36.965,32.605000000000004,4160.6012506145,1061.76549217767,2744.19464824096,5181.67300439607,1223.39391955055,10167.7587237102,3960.04935107184,2186.43485956463,3888.59068700222,1886.68318887545,3139.46758246538,712.919879047251,804.982915119983,679.944293129872,1727.26941691029,277.10354546859,1059.344274834,1173.91066475918,236.0573046475,3027.67848347853,540.644210353372,830.282180595955,1069.71034745663,1878.69804518457,Ubiquitin protein ligase E3 component n-recognin 4,Q5T4S7,609890.0,gene,23352.0,UBR4,ENSG00000127481,bacteria
sp|Q5T4S7|UBR4_HUMAN,sp,Q5T4S7,UBR4,HUMAN,0001259|tr|Q1GBC5|Q1GBC5_LACDA,1259,tr,Q1GBC5,Q1GBC5,VGSSSR,1832,1837,VGSSSR,142,147,DLSIDVGSSSREETIN,6,,,,,,,,,,,,very_weak,,,,,,,,weak,very_weak,,,,,,,,,,,,,,,,,,,,,very_weak,,,,,,,,,,,,,,,,,,,,,,,,,,,,,,,,,,,,,,,,,weak,very_weak,72.22999999999999,57.235,63.625,14.805,66.365,34.715,9.815,63.785,48.620000000000005,23.675,77.41,80.535,15.35,83.19999999999999,76.63,65.51,40.085,77.11,71.97,24.35,80.375,49.33,49.285,34.47,57.620000000000005,13024.7848623735,4738.51667981478,7015.141961038,993.488475731783,7707.15349044495,5848.02454117603,741.437403136436,5608.87628937505,2506.13609540962,1171.38579475815,18170.5161294261,13489.3344449422,1648.2672905508,13449.2574057311,17257.0784546331,2543.01113090904,3854.57648885496,16821.8209212619,11730.9050225133,1183.60356703147,10902.098304044,2904.6192049172,2926.76519293075,3014.14666593495,Ubiquitin protein ligase E3 component n-recognin 4,Q5T4S7,609890.0,gene,23352.0,UBR4,ENSG00000127481,bacteria
sp|Q5T4S7|UBR4_HUMAN,sp,Q5T4S7,UBR4,HUMAN,0001259|tr|Q1G892|Q1G892_LACDA,1259,tr,Q1G892,Q1G892,FSADTG,4974,4979,FSADTG,32,37,LKGVDFSADTGNVVLL,6,,,,,,,,,,strong,weak,very_weak,,,,strong,weak,very_weak,,weak,very_weak,,weak,very_weak,,weak,very_weak,,,very_weak,,,,,,,,,,,,very_weak,,,,,,,,weak,very_weak,,weak,very_weak,,,,,,,,,,,weak,very_weak,,,,,,,,,very_weak,,,very_weak,,,,strong,weak,very_weak,20.71,57.01,50.88,0.03,38.67,1.125,5.234999999999999,6.6000000000000005,7.76,15.125,30.575,34.78,14.475,28.49,54.365,5.515,54.52,23.765,42.97,3.205,33.82,32.96,11.39,13.895,52.84,2972.20810923504,2753.8316012251,3187.59219531539,7.94944391664415,2024.78332185842,87.2874589930468,289.585150664652,212.306279115605,64.5110982211336,498.121921457888,5780.02344336033,2248.9130305992,1260.61498287612,2217.59786956517,8041.76841739758,57.3425165820478,2741.07880284116,2913.7789720849,4231.28610260754,90.4320095936122,2171.27636632845,1433.10943765556,318.947567743261,471.890033157636,Ubiquitin protein ligase E3 component n-recognin 4,Q5T4S7,609890.0,gene,23352.0,UBR4,ENSG00000127481,bacteria
sp|Q5T4S7|UBR4_HUMAN,sp,Q5T4S7,UBR4,HUMAN,0001259|sp|Q1G971|SYL_LACDA,1259,sp,Q1G971,SYL,YFLRYI,265,270,YFLRYI,497,502,AGSSWYFLRYIDPHND,6,,weak,very_weak,,,very_weak,,,very_weak,,,,,weak,very_weak,,,,,,,,,,,,,,,,,,,,weak,very_weak,,,,,,very_weak,,,very_weak,,,,,,,,,,,,,,weak,very_weak,,,,,,very_weak,,,very_weak,,,very_weak,,,,,weak,very_weak,,,,,weak,very_weak,7.59,19.32,17.835,33.765,9.21,25.95,57.775000000000006,30.910000000000004,37.41,71.19,40.78,7.175,17.055,16.65,26.565,27.005000000000003,56.275000000000006,6.255,35.59,16.045,11.095,10.86,31.895,7.605,22.395,183.023588997629,484.299068468369,918.335391515309,2423.49731868384,159.430608979725,2667.92794579384,5171.59120548837,631.843638689598,1358.55067366132,3923.83893924893,6200.82407522838,265.521655302396,1494.29442488,556.556802361367,1318.43794983824,270.085223660678,1913.2426295987,425.5463258984,2194.37424756601,349.539351140293,525.624304743991,207.790642305867,586.942469258961,112.57294656243,Ubiquitin protein ligase E3 component n-recognin 4,Q5T4S7,609890.0,gene,23352.0,UBR4,ENSG00000127481,bacteria
sp|Q5T4S7|UBR4_HUMAN,sp,Q5T4S7,UBR4,HUMAN,0001259|tr|Q1GBH4|Q1GBH4_LACDA,1259,tr,Q1GBH4,Q1GBH4,LQNTLL,727,732,LQNTLL,303,308,ASQVRLQNTLLNVAGS,6,,,,strong,weak,very_weak,,weak,very_weak,,,,,,very_weak,,weak,very_weak,,,very_weak,,,,,weak,very_weak,,,,,weak,very_weak,,weak,very_weak,,,very_weak,,,,,weak,very_weak,,weak,very_weak,,,,,weak,very_weak,,weak,very_weak,,weak,very_weak,,,very_weak,strong,weak,very_weak,,weak,very_weak,,,,,,,,weak,very_weak,,weak,very_weak,strong,weak,very_weak,29.925,0.2,5.630000000000001,33.235,11.07,4.725,14.7,26.06,8.315000000000001,47.57,3.795,4.67,43.175,2.09,3.34,6.7250000000000005,4.9,6.455,10.17,1.415,4.23,26.165,29.58,4.26,9.59,2314.80393400411,24.0482607326425,212.173088713236,2805.65136988413,194.891988243688,322.549836052814,1236.55545880547,321.038762380171,82.2036995725671,1878.71837239085,785.588621802839,136.445188483187,3788.50368497433,111.043856363274,508.391068402669,26.1854394591105,134.004796519279,389.889532635966,509.49239531258,60.9401832941258,192.057636841339,283.226575887694,520.485666286622,129.259769032218,Ubiquitin protein ligase E3 component n-recognin 4,Q5T4S7,609890.0,gene,23352.0,UBR4,ENSG00000127481,bacteria
sp|Q5T4S7|UBR4_HUMAN,sp,Q5T4S7,UBR4,HUMAN,0001259|tr|Q1G847|Q1G847_LACDA,1259,tr,Q1G847,Q1G847,LDESNA,4570,4575,LDESNA,343,348,TAVNNLDESNAEQVVR,6,,,,,,,,,,,,,,,,,,,,,,,,very_weak,,,very_weak,,,,,,,,,,,,,,,very_weak,,,,,,,,,very_weak,,,,,,,,,,,,,,,,,,,,,,,,very_weak,,,,,,,,,very_weak,27.97,65.045,69.60499999999999,24.305,57.61,20.895,37.31,16.23,18.81,30.92,46.42,49.985,13.855,48.17999999999999,74.23,33.010000000000005,41.435,53.245,51.09,42.495,57.945,53.55,18.77,47.515,76.44999999999999,4599.65168272024,6978.50128039573,10207.3301569428,3629.72639584681,8374.13209200799,4693.86738020941,6307.19402118612,1097.6499004206,783.085150322039,2787.25517754856,14173.0988238126,6834.13813092274,1496.20345954078,7562.10349560286,15637.3931699565,1379.94302242289,3471.96405171936,11468.607012408,9862.52764486654,3470.3866431454,6643.0535310491,5895.35441674937,1202.46227615708,4400.68471398479,Ubiquitin protein ligase E3 component n-recognin 4,Q5T4S7,609890.0,gene,23352.0,UBR4,ENSG00000127481,bacteria
sp|Q5T4S7|UBR4_HUMAN,sp,Q5T4S7,UBR4,HUMAN,0001259|tr|Q1GAI0|Q1GAI0_LACDA,1259,tr,Q1GAI0,Q1GAI0,QTIRQLI,1883,1889,QTIRQLI,193,199,CDVSMQTIRQLIKEGEL,7,,,,,weak,very_weak,,,very_weak,,,,,,,,,,,,,,,,,,,,,,,,,,,,,,very_weak,,,,,,,,,very_weak,,,,,,,,,,,,,,weak,very_weak,,,,,,,,,very_weak,,,,,,,,weak,very_weak,,weak,very_weak,42.38,7.585,16.925,62.16,35.485,56.95,20.435,48.785,36.004999999999995,63.23,43.945,47.73,59.305,31.590000000000003,12.69,34.72,32.56,38.18,7.07,48.0,25.895,17.02,42.33,49.105,7.495,4003.51867772839,98.7610945869971,1093.95073319431,6232.03282486253,737.924013167354,5983.78115724509,1660.60075324191,1054.56403097301,1147.0790532941,3355.7705644637,5242.23754621614,2794.10933997254,5362.59668895722,1011.14341272099,1491.59681773155,157.32461254338,1194.22900386992,3387.58157520869,659.454211054296,1029.35708341356,1239.34147784418,276.154744471792,997.171555058726,970.717683089307,Ubiquitin protein ligase E3 component n-recognin 4,Q5T4S7,609890.0,gene,23352.0,UBR4,ENSG00000127481,bacteria
sp|Q5T4S7|UBR4_HUMAN,sp,Q5T4S7,UBR4,HUMAN,0001259|tr|Q1G7Q3|Q1G7Q3_LACDA,1259,tr,Q1G7Q3,Q1G7Q3,LLQLLT,1491,1496,LLQLLT,65,70,TVGHELLQLLTKTISG,6,,,,,,,,weak,very_weak,,,,,weak,very_weak,,,,,,,,,,,,,,,,,,,,,,,,very_weak,,,,,,,,,,,,,,weak,very_weak,,,,,,,,weak,very_weak,,,,,,,,,,,,,,,,,weak,very_weak,,weak,very_weak,47.73,20.03,4.285,53.17999999999999,8.17,40.795,24.77,24.32,27.47,81.03,47.510000000000005,32.33,70.655,20.15,24.835,5.355,57.510000000000005,31.22,3.46,27.040000000000003,35.785,37.66,34.19,33.49,2.225,3689.11628355125,163.031070062413,121.330420309779,3819.95042838537,198.471272301667,4991.38379347441,1981.3957035366,466.43820015776,860.304977808048,5014.93162987046,3819.95042838537,562.61131876261,5532.92978663308,259.060018478124,789.089857632481,29.2962262309199,1598.85631877769,877.432990020626,173.881246738875,682.767811592882,453.818527066758,746.193707290158,532.401192029832,469.999598336062,Ubiquitin protein ligase E3 component n-recognin 4,Q5T4S7,609890.0,gene,23352.0,UBR4,ENSG00000127481,bacteria
sp|Q5T4S7|UBR4_HUMAN,sp,Q5T4S7,UBR4,HUMAN,0001259|tr|Q1G8K1|Q1G8K1_LACDA,1259,tr,Q1G8K1,Q1G8K1,LFQLTE,1434,1439,LFQLTE,89,94,PRLKDLFQLTEESGYE,6,,,,,,,,,,,,,,,,,,,,,,,,very_weak,,,,,,,,,,,,,,,,,,very_weak,,,,,,very_weak,,,very_weak,,,,,,,,,,,,,,,,,,,,,,,,,,,,,,,,,very_weak,21.67,22.08,53.51,22.87,44.045,65.345,54.11,17.205,65.615,60.975,58.32000000000001,42.695,17.165,30.715,18.23,30.37,53.045,31.64,23.91,32.7,20.64,49.055,21.185,27.715,49.04,2107.30380892089,783.212252751475,4071.84322229667,2582.10446586948,3260.49547720077,10979.0414381051,5949.88734097354,946.920467484744,4739.43962428406,6135.68726161823,7662.08854417542,1305.40731136068,1730.8239169586,1125.89275345181,1332.85271231244,784.552318765328,3871.58812283977,1623.18940678057,2478.63000196299,1211.53856987921,740.227041706392,2269.42114314862,892.108094921346,1060.0780885667,Ubiquitin protein ligase E3 component n-recognin 4,Q5T4S7,609890.0,gene,23352.0,UBR4,ENSG00000127481,bacteria
sp|Q5T4S7|UBR4_HUMAN,sp,Q5T4S7,UBR4,HUMAN,0001259|tr|Q1G885|Q1G885_LACDA,1259,tr,Q1G885,Q1G885,TKKSKK,3367,3372,TKKSKK,99,104,KAKKTTKKSKKKTSKK,6,,,,,,,,,,,,,,,,,,,,,,,,,,,,,,,,,,,,,,,,,,,,,,,,,,,,,,,,,,,,,,,,,,,,,,,,,,,,,,,,,very_weak,,,very_weak,95.0,63.315,44.6,95.0,79.02000000000001,72.09,59.25,87.725,48.72,91.085,62.08,70.145,95.0,79.685,54.41,86.91499999999999,95.0,82.255,79.63,87.09,82.495,70.83500000000001,90.81,95.0,18.54,40099.5233254458,4671.11949512332,4633.21712624474,34719.7926953142,8872.02810627603,18204.9538896896,10199.2711434531,11080.3594631438,6327.28924346732,11759.1164163984,15149.1049981761,19703.5170018776,36455.2499459964,18506.0282927126,12118.7164035111,7628.58665041063,34487.6626757659,22291.3056027597,15236.3916896089,12632.5570813835,15906.6721653387,6771.35418956288,11974.04168555,32188.3289011538,Ubiquitin protein ligase E3 component n-recognin 4,Q5T4S7,609890.0,gene,23352.0,UBR4,ENSG00000127481,bacteria
sp|Q5T4S7|UBR4_HUMAN,sp,Q5T4S7,UBR4,HUMAN,0001259|tr|Q1G7Z0|Q1G7Z0_LACDA,1259,tr,Q1G7Z0,Q1G7Z0,RQISSF,1096,1101,RQISSF,95,100,HQIFLRQISSFHQTKD,6,,,very_weak,,weak,very_weak,,weak,very_weak,,,,strong,weak,very_weak,,weak,very_weak,,,,,weak,very_weak,,,very_weak,,,,,,very_weak,,,very_weak,,weak,very_weak,,,,,,,,weak,very_weak,,,,,weak,very_weak,,,,,,,,weak,very_weak,strong,weak,very_weak,,,,,,very_weak,,,very_weak,,weak,very_weak,,weak,very_weak,strong,weak,very_weak,18.365,6.815,4.61,26.33,1.705,7.5,24.08,9.395,13.0,60.835,15.05,11.145,40.52,21.020000000000003,7.08,6.6850000000000005,28.915,22.67,3.845,1.255,21.895000000000003,15.6,14.99,2.5,5.14,1773.61136523435,59.6762948762997,93.6229628088891,1648.28512453392,35.8461710060787,305.150864184636,1482.0090715412,104.014518015418,220.290477647117,2598.78107806129,1225.00988167899,243.723946230499,4069.94923596226,382.477245524805,422.925365556279,15.4722564279992,1250.94091655859,757.525483873339,225.221484766707,17.3099602426298,460.336556162386,191.126868095891,149.026749545469,28.8604838095958,Ubiquitin protein ligase E3 component n-recognin 4,Q5T4S7,609890.0,gene,23352.0,UBR4,ENSG00000127481,bacteria
sp|Q5T4S7|UBR4_HUMAN,sp,Q5T4S7,UBR4,HUMAN,0001259|tr|Q1G9N3|Q1G9N3_LACDA,1259,tr,Q1G9N3,Q1G9N3,GVPLVV,2185,2190,GVPLVV,101,106,FRQEDGVPLVVPEING,6,,,,,,,,,,,,,,,,,,,,,,,,,,,,,,very_weak,,,,,,,,,,,,,,,,,,,,,,,,,,,,,,,,,,,,,,,,,,,,,,,,,,,,,,very_weak,48.53,64.9,78.225,34.73,70.87,58.255,58.485,52.49,69.24,14.88,55.42,68.135,21.95,64.74,73.8,34.33,35.825,66.89,42.625,51.665,66.985,47.115,55.45,54.7,78.96000000000001,5983.78115724509,3445.9909671565,7097.44365855827,1833.09774262773,4876.71726001416,6550.33920234207,5582.23755815846,1953.48853750667,3168.81669270536,450.774626875367,9217.63848284881,4962.09100383705,1432.36534642804,4783.59069528744,9192.83843669109,183.493516347473,1694.85358753242,7238.90496271573,6131.9707282254,1857.53566861856,4240.13117906899,2292.5954676869,1770.58192251207,2827.28750161789,Ubiquitin protein ligase E3 component n-recognin 4,Q5T4S7,609890.0,gene,23352.0,UBR4,ENSG00000127481,bacteria
sp|Q5T4S7|UBR4_HUMAN,sp,Q5T4S7,UBR4,HUMAN,0001259|tr|Q1G886|Q1G886_LACDA,1259,tr,Q1G886,Q1G886,TISKVT,3570,3575,TISKVT,51,56,HQKYMTISKVTVDGKE,6,,,,,weak,very_weak,strong,weak,very_weak,,,very_weak,,,,,weak,very_weak,,,very_weak,,weak,very_weak,,weak,very_weak,,,very_weak,,weak,very_weak,,,very_weak,,weak,very_weak,,,very_weak,,,very_weak,,weak,very_weak,,,,,weak,very_weak,,weak,very_weak,,,very_weak,,,very_weak,,,very_weak,,,very_weak,strong,weak,very_weak,,weak,very_weak,,weak,very_weak,strong,weak,very_weak,strong,weak,very_weak,31.82,7.58,0.955,14.8,26.14,8.635,15.915,5.305,7.895,18.525,3.97,19.06,14.715,14.395,8.435,8.184999999999999,9.26,15.535,10.475,11.37,14.175,1.1649999999999998,4.8100000000000005,3.975,0.56,6205.32083823193,410.273743946424,185.19085925771,2587.47409855192,1016.26548462,1683.52211444852,2278.03155810624,186.348608213082,530.647146653809,1014.48573056584,1313.63932915405,1976.83461148099,2526.28235899173,1261.29714611169,1758.51580815249,77.6643605542129,569.039460149013,2484.08008518947,1221.66112039129,515.018203023617,1240.56233417383,194.296142215761,202.039766233234,248.783483960883,Ubiquitin protein ligase E3 component n-recognin 4,Q5T4S7,609890.0,gene,23352.0,UBR4,ENSG00000127481,bacteria
sp|Q5T4S7|UBR4_HUMAN,sp,Q5T4S7,UBR4,HUMAN,0001259|tr|Q1GA06|Q1GA06_LACDA,1259,tr,Q1GA06,Q1GA06,ELLLDL,3445,3450,ELLLDL,176,181,RRQQQELLLDLHRQSK,6,,,,,,very_weak,,,,,weak,very_weak,,,,,,,strong,weak,very_weak,,,,,,,,,,,,,,,,,,,,,,,,very_weak,,,very_weak,,,,,,,,,,,,,,,,,,,,weak,very_weak,,,,,,,,,,,,very_weak,strong,weak,very_weak,35.325,12.35,30.965,9.945,40.415,21.87,1.22,73.56,20.3,89.96000000000001,40.12,34.7,73.5,14.94,10.235,52.155,36.72,22.425,27.845,28.275,9.5,39.935,71.13,45.015,16.33,2938.72801518725,297.992314954613,1792.28498314555,601.790678678264,1540.25735797339,2430.27196955754,56.9597515638031,4701.44068725933,783.161409304291,9745.63111216479,4491.01928953502,871.726965107347,6270.31485950489,247.805602171381,807.766121484186,795.751674201291,2485.82771738427,727.695973480835,1784.17807246512,793.027024899496,265.375178562238,2081.67351652486,4085.96571763128,1563.1404018315,Ubiquitin protein ligase E3 component n-recognin 4,Q5T4S7,609890.0,gene,23352.0,UBR4,ENSG00000127481,bacteria
sp|Q5T4S7|UBR4_HUMAN,sp,Q5T4S7,UBR4,HUMAN,0001259|tr|Q1G876|Q1G876_LACDA,1259,tr,Q1G876,Q1G876,YIIHTV,4992,4997,YIIHTV,71,76,NLPAKYIIHTVGPVYS,6,,,,,,very_weak,strong,weak,very_weak,,weak,very_weak,,weak,very_weak,strong,weak,very_weak,,,very_weak,strong,weak,very_weak,strong,weak,very_weak,,,very_weak,,weak,very_weak,,weak,very_weak,,weak,very_weak,,,very_weak,,weak,very_weak,,,very_weak,,,very_weak,,weak,very_weak,,,,,weak,very_weak,strong,weak,very_weak,,weak,very_weak,,,very_weak,strong,weak,very_weak,strong,weak,very_weak,,weak,very_weak,,weak,very_weak,strong,weak,very_weak,22.915,13.67,1.345,6.359999999999999,4.345000000000001,1.435,15.295,0.435,0.365,12.695,4.71,6.875,10.66,9.905,11.38,3.67,24.145,8.205,0.95,4.66,10.135,0.415,0.365,4.755,4.425,1782.07513194957,251.70493701689,135.439122112899,639.893078141423,104.129373612452,110.145208459359,1021.01572764628,18.4412240327404,19.1573228057894,288.471860173755,1191.59596702344,439.543097653453,1583.80802018581,648.395744330156,1761.37213806282,23.543644459066,515.743122489502,871.453483133174,90.2345776580399,183.75974742635,682.007333600917,151.144269504357,34.2592288283484,175.025094685546,Ubiquitin protein ligase E3 component n-recognin 4,Q5T4S7,609890.0,gene,23352.0,UBR4,ENSG00000127481,bacteria
sp|Q5T4S7|UBR4_HUMAN,sp,Q5T4S7,UBR4,HUMAN,0001259|tr|Q1G9E7|Q1G9E7_LACDA,1259,tr,Q1G9E7,Q1G9E7,SCLALV,1723,1728,SCLALV,423,428,DFIMFSCLALVTLLAI,6,,,,,,,,,,,,,,,,,,,,,,,,,,,,,,,,,,,,,,,,,,,,,,,,,,,,,,,,,,,,,,,,,,,,,,,,,,,,,,,,,,,,,48.13,62.35,65.105,58.31,59.995,62.605,70.84,53.21,60.295,56.28,58.35,46.8,54.14,43.5,59.14,46.035,58.51,42.03,58.175,65.945,54.41,52.395,60.96,58.71,63.315,1516.15008244102,1145.97499341053,2041.28094904005,3871.12736328348,957.169781069399,4484.46418067334,5848.21436724365,443.249102843817,1031.04020770018,1417.42635486163,4496.17297864038,673.639461260537,4950.77560426167,481.347494576287,3299.81855966214,143.715590504063,1020.39727385544,936.395823127886,1813.62602519046,1823.26684435922,1109.37463253168,1292.9810244186,846.92241696,987.615274623821,Ubiquitin protein ligase E3 component n-recognin 4,Q5T4S7,609890.0,gene,23352.0,UBR4,ENSG00000127481,bacteria
sp|Q5T4S7|UBR4_HUMAN,sp,Q5T4S7,UBR4,HUMAN,0001259|tr|Q1GAE0|Q1GAE0_LACDA,1259,tr,Q1GAE0,Q1GAE0,ASLQEL,245,250,ASLQEL,207,212,REKGVASLQELGFKTA,6,,,,,,,,,,,,,,,very_weak,,,,,,,,,,,,,,,,,,,,,very_weak,,,,,weak,very_weak,,,very_weak,,,very_weak,,weak,very_weak,,,very_weak,,,,,,very_weak,strong,weak,very_weak,,,,,weak,very_weak,,,very_weak,,,,,,,,,,strong,weak,very_weak,21.790000000000003,21.37,40.915,29.725,18.055,47.370000000000005,24.525,34.825,42.375,27.65,23.25,15.065,3.05,11.29,10.785,19.775,25.54,11.12,0.945,43.370000000000005,8.17,10.465,25.555,35.620000000000005,32.605000000000004,4160.6012506145,1061.76549217767,3348.84276489232,5181.67300439607,1223.39391955055,12082.8422264894,3960.04935107184,2314.17787704695,4176.97447538933,2345.40993984784,4237.88378818681,712.919879047251,1019.99989425098,679.944293129872,1727.26941691029,277.10354546859,1253.23040780525,1173.91066475918,236.0573046475,3027.67848347853,558.722840221159,1367.23615876865,1257.38654478267,2180.03327273714,Ubiquitin protein ligase E3 component n-recognin 4,Q5T4S7,609890.0,gene,23352.0,UBR4,ENSG00000127481,bacteria
sp|Q5T4S7|UBR4_HUMAN,sp,Q5T4S7,UBR4,HUMAN,0001259|tr|Q1GAJ3|Q1GAJ3_LACDA,1259,tr,Q1GAJ3,Q1GAJ3,TRDNPE,3933,3938,TRDNPE,636,641,REITFTRDNPECMIPA,6,,,very_weak,,,,,,,strong,weak,very_weak,,,,,weak,very_weak,,weak,very_weak,,,,,,,,,,,,,,,,,,,,weak,very_weak,,,,,,,,weak,very_weak,,,,,,,,,,,,,,weak,very_weak,,,,,,,,,,,weak,very_weak,,,,strong,weak,very_weak,13.195,44.785,57.155,0.515,48.55,5.415,5.279999999999999,32.665,26.98,50.32,51.59,55.900000000000006,7.755,49.08,58.75,37.115,56.125,44.935,56.355,8.61,54.645,41.375,51.675,4.93,61.53,1085.90808380831,1895.29687308117,4466.06408762943,22.4393495513097,3749.72133259856,608.515014848187,192.36959307743,1692.17836185311,517.711107342238,3380.88073396958,9829.29014444101,4273.3380534189,1235.4722138259,3515.39666539567,7460.19377948279,765.63368759113,3461.49897435682,5518.9390779297,6598.9963102932,252.643529369854,2987.45813218574,2495.12421382032,2270.40354106395,236.745355045082,Ubiquitin protein ligase E3 component n-recognin 4,Q5T4S7,609890.0,gene,23352.0,UBR4,ENSG00000127481,bacteria
sp|Q5T4S7|UBR4_HUMAN,sp,Q5T4S7,UBR4,HUMAN,0001259|tr|Q1G9E7|Q1G9E7_LACDA,1259,tr,Q1G9E7,Q1G9E7,ALAASS,3335,3340,ALAASS,274,279,VYAQYALAASSLISGL,6,,,,,,,,,very_weak,,weak,very_weak,,,very_weak,,weak,very_weak,,,,strong,weak,very_weak,,,very_weak,strong,weak,very_weak,,weak,very_weak,,,,,weak,very_weak,,,,,,,,,,,,very_weak,strong,weak,very_weak,,weak,very_weak,,,,,,,,weak,very_weak,,,,,,very_weak,strong,weak,very_weak,,weak,very_weak,,,very_weak,strong,weak,very_weak,28.17,22.245,14.775,5.94,11.71,3.88,43.845,0.3,18.895,1.95,4.659999999999999,33.585,20.18,20.07,35.835,0.855,6.38,26.685,28.155,5.805,37.91,19.87,0.15,5.545,17.975,1445.19269193179,372.846551625796,219.605099745048,314.877491722152,110.863782044262,172.043534772718,2708.6778300363,8.20354102913778,148.080044321599,24.8696271792878,379.628330279696,806.822768925535,1176.07189882621,458.581708477963,2120.11088285012,4.44445794057259,68.6765672007143,1135.64371832434,915.11180236525,65.4433118814492,766.454241672163,136.754085709061,10.4313852134119,60.0805650544525,Ubiquitin protein ligase E3 component n-recognin 4,Q5T4S7,609890.0,gene,23352.0,UBR4,ENSG00000127481,bacteria
sp|Q5T4S7|UBR4_HUMAN,sp,Q5T4S7,UBR4,HUMAN,0001259|tr|Q1G9A6|Q1G9A6_LACDA,1259,tr,Q1G9A6,Q1G9A6,LQKGIT,4683,4688,LQKGIT,372,377,IANDWLQKGITTPEAA,6,,,,,,,,,,,,,,,,,,,,,,,,,,,,,,,,,,,,,,,,,,,,,,,,,,,,,,,,,very_weak,,,,,,,,,,,,,,,very_weak,,,,,,,,,,,,very_weak,50.78,52.25,20.175,60.325,67.355,52.58,54.18,55.35,57.87,21.215,53.885000000000005,65.91,22.155,72.305,70.23,32.935,15.205,75.82,73.0,33.075,73.155,13.52,32.91,29.53,40.1,6003.95020280639,2309.37539992515,1906.19664221298,5177.97406476829,4836.10000718992,9151.85125427508,3634.91411374055,3669.33156283455,3805.80016301951,907.450735269878,9849.83728324967,8785.48298844873,2255.12644699546,7962.11617293839,11280.6816719437,531.606841337455,1095.57350932656,12380.2008427432,8483.38492566552,1966.19030482433,6965.52635342494,1126.84334349438,1780.2057922665,1900.43048600775,Ubiquitin protein ligase E3 component n-recognin 4,Q5T4S7,609890.0,gene,23352.0,UBR4,ENSG00000127481,bacteria
sp|Q5T4S7|UBR4_HUMAN,sp,Q5T4S7,UBR4,HUMAN,0001259|tr|Q1G871|Q1G871_LACDA,1259,tr,Q1G871,Q1G871,NALVDI,2658,2663,NALVDI,206,211,NENVANALVDIILKRH,6,,weak,very_weak,,weak,very_weak,,,,,,very_weak,,,,,,,,weak,very_weak,,,,,,,,weak,very_weak,,,,,,,,,,,weak,very_weak,,,,,,,strong,weak,very_weak,,,,,weak,very_weak,,,,,,very_weak,,,,,,,,,,,,very_weak,,,,,,,strong,weak,very_weak,6.18,3.1,46.13,15.74,36.94,25.660000000000004,3.27,21.9,26.18,7.87,28.71,34.75,3.73,20.93,25.34,25.025,8.535,32.69,16.884999999999998,38.27,23.63,21.83,10.965,35.295,44.81,665.936033097396,159.566942541263,1162.32102201578,686.620084520424,1019.1173824329,1817.16161262443,79.6402801741831,696.014695449138,196.354552315363,471.109500326478,2667.58157161425,1008.01930951854,679.03265585116,468.314310305116,947.453381801649,244.328576921668,241.976608972459,1842.28385753931,839.514235121236,1063.47859470825,619.523082289519,625.85614946686,392.186930229549,1009.14330989595,Ubiquitin protein ligase E3 component n-recognin 4,Q5T4S7,609890.0,gene,23352.0,UBR4,ENSG00000127481,bacteria
sp|Q5T4S7|UBR4_HUMAN,sp,Q5T4S7,UBR4,HUMAN,0001259|sp|Q1G939|MUTL_LACDA,1259,sp,Q1G939,MUTL,GGEEAA,5,10,GGEEAA,445,450,LPPFAGGEEAASPVTS,6,,,,,,,,,,,,,,,,,,,,,,,,,,,,strong,weak,very_weak,,,,,,,,,,,,very_weak,,,,,,,,,very_weak,,,,,,,,,,,,,,,,,,,,,very_weak,,,,,,,,,,strong,weak,very_weak,66.08500000000001,73.565,53.455000000000005,64.195,81.69,52.72,95.0,56.63,78.245,1.84,53.18,68.125,11.655,67.215,76.535,42.465,20.335,68.595,92.56,40.63,76.34,19.845,22.285,48.225,58.055,13788.8939511364,14595.6190247015,9599.53522310513,17131.6884435037,16168.8627334545,17095.0262365655,38908.8038393476,9373.32502320874,18448.6510925347,95.1517409659308,16821.6389138739,14457.464155879,1547.42336557786,15588.0667382432,20644.1170919261,2275.05112615011,1339.72040122349,19645.8277575159,24445.7644696352,5029.87547438978,13117.7026403506,2669.74714824715,1576.422347381,7352.89200980684,Ubiquitin protein ligase E3 component n-recognin 4,Q5T4S7,609890.0,gene,23352.0,UBR4,ENSG00000127481,bacteria
sp|Q5T4S7|UBR4_HUMAN,sp,Q5T4S7,UBR4,HUMAN,0001259|tr|Q1G8U2|Q1G8U2_LACDA,1259,tr,Q1G8U2,Q1G8U2,PVAASS,3351,3356,PVAASS,25,30,ASQVRPVAASSRQAVF,6,,,,,,,,,very_weak,,,,,,very_weak,,,very_weak,,weak,very_weak,,,very_weak,,weak,very_weak,,weak,very_weak,,,very_weak,,,,strong,weak,very_weak,,,,,,,,,,,,,,,very_weak,,weak,very_weak,,,,,,very_weak,,,,,,,,weak,very_weak,,,very_weak,,,,,,very_weak,strong,weak,very_weak,59.75,20.55,15.29,26.815,18.89,18.9,4.53,16.785,8.015,2.625,12.045,42.45,29.09,42.785,24.805,18.885,5.595,41.28,14.989999999999998,26.02,41.095,3.765,11.235,46.835,14.535,11206.7161066062,643.775043054612,606.346169922526,3048.58493669459,750.712431280704,2239.90367840905,432.382818391952,400.822546785999,318.606107400141,47.9028189809339,2130.15901881993,4631.2624537817,3126.85675485252,3681.50031049319,4571.17382652956,116.247942702689,219.441211513478,6004.08012703218,1596.55717042002,1000.94409544875,2969.73292572198,112.149874570847,211.106000858782,2113.12597983639,Ubiquitin protein ligase E3 component n-recognin 4,Q5T4S7,609890.0,gene,23352.0,UBR4,ENSG00000127481,bacteria
sp|Q5T4S7|UBR4_HUMAN,sp,Q5T4S7,UBR4,HUMAN,0001259|sp|Q1G941|RUVB_LACDA,1259,sp,Q1G941,RUVB,DLVALL,4395,4400,DLVALL,95,100,IERAGDLVALLTDLEP,6,,,very_weak,,weak,very_weak,,,,,,,,,,,,,,,,,,,,,,,,,,weak,very_weak,,,,,,,,weak,very_weak,,,,,,,,weak,very_weak,,,,,,,,,,,,,,,very_weak,,,very_weak,,,,,,,strong,weak,very_weak,,,,strong,weak,very_weak,16.355,3.805,57.425,32.11,64.21000000000001,52.715,38.97,56.645,63.22,27.075,3.67,33.629999999999995,3.115,29.340000000000003,21.41,42.0,33.32,32.48,21.89,15.85,17.97,43.035,59.735,1.865,58.7,990.526087452504,260.950479978143,2881.76761452164,1623.82178171321,3044.72813186911,6693.84770009846,2114.77279713864,1850.65478805996,2326.02646308373,613.181116046339,794.177629262093,1125.11338108959,623.612003128173,625.639494982674,1518.7606281468,452.2646549569,947.238130310752,1333.47296693395,1708.33025733235,807.801081642063,497.454063050174,1266.58959055159,1470.79513637018,109.275112982578,Ubiquitin protein ligase E3 component n-recognin 4,Q5T4S7,609890.0,gene,23352.0,UBR4,ENSG00000127481,bacteria
sp|Q5T4S7|UBR4_HUMAN,sp,Q5T4S7,UBR4,HUMAN,0001259|tr|Q1GAE0|Q1GAE0_LACDA,1259,tr,Q1GAE0,Q1GAE0,ASLQELG,245,251,ASLQELG,207,213,REKGVASLQELGFKTAA,7,,,,,,,,,,,,,,,,,,,,,,,,,,,,,,,,,,,weak,very_weak,,,,,weak,very_weak,,,very_weak,,,very_weak,,weak,very_weak,,,,,,,,,very_weak,strong,weak,very_weak,,,,,weak,very_weak,,,,,,,,,,,,,strong,weak,very_weak,21.790000000000003,28.05,52.295,29.725,22.37,65.725,24.525,47.605,55.715,27.65,23.25,8.465,3.05,14.52,17.865000000000002,24.455,25.54,12.85,0.945,56.06999999999999,9.105,22.115,25.555,35.620000000000005,42.28,4160.6012506145,897.364781287436,2839.94969917242,5181.67300439607,1060.50255649068,11532.31626136,3960.04935107184,2266.7462657121,4131.35359308634,2345.40993984784,4237.88378818681,469.572627912304,1019.99989425098,642.202762433098,1559.35651455885,186.215583174467,1253.23040780525,1075.3734109829,236.0573046475,2657.21123076997,543.529912351648,1281.08878981326,1257.38654478267,2180.03327273714,Ubiquitin protein ligase E3 component n-recognin 4,Q5T4S7,609890.0,gene,23352.0,UBR4,ENSG00000127481,bacteria
sp|Q5T4S7|UBR4_HUMAN,sp,Q5T4S7,UBR4,HUMAN,0001259|tr|Q1G7P3|Q1G7P3_LACDA,1259,tr,Q1G7P3,Q1G7P3,ESDEFL,1342,1347,ESDEFL,189,194,RRHVKESDEFLAAHKK,6,,,,,,,,,,,,,,,,,,,,,,,,,,,,,,,,,very_weak,,weak,very_weak,,,very_weak,,,,,weak,very_weak,,weak,very_weak,,,,,,,,,,,weak,very_weak,,,,,,,,weak,very_weak,,,,,,very_weak,,,,,,,,weak,very_weak,36.565,35.315,37.355,25.075000000000003,21.045,42.52,21.9,25.965,35.75,55.09,15.71,8.325,41.635000000000005,6.380000000000001,2.94,45.400000000000006,44.645,5.43,31.975,37.36,2.595,23.9,11.73,40.265,44.98,5726.05602444436,2607.65343303515,3275.45220335425,2777.11061189134,1520.84900961753,11175.2343210119,2845.20898705259,1786.9794089727,2960.30117051657,4028.06784717207,3684.44913410992,507.736908867392,3886.86604831281,428.925427025198,774.86758374062,1004.36136341287,3690.99278539107,567.189253498667,4462.97256145419,2753.50386640765,255.309032943104,1316.76997667934,604.898024616063,3029.087440038,Ubiquitin protein ligase E3 component n-recognin 4,Q5T4S7,609890.0,gene,23352.0,UBR4,ENSG00000127481,bacteria
sp|Q5T4S7|UBR4_HUMAN,sp,Q5T4S7,UBR4,HUMAN,0001259|sp|Q1GAN9|METN_LACDA,1259,sp,Q1GAN9,METN,VRTINL,3587,3592,VRTINL,51,56,GKSTLVRTINLLQKPT,6,,,,,weak,very_weak,strong,weak,very_weak,,,,,weak,very_weak,,weak,very_weak,,weak,very_weak,,weak,very_weak,,weak,very_weak,,,,,weak,very_weak,,,very_weak,,weak,very_weak,,,,,weak,very_weak,,weak,very_weak,,,,,,very_weak,,,very_weak,,,very_weak,,weak,very_weak,strong,weak,very_weak,,weak,very_weak,,,very_weak,,,very_weak,,weak,very_weak,,weak,very_weak,strong,weak,very_weak,24.72,2.58,1.995,21.76,3.875,5.25,8.865,5.18,3.735,42.785,7.39,13.0,31.71,6.52,2.015,16.295,16.74,14.78,6.745,0.86,7.0,12.49,17.915,2.245,3.31,2947.42126117786,96.8887642279076,137.55841151254,2524.97067651155,113.039190900066,529.299611681879,742.215963888355,100.665250063461,102.395401788543,2103.38575948198,1295.48761942071,506.140785100893,3382.41745906846,225.158135667845,379.821431609516,74.4948135250323,636.16528822347,877.955295086531,387.664310740747,52.2599493102068,323.409499370466,234.212834847443,464.494213896099,76.6309917153492,Ubiquitin protein ligase E3 component n-recognin 4,Q5T4S7,609890.0,gene,23352.0,UBR4,ENSG00000127481,bacteria
sp|Q5T4S7|UBR4_HUMAN,sp,Q5T4S7,UBR4,HUMAN,0001259|tr|Q1G871|Q1G871_LACDA,1259,tr,Q1G871,Q1G871,NALVDII,2658,2664,NALVDII,206,212,NENVANALVDIILKRHA,7,,weak,very_weak,,weak,very_weak,,,very_weak,,,very_weak,,,,,,,,weak,very_weak,,,,,,,,weak,very_weak,,,,,,,,,,,weak,very_weak,,,very_weak,,,very_weak,strong,weak,very_weak,,,,,weak,very_weak,,,,,,very_weak,,,,,,,,,,,,very_weak,,,,,,very_weak,strong,weak,very_weak,6.18,3.1,18.715,13.215,33.025000000000006,25.660000000000004,2.1,21.9,26.18,7.87,28.585,30.08,3.73,16.585,13.395,37.535,8.535,30.53,17.27,46.965,21.885,29.47,10.965,35.295,12.905,665.936033097396,159.566942541263,423.593983489158,669.504970967984,568.756314100621,1817.16161262443,64.1713739508065,696.014695449138,196.354552315363,471.109500326478,2282.15146111388,965.741579820427,679.03265585116,412.972659375128,715.84934904987,235.154886926259,241.976608972459,1710.86440945044,578.99502568004,1000.01314922493,584.274952022516,514.038396865449,392.186930229549,1009.14330989595,Ubiquitin protein ligase E3 component n-recognin 4,Q5T4S7,609890.0,gene,23352.0,UBR4,ENSG00000127481,bacteria
sp|Q5T4S7|UBR4_HUMAN,sp,Q5T4S7,UBR4,HUMAN,0001259|tr|Q1G8X5|Q1G8X5_LACDA,1259,tr,Q1G8X5,Q1G8X5,LTSYLD,4166,4171,LTSYLD,16,21,EHLAALTSYLDEKGID,6,strong,weak,very_weak,,,,,,,,,,,weak,very_weak,,,,,,,,,very_weak,,,,,,,,,,,,,,,,,weak,very_weak,,,,,,,,,,,,very_weak,,,,,,,,weak,very_weak,,,very_weak,,,very_weak,,,very_weak,,,very_weak,strong,weak,very_weak,,,,strong,weak,very_weak,0.3249999999999999,27.485,27.82,38.44,5.855,35.635000000000005,40.555,18.255,53.565,36.685,41.75,33.18,6.805,25.165,39.79,12.095,30.465,24.335,8.48,11.57,19.64,11.125,16.585,1.13,31.975,103.448853082475,1002.15778992395,1480.05409095743,4404.01898679198,217.20657457626,5658.18740907356,4286.2575468686,534.080128446193,3008.83552975616,898.540374503655,5610.27225941599,1449.5148616819,912.639820457745,1132.74758796039,3166.82873468502,104.035903079911,1026.19891216106,1543.57731422897,812.297285564991,492.329736889115,801.151070387261,425.88257380599,306.381558535496,80.1823966936418,Ubiquitin protein ligase E3 component n-recognin 4,Q5T4S7,609890.0,gene,23352.0,UBR4,ENSG00000127481,bacteria
sp|Q5T4S7|UBR4_HUMAN,sp,Q5T4S7,UBR4,HUMAN,0001259|sp|Q1GAB0|ADDB_LACDA,1259,sp,Q1GAB0,ADDB,SSSTGA,2934,2939,SSSTGA,1024,1029,LNSVNSSSTGALFDSK,6,,,,,,,,,,,,,,,,,,,,,,,,very_weak,,,,,,very_weak,,,,,,,,,,,weak,very_weak,,,,,,,,,,,,,,,very_weak,,,,,,,,,,,,,,,,,weak,very_weak,,,,,,,,weak,very_weak,63.455,67.735,56.96,38.745,53.42,41.995000000000005,38.205,14.77,33.614999999999995,10.79,54.255,69.87,6.12,75.155,73.315,43.49,14.1,67.58500000000001,46.245000000000005,35.89,68.595,34.835,7.5,46.97,67.71000000000001,9602.54777614983,5870.78419932312,4451.92821200275,5483.82020946917,4166.23215546023,5854.92551158018,6182.40132274798,549.412991982538,1089.12038043697,222.727876802144,12239.5535827111,6835.83905132001,929.169627638366,8673.65335910964,11715.0500227266,672.605270528444,622.43233517673,9386.82323375346,5981.12727533172,2123.34776858694,6038.60932832144,831.621797032124,284.301166363235,3357.00528713836,Ubiquitin protein ligase E3 component n-recognin 4,Q5T4S7,609890.0,gene,23352.0,UBR4,ENSG00000127481,bacteria
sp|Q5T4S7|UBR4_HUMAN,sp,Q5T4S7,UBR4,HUMAN,0001259|tr|Q1G9V7|Q1G9V7_LACDA,1259,tr,Q1G9V7,Q1G9V7,LAVEEE,1640,1645,LAVEEE,120,125,VIVFALAVEEECEEDF,6,,,very_weak,,,,,,,,,,,,,,,,,,,,,,,,,,,,,,,,,,,,,strong,weak,very_weak,,,,,,,,weak,very_weak,,,,,,,,,,,,,,,,,,,,,,,,very_weak,,,very_weak,,,,strong,weak,very_weak,11.005,47.25,42.825,30.79,51.94,44.075,54.825,29.235,66.60499999999999,24.425,35.44,40.915,0.735,24.41,43.18,22.74,36.225,24.995,47.23,30.555,28.165,36.91,14.86,15.365000000000002,47.9,635.497971230517,2061.72403461586,3913.07015643274,4166.09692453039,3426.95389850201,11081.3186009155,6017.73782866622,1736.5827052929,4780.27936890342,1663.83802436311,6817.59476203351,2704.10974852377,199.74013868496,1022.76267232369,4438.60540801549,554.789199802796,1169.63806930029,2032.15770774863,3810.49734149376,1886.41783211869,817.543536053645,2901.79212139755,699.555581800745,485.700173588079,Ubiquitin protein ligase E3 component n-recognin 4,Q5T4S7,609890.0,gene,23352.0,UBR4,ENSG00000127481,bacteria
sp|Q5T4S7|UBR4_HUMAN,sp,Q5T4S7,UBR4,HUMAN,0001259|tr|Q1G9X7|Q1G9X7_LACDA,1259,tr,Q1G9X7,Q1G9X7,SVAAAC,99,104,SVAAAC,28,33,PNSKVSVAAACFSIYA,6,,,,,,,,,,,,,,,,,,,,,,,,,,,,,weak,very_weak,,weak,very_weak,,,very_weak,,,,,,,,,,,,,,,,,,,,,very_weak,,,very_weak,,,,,,,,,,,,,,,,,,,,,,,weak,very_weak,43.14,42.67,45.075,53.64,38.81,56.735,55.86,30.02,50.07,7.795,9.775,17.435000000000002,28.885,31.765,37.095,20.04,11.885,12.76,29.175,44.32,24.095,41.11,27.44,51.055,53.095,2697.09696936572,766.528881090863,954.098877497564,2280.8924974855,540.351806929669,3932.08387249682,3491.10006125314,186.994926650809,669.265965092944,96.3722781749549,906.263484302968,170.533103726057,1584.13364623592,442.602134764933,1518.89209506259,75.6735734815292,102.673861514615,268.201122414963,730.322580982115,1121.1154270429,396.955538733818,343.956885931641,162.032213212638,1031.40840910276,Ubiquitin protein ligase E3 component n-recognin 4,Q5T4S7,609890.0,gene,23352.0,UBR4,ENSG00000127481,bacteria
sp|Q5T4S7|UBR4_HUMAN,sp,Q5T4S7,UBR4,HUMAN,0001259|tr|Q1G9K3|Q1G9K3_LACDA,1259,tr,Q1G9K3,Q1G9K3,KEIARL,4215,4220,KEIARL,46,51,PNSSPKEIARLKQAYG,6,,,,,,very_weak,,,very_weak,,,,,,,,,,,,,,,,,,,,,,,,,,,,,,,,,,,,,,,,,,,,,,,,,,,,,weak,very_weak,,,,,,,,,,,,,,,,,,very_weak,,weak,very_weak,82.555,19.755,19.86,83.66499999999999,36.755,60.455,47.295,68.955,42.24,69.155,39.105,58.75,87.25999999999999,51.235,28.3,44.515,26.32,58.30499999999999,8.225,55.150000000000006,52.8,24.275,51.2,52.045,11.265,18083.8259631818,753.634094516285,935.838751162095,13595.8596772367,1608.13826743689,13002.2563227981,7280.45681408339,4293.17319698567,4184.84562750687,3669.45066882947,7771.71585977399,8638.53203087864,11531.5676230302,5787.53294603093,4931.47588829553,709.771972657112,1736.62028457918,10963.1350054503,881.772782559997,3654.35509785678,5060.93718748139,1543.71092932607,2259.93836719623,2889.54192387648,Ubiquitin protein ligase E3 component n-recognin 4,Q5T4S7,609890.0,gene,23352.0,UBR4,ENSG00000127481,bacteria
sp|Q5T4S7|UBR4_HUMAN,sp,Q5T4S7,UBR4,HUMAN,0001259|tr|Q1G988|Q1G988_LACDA,1259,tr,Q1G988,Q1G988,LEKQLE,1384,1389,LEKQLE,245,250,SQLSKLEKQLEQVQNY,6,,,,,,very_weak,,,,,,,,,,,,,,,,,,,,,,,,,,,,,,,,,,,,,,,,,,very_weak,,,,,,,,,,,,,,,very_weak,,,,,,,,,,,,,,,,,,very_weak,,,very_weak,60.185,10.985,36.92,65.685,47.89,74.595,43.34,81.88,58.055,92.825,33.165,28.235,75.965,29.770000000000003,16.44,58.21,58.93,44.010000000000005,18.7,52.135,29.745,54.45,70.23500000000001,57.005,19.015,8119.05440999072,537.192284393092,3472.9409020264,6390.37940571764,3876.74398906357,16111.9316133388,4084.24192087073,7309.89848648357,5551.03860868357,10391.306664805,7785.09739745896,2318.33806794876,7249.40790318183,1901.08859149817,2286.57567874618,2145.05366533839,3884.42762183251,4116.7624127232,2103.06716926622,4513.72026496197,1319.52255139148,3996.98312318058,5859.74201531081,3199.72086484367,Ubiquitin protein ligase E3 component n-recognin 4,Q5T4S7,609890.0,gene,23352.0,UBR4,ENSG00000127481,bacteria
sp|Q5T4S7|UBR4_HUMAN,sp,Q5T4S7,UBR4,HUMAN,0001259|tr|Q1GA41|Q1GA41_LACDA,1259,tr,Q1GA41,Q1GA41,REAATK,3836,3841,REAATK,100,105,LNVKTREAATKFWLTP,6,,,,,,,,,,,,,,,,,,,,,,,,,,,,,,,,,,,weak,very_weak,,,,,,,,,very_weak,,,very_weak,,,,,,,,,,,weak,very_weak,,,,,,,,weak,very_weak,,,,,,,,,,,,,,weak,very_weak,62.065,49.985,41.53,61.675,49.0,62.04,47.025,37.255,46.415,41.015,20.630000000000003,6.07,58.815000000000005,16.105,11.485,55.535,42.735,7.33,45.565,65.365,6.62,37.295,42.355,69.59,35.635000000000005,8442.8199841015,875.204820799265,1019.19457172483,4080.92897085118,1292.40757113466,6457.38158230022,3229.0392570716,580.877458494795,1490.322401469,1458.02447822297,1691.92205534016,254.319259496429,5116.6016421616,630.969184124883,1101.36157628897,449.639651523706,1714.18112028919,513.41585461852,2709.35198166778,2365.05730031007,364.782094283874,405.674208801128,549.579463947196,2778.61340440633,Ubiquitin protein ligase E3 component n-recognin 4,Q5T4S7,609890.0,gene,23352.0,UBR4,ENSG00000127481,bacteria
sp|Q5T4S7|UBR4_HUMAN,sp,Q5T4S7,UBR4,HUMAN,0001259|tr|Q1GBZ7|Q1GBZ7_LACDA,1259,tr,Q1GBZ7,Q1GBZ7,AEIAAQ,3280,3285,AEIAAQ,99,104,ADQAKAEIAAQCDLRQ,6,,,,,,very_weak,,,,,,,,,,,,,,,,,,,,,,,,very_weak,,,,,,,,,,,,,,,,,,,,,,,,,,weak,very_weak,,,,,,,,,,,,,,,,,,,,,,,,,,weak,very_weak,26.125,14.79,60.825,64.77,62.875,58.08,47.845,58.8,62.175,17.41,22.39,59.24,23.165,54.105,62.67,31.525,9.785,60.965,48.675,25.835,50.115,26.79,44.795,29.200000000000003,67.36,1747.45812444668,432.415567635729,4276.66838351368,6568.86325550467,4054.74128216754,11386.5079895743,4344.38674981616,3648.66587013472,3714.38908782057,893.373457411033,6086.03280366518,6628.76552168068,1312.88624093003,4001.65647202664,8740.91961376798,1108.33084655986,466.549242047171,7875.06879588478,3882.91488522349,922.268583595229,3379.71036443318,1737.78564589245,1911.21502038096,954.573860052027,Ubiquitin protein ligase E3 component n-recognin 4,Q5T4S7,609890.0,gene,23352.0,UBR4,ENSG00000127481,bacteria
sp|Q5T4S7|UBR4_HUMAN,sp,Q5T4S7,UBR4,HUMAN,0001259|tr|Q1GA35|Q1GA35_LACDA,1259,tr,Q1GA35,Q1GA35,LLLTLL,533,538,LLLTLL,385,390,LAATGLLLTLLQTNAF,6,,,,,,,,,,,,,,,,,,,,,,,,,,,,,,,,,,,,very_weak,,,,,,,,weak,very_weak,,,,,,,,,,,,,,,very_weak,,weak,very_weak,,,,,,very_weak,,,,,,,,,,,,,,weak,very_weak,35.88,37.29,49.085,39.7,42.900000000000006,64.94,51.79,45.545,42.85,66.685,41.83,11.595,64.23,6.38,21.88,45.76,46.6,12.89,7.92,45.35,11.325,51.71,55.945,32.425000000000004,51.87,1556.94569955958,268.221436320986,1001.6808059678,1956.57687784807,366.039357889951,5340.30463996174,3104.20417221838,382.974166328821,265.323500184042,1987.6870815415,3844.37213248496,181.856980584728,4389.55702932168,85.0049220565723,1014.97979381379,119.173257287888,883.443966772729,245.146810502897,86.8672574699623,534.872387602711,199.217825940005,1195.22435800281,667.963797845009,218.507726376822,Ubiquitin protein ligase E3 component n-recognin 4,Q5T4S7,609890.0,gene,23352.0,UBR4,ENSG00000127481,bacteria
sp|Q5T4S7|UBR4_HUMAN,sp,Q5T4S7,UBR4,HUMAN,0001259|tr|Q1G876|Q1G876_LACDA,1259,tr,Q1G876,Q1G876,ALYQKL,4185,4190,ALYQKL,159,164,DARTYALYQKLLG,6,,,,,,,,,,,,,,,,,,,,,,,,,,,,,,,,,very_weak,,,very_weak,,,,,,,,,,,weak,very_weak,,,,,,,,,,,,,,,,,,,,,very_weak,,,,,,,,,,,,very_weak,,weak,very_weak,46.205,72.395,23.45,59.545,41.38,57.84,62.545,56.115,36.535,79.62,14.88,11.34,71.72,25.94,6.34,59.36,78.59,21.235,40.33,52.77,12.145,33.245000000000005,64.07,46.48,11.75,5525.39192668499,6507.74176287479,2516.37964372445,11266.2884340644,2690.65545375796,14848.2436457888,13652.7606323774,4453.37351284334,5386.43859646308,9142.64693279101,3536.07264178628,768.114610498509,6926.59624654531,1472.99286417214,1218.9148465022,2525.57177975423,6714.8842112607,1540.02406223969,5944.73945230778,5564.2677689998,772.690834110911,2264.58903197193,4003.17215525019,3552.94696640709,Ubiquitin protein ligase E3 component n-recognin 4,Q5T4S7,609890.0,gene,23352.0,UBR4,ENSG00000127481,bacteria
sp|Q5T4S7|UBR4_HUMAN,sp,Q5T4S7,UBR4,HUMAN,0001259|tr|Q1GAN3|Q1GAN3_LACDA,1259,tr,Q1GAN3,Q1GAN3,NPSRLQ,322,327,NPSRLQ,14,19,RIKTQNPSRLQGLFPE,6,,,,,weak,very_weak,,,,,,,,,,,,,,,,,,,,,,,,,,,,,,,,,,,,,,,,,,,,,,,,,,weak,very_weak,,,,,,,,,,,,,,,,,,,,,,,,,,weak,very_weak,62.24,6.76,53.9,50.260000000000005,39.255,31.595,33.06,38.045,26.865,38.370000000000005,43.985,64.585,42.89,53.715,60.150000000000006,20.14,9.065,60.63,31.625,39.89,59.495,37.96,47.675,55.24,49.015,6955.81099196643,102.195068922906,1990.61409590818,3954.73990344437,660.618266411907,1343.46545920919,1543.92807852738,881.629685382343,137.488476774843,1420.88121224549,5218.13049108999,5053.65958205418,3264.02517019727,3274.53090161581,6604.85368181501,85.6354274777672,576.438466107549,6580.60088102478,1806.88824915232,838.098426487802,3555.60046157863,639.035139645111,1005.60096201881,1706.24286937694,Ubiquitin protein ligase E3 component n-recognin 4,Q5T4S7,609890.0,gene,23352.0,UBR4,ENSG00000127481,bacteria
sp|Q5T4S7|UBR4_HUMAN,sp,Q5T4S7,UBR4,HUMAN,0001259|tr|Q1G7W6|Q1G7W6_LACDA,1259,tr,Q1G7W6,Q1G7W6,LFDYNL,3909,3914,LFDYNL,345,350,QDIFALFDYNLAYEIR,6,strong,weak,very_weak,,,,,,,,weak,very_weak,,weak,very_weak,strong,weak,very_weak,,weak,very_weak,,weak,very_weak,,,very_weak,,,,,weak,very_weak,,weak,very_weak,,,very_weak,,,very_weak,,weak,very_weak,,weak,very_weak,,,very_weak,,weak,very_weak,,,,strong,weak,very_weak,,weak,very_weak,,,very_weak,,weak,very_weak,,,,,weak,very_weak,,,very_weak,,,,strong,weak,very_weak,0.22,25.42,26.165,3.0900000000000003,3.51,1.45,6.63,4.075,11.675,47.465,8.11,3.3600000000000003,13.75,4.435,7.939999999999999,7.699999999999999,49.79,1.705,8.555,14.045,3.745,23.64,9.075,10.96,33.785000000000004,55.7084533254122,388.945728714992,678.393769094781,66.1287597600486,61.1402969999328,45.5021131462942,157.57844749456,30.0327995065373,38.2889623157011,2039.75756945886,710.017761616822,44.4856680317941,754.058229818527,51.6578571839102,319.344673072288,21.1057114710031,1087.94261360653,59.5917701521393,379.570829713712,202.685674015478,68.788117481994,539.265453892666,79.7808596007217,114.018183949188,Ubiquitin protein ligase E3 component n-recognin 4,Q5T4S7,609890.0,gene,23352.0,UBR4,ENSG00000127481,bacteria
sp|Q5T4S7|UBR4_HUMAN,sp,Q5T4S7,UBR4,HUMAN,0001259|sp|Q1GB50|RNY_LACDA,1259,sp,Q1GB50,RNY,LQKLIK,4020,4025,LQKLIK,297,302,VAKRALQKLIKDGRIH,6,,,,,,very_weak,,,,,,,,,,,,,,,very_weak,,,,,,,,,,,,very_weak,,,,,,very_weak,,,,,,,,weak,very_weak,,,,,,,,,,,,,,,very_weak,,,,,,,,,,,,,,,,,,very_weak,,weak,very_weak,39.72,11.485,28.77,71.03999999999999,36.94,57.19,13.385,52.79,26.295,85.53999999999999,12.145,44.995000000000005,79.395,41.725,9.01,47.18,56.615,38.71,18.055,56.865,26.305,31.875,52.23,56.92,11.96,6767.54550444785,273.079484945109,1255.48333649847,8224.80139823854,1223.11597725788,8531.43400227821,1787.61756868737,1082.48270655005,1563.52944538642,6443.77179448176,3191.62996828823,3602.26130317417,9745.84200558234,2396.63890197897,1413.88810721187,474.080359885454,3799.42293536528,4483.59088936859,1516.47820609675,2818.4301240049,1626.1953826881,1179.65301926207,771.10400047621,2145.47146811308,Ubiquitin protein ligase E3 component n-recognin 4,Q5T4S7,609890.0,gene,23352.0,UBR4,ENSG00000127481,bacteria
sp|Q5T4S7|UBR4_HUMAN,sp,Q5T4S7,UBR4,HUMAN,0001259|tr|Q1GBN0|Q1GBN0_LACDA,1259,tr,Q1GBN0,Q1GBN0,DVEFGG,2300,2305,DVEFGG,84,89,QSKVIDVEFGGQQMIH,6,,,,,,,,,,,,,,,,,,,,,,,,,,,,,,,,,,,,,,,,,,,,,,,,,,,,,,,,,,,,,,,,,,,,,,,,,,,,,,,,,,,,,28.495,38.400000000000006,55.845,46.545,30.83,60.45,35.765,39.88,54.755,35.22,54.48,26.950000000000003,39.61,28.21,33.035,32.68,47.955,21.53,35.76,35.07,26.880000000000003,43.96,21.39,44.215,59.755,2741.46438220155,1788.27530493699,4091.84977962621,5022.91426231262,1267.90587902734,14188.5956181748,4301.03062839973,1772.74802175002,3282.05061870422,1466.59992007436,12100.5041684656,2767.42213742355,2331.44368603664,2370.48847879961,5316.43683880336,589.284144220558,1983.43338551195,3414.92442484018,3637.47139559646,2284.22656327808,2039.58101930266,1897.14337425375,739.786672662585,2467.20503126718,Ubiquitin protein ligase E3 component n-recognin 4,Q5T4S7,609890.0,gene,23352.0,UBR4,ENSG00000127481,bacteria
sp|Q5T4S7|UBR4_HUMAN,sp,Q5T4S7,UBR4,HUMAN,0001259|tr|Q1G7V2|Q1G7V2_LACDA,1259,tr,Q1G7V2,Q1G7V2,SAVQAA,1263,1268,SAVQAA,93,98,SGSYNSAVQAAKIYQE,6,,,,,,,,weak,very_weak,,,,,,,,weak,very_weak,,,,,weak,very_weak,,,very_weak,,weak,very_weak,,weak,very_weak,,,,strong,weak,very_weak,,weak,very_weak,,,,,,,,,very_weak,,,very_weak,strong,weak,very_weak,,,,,,,,,very_weak,,,,,weak,very_weak,,weak,very_weak,,,,,weak,very_weak,strong,weak,very_weak,23.33,40.305,7.404999999999999,31.925,40.815,9.685,41.7,6.515000000000001,16.215,5.425000000000001,5.91,44.49,2.58,41.68,26.590000000000003,11.06,0.235,45.93,22.08,14.765,33.0,2.755,2.435,27.69,9.275,3339.79657107807,1492.14563606609,551.354329482618,4852.03315765565,1537.69304751293,1040.76890380472,4806.83429471471,146.826060143982,644.402243673554,85.2914412491764,1687.44297037379,3676.2858815665,647.316257203478,2966.52147821076,4038.89089610206,67.0023797888073,32.2604265577293,5399.68443248281,1665.85551068125,559.624310007595,2168.64677430568,134.391026030572,105.684389945525,1021.98834101932,Ubiquitin protein ligase E3 component n-recognin 4,Q5T4S7,609890.0,gene,23352.0,UBR4,ENSG00000127481,bacteria
sp|Q5T4S7|UBR4_HUMAN,sp,Q5T4S7,UBR4,HUMAN,0001259|sp|Q1G9F8|PURL_LACDA,1259,sp,Q1G9F8,PURL,DLPVAE,4418,4423,DLPVAE,718,723,KDQAADLPVAELKQIW,6,,,,,,,,,,,,,,,,,,,,,,,,,,,,,,,,,,,,,,,,,,very_weak,,,,,,,,,very_weak,,,,,,,,,,,,,,,,,,,,,,,,,,,,,,,,,very_weak,48.5,59.525000000000006,70.66,27.205,73.88499999999999,63.72,47.685,72.405,76.13,26.255,37.78,62.91,12.415,53.155,66.6,63.19,24.015,56.55,56.085,52.13,45.745000000000005,38.78,65.945,51.67,70.375,5494.98630133285,2453.94686600878,5966.77790319643,3366.35304528826,5855.62239200485,14872.2005025069,6041.02725959744,4487.5220399578,5529.57835794459,1171.11966816704,9831.73651584544,5621.33089032558,858.92845048821,3531.86659783026,7736.47892229498,2066.23505663574,1127.00185317867,7584.8017112229,5343.02103345867,4649.13574113645,2781.32048052841,2747.22486095277,2934.62914261867,4553.99442709377,Ubiquitin protein ligase E3 component n-recognin 4,Q5T4S7,609890.0,gene,23352.0,UBR4,ENSG00000127481,bacteria
sp|Q5T4S7|UBR4_HUMAN,sp,Q5T4S7,UBR4,HUMAN,0001259|tr|Q1GA06|Q1GA06_LACDA,1259,tr,Q1GA06,Q1GA06,QELLLDL,3444,3450,QELLLDL,175,181,LRRQQQELLLDLHRQSK,7,,,,,,,,,,,weak,very_weak,,,,,,,strong,weak,very_weak,,,,,,,,,,,,,,,,,,,,,,,weak,very_weak,,weak,very_weak,,,,,,,,,,,,very_weak,,,,,,,,weak,very_weak,,,,,,,,,,,,very_weak,strong,weak,very_weak,34.25,20.275,30.965,9.945,40.415,21.87,1.22,78.16,20.3,89.96000000000001,28.325000000000003,25.365,71.37,8.02,8.59,52.155,36.72,13.28,27.845,28.275,6.324999999999999,39.935,78.725,45.015,16.33,2421.1385140192,276.974652900856,1792.28498314555,601.790678678264,1540.25735797339,2430.27196955754,56.9597515638031,4320.80730518208,783.161409304291,9745.63111216479,3189.80025834335,587.164781908749,5512.07627324491,162.128665302727,544.530580799675,795.751674201291,2485.82771738427,458.313852105346,1784.17807246512,793.027024899496,171.106054480391,2081.67351652486,3602.37823207775,1563.1404018315,Ubiquitin protein ligase E3 component n-recognin 4,Q5T4S7,609890.0,gene,23352.0,UBR4,ENSG00000127481,bacteria
sp|Q5T4S7|UBR4_HUMAN,sp,Q5T4S7,UBR4,HUMAN,0001259|tr|Q1GAE0|Q1GAE0_LACDA,1259,tr,Q1GAE0,Q1GAE0,VASLQE,244,249,VASLQE,206,211,WREKGVASLQELGFKT,6,,,,,,,,,,,,,,,,,,,,,,,,,,,,,,,,,very_weak,,,,,,,,weak,very_weak,,,very_weak,,,very_weak,,weak,very_weak,,,,,,,,,very_weak,strong,weak,very_weak,,,,,,very_weak,,,very_weak,,,,,,,,,,strong,weak,very_weak,23.625,26.045,47.215,31.095,23.305,52.165000000000006,26.38,37.785,50.485,26.02,18.345,34.239999999999995,2.115,16.945,16.94,25.995,23.0,16.605,1.375,46.120000000000005,11.385000000000002,11.645,25.65,36.965,38.595,4174.35404930783,1357.2577581748,2744.19464824096,5277.4649672447,1842.90188737031,10167.7587237102,4145.6824900155,2186.43485956463,3888.59068700222,1886.68318887545,3139.46758246538,2383.99207918226,804.982915119983,1158.8677467363,2629.86747530733,471.782824681601,1059.344274834,2160.87060925144,302.609320531542,3144.32881528788,818.968925203431,830.282180595955,1069.71034745663,1878.69804518457,Ubiquitin protein ligase E3 component n-recognin 4,Q5T4S7,609890.0,gene,23352.0,UBR4,ENSG00000127481,bacteria
sp|Q5T4S7|UBR4_HUMAN,sp,Q5T4S7,UBR4,HUMAN,0001259|tr|Q1G847|Q1G847_LACDA,1259,tr,Q1G847,Q1G847,DESNAE,4571,4576,DESNAE,344,349,AVNNLDESNAEQVVRM,6,,,,,,,,,,,,,,,,,,very_weak,,,,,,very_weak,,,very_weak,,,,,,,,,,,,,,,very_weak,,,,,,,,,very_weak,,,,,,,,,,,,,,,,,,,,,,,,very_weak,,,,,,,,,very_weak,29.245,65.47,72.63499999999999,22.62,54.73,18.48,36.225,14.325,16.71,24.585,39.77,45.225,10.83,43.38,72.43,29.155,34.42,46.645,52.69,42.495,51.64,42.21,16.43,47.515,76.645,4271.16548707005,5460.49248254709,9121.40354736796,3442.97221665226,7057.92899882636,3921.84405835461,5478.00858671253,881.267276456406,597.527961783151,1743.11489567932,11173.5416594079,5236.51197058921,1170.52427057627,5727.41918912429,12790.7227350168,976.004508818816,2139.60647722301,9277.77320519952,8477.60423041153,3470.3866431454,4825.80285588027,3751.22276579178,949.495575442538,4400.68471398479,Ubiquitin protein ligase E3 component n-recognin 4,Q5T4S7,609890.0,gene,23352.0,UBR4,ENSG00000127481,bacteria
sp|Q5T4S7|UBR4_HUMAN,sp,Q5T4S7,UBR4,HUMAN,0001259|tr|Q1GBU3|Q1GBU3_LACDA,1259,tr,Q1GBU3,Q1GBU3,KGNLLL,4582,4587,KGNLLL,47,52,GDSLRKGNLLLFVTII,6,,,,,,,,,,,,,,,,,,,,,,,,,,,,,,,,,very_weak,,,very_weak,,,,,,,,,very_weak,,weak,very_weak,,,,,,,,,,,,very_weak,,,,,,,,,very_weak,,,,,,,,,,,,,,weak,very_weak,33.08,22.87,50.8,31.64,37.215,28.695,23.79,27.985,24.89,50.91,11.565,11.065,58.535,16.16,8.575,46.485,45.39,14.475,25.085,55.225,14.635,46.67,21.3,56.215,43.33,1176.32642310802,194.044036972912,919.697658306249,1219.58763991948,252.310256649721,780.564319759392,728.688712168998,196.611786702637,92.8984612099046,1631.74728654559,415.927773835164,93.6178980473896,3417.88160250659,77.7989267846354,187.395958307759,129.823215454248,806.290436364378,189.988761573608,309.587224155762,974.305804271915,119.647418235109,688.733187337652,194.868794054849,783.68695079229,Ubiquitin protein ligase E3 component n-recognin 4,Q5T4S7,609890.0,gene,23352.0,UBR4,ENSG00000127481,bacteria
sp|Q5T4S7|UBR4_HUMAN,sp,Q5T4S7,UBR4,HUMAN,0001259|tr|Q1GA07|Q1GA07_LACDA,1259,tr,Q1GA07,Q1GA07,AAVLAI,1199,1204,AAVLAI,212,217,HFRVTAAVLAIFAIGL,6,,,,,,,,,,,,,,,,,,very_weak,,,,,weak,very_weak,,,,,,very_weak,,weak,very_weak,,,,,,,,,,,,,,,,,,,,weak,very_weak,,,very_weak,,,,,,,,,,,,,,,,,,,,,,,,,,weak,very_weak,41.175,44.705,27.525,29.7,38.785,16.35,52.525,7.12,37.36,14.925,4.095,34.345,22.27,27.14,34.57,6.2250000000000005,16.43,26.49,26.985,23.59,34.885000000000005,43.405,21.455,26.92,29.295,1959.71250750872,597.237102194279,306.796211442296,1585.02517570324,443.225124207344,564.416056795963,3730.4591084276,41.2551047034352,287.30688946042,234.022852120949,241.733245041083,656.27250002147,2368.64253040887,416.571807160193,1631.20006886316,15.3911104617726,306.076732066679,877.736838791979,1017.3546488043,372.80217897916,770.837065111559,583.321150847289,157.696133925998,353.731992716897,Ubiquitin protein ligase E3 component n-recognin 4,Q5T4S7,609890.0,gene,23352.0,UBR4,ENSG00000127481,bacteria
sp|Q5T4S7|UBR4_HUMAN,sp,Q5T4S7,UBR4,HUMAN,0001259|tr|Q1G8T8|Q1G8T8_LACDA,1259,tr,Q1G8T8,Q1G8T8,SSTSAS,3786,3791,SSTSAS,197,202,ASTTSSSTSASTSTAS,6,,,,,,,,,,,,,,,,,,,,,,,,,,,,,weak,very_weak,,,,,,,,,,,,,,,,,,,,,,,,,,weak,very_weak,,,,,,,,,,,,,,,,,,,,,,,,,,weak,very_weak,95.0,91.61,78.84,93.635,90.925,73.205,93.55,57.035,88.975,8.035,72.33500000000001,92.085,32.71,94.87,95.0,72.005,7.805,94.675,93.96,59.965,95.0,24.115,49.325,75.18,87.4,36130.8959448158,13412.7819437408,9224.52261577803,20904.8530431956,14205.031498469,14851.2963989431,22031.1477687683,3999.79513251545,14225.7955238028,85.3514465886001,19261.9127275293,20467.74654852,3305.89370703091,23073.1252873903,35462.4150747401,2388.09689727183,518.894378108771,25293.8405542936,22850.0286660747,4417.38135999933,32888.5465956478,1037.85641638015,2340.9985278012,8411.27216648237,Ubiquitin protein ligase E3 component n-recognin 4,Q5T4S7,609890.0,gene,23352.0,UBR4,ENSG00000127481,bacteria
sp|Q5T4S7|UBR4_HUMAN,sp,Q5T4S7,UBR4,HUMAN,0001259|tr|Q1GAT8|Q1GAT8_LACDA,1259,tr,Q1GAT8,Q1GAT8,LSLVRL,1289,1294,LSLVRL,629,634,ATSNGLSLVRLGTGSK,6,,,,,weak,very_weak,,,very_weak,,,,,,,,,,,,,,,,,,,,,,,,,,,,,,very_weak,,,,,,,,,,,,,,,,strong,weak,very_weak,,,,,,,,,,,,,,,,,,,,,,,weak,very_weak,strong,weak,very_weak,65.32499999999999,9.73,14.7,83.78999999999999,39.01,63.2,51.57,64.44999999999999,57.275,26.94,54.74,46.51,52.44,50.09,44.805,42.97,0.31,65.055,27.66,44.85,51.455,24.1,55.35,48.59,9.585,7417.05433540115,346.928269229733,454.781950565969,10689.0515722405,1020.01093048339,6679.16136720264,5027.37267895253,1915.10661450214,2452.43391641775,406.152925278624,7620.83187069295,3643.30084361198,4436.25282011141,2376.98635281577,3866.22994923572,266.321519807244,35.1624077411796,5770.33808843726,1432.16388821552,1703.4575087374,2809.23572757294,246.986511152258,1508.91664439436,1884.3574852026,Ubiquitin protein ligase E3 component n-recognin 4,Q5T4S7,609890.0,gene,23352.0,UBR4,ENSG00000127481,bacteria
sp|Q5T4S7|UBR4_HUMAN,sp,Q5T4S7,UBR4,HUMAN,0001259|tr|Q1GAT2|Q1GAT2_LACDA,1259,tr,Q1GAT2,Q1GAT2,DDDDDDD,2730,2736,DDDDDDD,436,442,INTDYDDDDDDDIPFFK,7,,,,,,,,,,,,,,,,,,,,,,,,,,,,,,,,,,,,,,,,,,,,,,,,,,,very_weak,,,,,,,,,,,,,,,,,,,,,,,,,,,,,,,,,very_weak,32.965,95.0,95.0,20.83,95.0,62.805,63.115,95.0,85.375,89.225,95.0,91.915,43.77,86.625,84.64500000000001,95.0,95.0,75.38,90.26,60.645,79.775,94.97,95.0,64.58,95.0,7167.28248183184,29347.6901671367,36911.2877285862,4144.15768807612,33666.2277332945,24284.4266010282,11133.1150627679,37524.5703254414,17743.4851530583,25216.2365028025,38427.6710277909,19910.1054439154,8563.33985208508,20382.6631392407,22917.1269275306,34962.1845671622,28300.8502364834,21814.3493945912,24648.1448899233,16506.6599951034,16310.3073504736,26996.7804032437,36616.9324562673,16221.255545568,Ubiquitin protein ligase E3 component n-recognin 4,Q5T4S7,609890.0,gene,23352.0,UBR4,ENSG00000127481,bacteria
sp|Q5T4S7|UBR4_HUMAN,sp,Q5T4S7,UBR4,HUMAN,0001259|tr|Q1GA06|Q1GA06_LACDA,1259,tr,Q1GA06,Q1GA06,QQELLL,3443,3448,QQELLL,174,179,VLRRQQQELLLDLHRQ,6,,,,,,very_weak,,,,,,,,,,,,,,,,,,,,,,,,,,,very_weak,,,,,,,,,,,weak,very_weak,,weak,very_weak,,,,,,,,,,,,very_weak,,,,,,,,weak,very_weak,,,,,,,,,,,,,,weak,very_weak,33.995,14.255,63.665000000000006,54.735,47.595,72.495,44.5,71.535,61.09,92.34,13.485,24.020000000000003,67.66,9.405,4.97,51.69,52.39,14.16,33.45,57.84,4.315,54.675,68.82499999999999,54.135,54.855,2272.88598877934,109.338977592488,4036.00773200135,3305.85793818747,1019.65783026668,10186.0372742719,2362.98546727687,2673.96784760678,2164.77862241767,10338.2623515078,2529.89300033742,520.789858276304,5027.69905989296,140.850729451025,541.411057900144,389.261479802246,2784.24106014239,423.506911772688,1033.2066721805,2332.04918153953,143.389417328835,2705.89506756411,2011.74657118051,1483.93452239614,Ubiquitin protein ligase E3 component n-recognin 4,Q5T4S7,609890.0,gene,23352.0,UBR4,ENSG00000127481,bacteria
sp|Q5T4S7|UBR4_HUMAN,sp,Q5T4S7,UBR4,HUMAN,0001259|tr|Q1GA06|Q1GA06_LACDA,1259,tr,Q1GA06,Q1GA06,QELLLD,3444,3449,QELLLD,175,180,LRRQQQELLLDLHRQS,6,,,,,,,,,,,,very_weak,,,,,,,,weak,very_weak,,,,,,,,,,,,,,,,,,,,,,,weak,very_weak,,weak,very_weak,,,,,,,,,,,,very_weak,,,,,,,,weak,very_weak,,,,,,,,,,,,,,weak,very_weak,34.25,20.275,57.325,19.365,54.81,46.765,4.205,78.16,41.485,90.425,28.325000000000003,25.365,71.37,8.02,6.705,59.125,44.28,13.28,41.555,52.64,6.324999999999999,51.075,78.725,55.545,42.11,2421.1385140192,276.974652900856,3333.76733148879,818.37544917537,2281.21334381411,4607.023130481,119.634473350049,4320.80730518208,1406.09242244375,10151.5996820836,3189.80025834335,587.164781908749,5512.07627324491,162.128665302727,576.76287805338,833.17990250361,2628.6157716284,458.313852105346,2024.49854170105,1764.04223168116,171.106054480391,2499.12292482444,3602.37823207775,1953.80560792856,Ubiquitin protein ligase E3 component n-recognin 4,Q5T4S7,609890.0,gene,23352.0,UBR4,ENSG00000127481,bacteria
sp|Q5T4S7|UBR4_HUMAN,sp,Q5T4S7,UBR4,HUMAN,0001259|tr|Q1G9I5|Q1G9I5_LACDA,1259,tr,Q1G9I5,Q1G9I5,TGAIST,2937,2942,TGAIST,188,193,DAGQATGAISTSLNRG,6,,,,,,,,,,,,,,,,,,,,,,,,,,,,strong,weak,very_weak,,,,,,,,,,,,,,,,,,,,,,,,,,weak,very_weak,,,,,,,,,,,,,,,,,,,,,,,,,strong,weak,very_weak,86.155,66.715,63.985,73.50999999999999,66.345,56.055,41.36,30.025,58.32,1.9,54.105,79.7,22.6,81.03999999999999,78.7,47.405,8.175,83.785,70.615,46.105,79.595,20.165,27.695,52.73,64.57,18060.166232658,3887.37074142248,4445.14157858172,11796.0713629156,5453.52533556744,9285.60641915263,4966.22675817934,1427.76986509807,3965.23721586228,57.3549265910486,11348.7484926158,10105.7910406321,2498.50108321491,9197.41494127191,12949.3274091595,941.454975280803,528.84737953384,14341.0844636684,10658.56270113,3060.28402195512,8223.02178024496,763.672897820881,886.671117786098,3964.50793214733,Ubiquitin protein ligase E3 component n-recognin 4,Q5T4S7,609890.0,gene,23352.0,UBR4,ENSG00000127481,bacteria
sp|Q5T4S7|UBR4_HUMAN,sp,Q5T4S7,UBR4,HUMAN,0001259|sp|Q8KH12|DER_LACDA,1259,sp,Q8KH12,DER,NEEGTT,1182,1187,NEEGTT,204,209,RVIVANEEGTTRDAID,6,,,,,,,,,,,,,,,,,weak,very_weak,,weak,very_weak,,,,,weak,very_weak,,,,,,,,,,,,,,,,,,,,,,,,,,,,,,,,,,,,,,,,,,,,,,,,,,,,,,,,weak,very_weak,62.64,43.790000000000006,41.235,28.96,40.565,8.05,8.625,57.705,10.0,24.770000000000003,51.52,65.49,30.04,55.705,48.065,43.49,23.555,57.45,40.395,43.415,55.975,39.975,42.2,58.505,43.375,12483.3687727642,4395.26001488176,4783.38367020449,5497.95983225678,4995.11157576906,1791.45131566866,1390.52444380642,7416.17162821327,483.304489502016,1151.70530173896,15248.9257751868,12657.1837185487,3055.61884659016,11152.1636783526,13316.3331288872,1999.18307380679,2135.05077084674,15569.6936971165,8208.08818314808,4376.32617404356,8961.07388798532,3383.22268905456,3709.73010366284,6859.32534310273,Ubiquitin protein ligase E3 component n-recognin 4,Q5T4S7,609890.0,gene,23352.0,UBR4,ENSG00000127481,bacteria
sp|Q5T4S7|UBR4_HUMAN,sp,Q5T4S7,UBR4,HUMAN,0001259|tr|Q1G8D9|Q1G8D9_LACDA,1259,tr,Q1G8D9,Q1G8D9,APVAAS,3350,3355,APVAAS,7,12,ALALVAPVAASAQAPA,6,,,,,,very_weak,,weak,very_weak,,,,,,,,,very_weak,,,,,,very_weak,,,,,weak,very_weak,,weak,very_weak,,,,,,,,weak,very_weak,,,,,,,,,very_weak,,weak,very_weak,,weak,very_weak,,,,,,,,weak,very_weak,,,,,weak,very_weak,,weak,very_weak,,,very_weak,,,,,weak,very_weak,38.93,15.96,7.76,53.040000000000006,22.815,14.99,38.145,17.855,26.42,2.355,2.335,31.78,9.015,39.385000000000005,44.59,7.175000000000001,2.78,38.66,20.24,9.995,41.73,7.75,5.53,17.61,21.04,3854.0343533646,297.042689105559,203.996933734596,6777.9512106568,765.335522141528,1953.23491821737,4446.15169770744,402.53489763082,652.329291379394,32.6869692939165,831.07310235198,3395.98549210272,973.86315040038,2762.24686187828,5662.41318928124,32.4800253602884,116.305814843699,5972.52644060343,1307.01846561482,381.031572929051,3333.47877899025,175.326457337322,203.056632443921,695.92433261925,Ubiquitin protein ligase E3 component n-recognin 4,Q5T4S7,609890.0,gene,23352.0,UBR4,ENSG00000127481,bacteria
sp|Q5T4S7|UBR4_HUMAN,sp,Q5T4S7,UBR4,HUMAN,0001259|sp|Q1GAW6|ATPG_LACDA,1259,sp,Q1GAW6,ATPG,AEHASS,1065,1070,AEHASS,270,275,LDAKTAEHASSMTAMK,6,,,,,,,,,,,,,,,,,,,,,,,,,,,,,weak,very_weak,,,very_weak,,,,,,,,,,,,,,,,,,,,,,,weak,very_weak,,,,,,,,,,,,,,,,,,,,,,,,,,weak,very_weak,85.16,74.08,61.24,66.97,65.21000000000001,53.65,75.86,34.35,74.525,6.44,15.13,75.70500000000001,37.025,78.3,58.125,41.68,5.54,79.82,78.275,39.71,72.465,22.495,23.095,58.06,69.11,14835.3968302459,4889.55602537923,3716.15781892854,9472.21784427133,4877.87822817347,8070.44576837445,9822.698609692,1304.3060871321,5337.41637568287,117.699602004677,4213.51449460461,9698.08607070627,2642.7318539966,9419.78750406575,9809.63493560594,474.357430816095,294.399805436526,13478.830021304,11544.3010866789,1781.95944575782,6965.37562415424,754.270386972906,500.851102993638,3366.75372426105,Ubiquitin protein ligase E3 component n-recognin 4,Q5T4S7,609890.0,gene,23352.0,UBR4,ENSG00000127481,bacteria
sp|Q5T4S7|UBR4_HUMAN,sp,Q5T4S7,UBR4,HUMAN,0001259|sp|Q1GAM2|RNZ_LACDA,1259,sp,Q1GAM2,RNZ,GTVLNG,4264,4269,GTVLNG,189,194,VELADGTVLNGKDFLG,6,,,,,,,,,,,,,,,,,,,,,,,,,,,,,weak,very_weak,,,,,,,,,,,,,,,,,,,,,,,,,,,very_weak,,,,,,,,,,,,,,,,,,,,,,,,,,weak,very_weak,67.81,56.775000000000006,60.305,58.52,69.235,66.115,30.355,68.805,60.075,5.699999999999999,71.445,79.9,38.62,76.23,81.55000000000001,60.305,14.075,82.71000000000001,46.38,45.93,81.92,38.335,57.88,61.27499999999999,73.8,8787.66957100363,4495.63788694134,5055.0267538571,5368.40203974161,5958.84240146022,10862.1836911759,4856.86537121218,4482.66926637605,3154.34689722038,238.798307812955,14566.4327929602,9845.36223179426,3157.9666819932,8796.42134467284,13134.8874937769,1216.91185898183,697.152764304571,14226.2572911576,4790.3238903308,2875.94283294003,7676.77627549512,2114.77279713864,2866.77793331845,4496.22162649831,Ubiquitin protein ligase E3 component n-recognin 4,Q5T4S7,609890.0,gene,23352.0,UBR4,ENSG00000127481,bacteria
sp|Q5T4S7|UBR4_HUMAN,sp,Q5T4S7,UBR4,HUMAN,0001259|sp|Q1G9F8|PURL_LACDA,1259,sp,Q1G9F8,PURL,EFAAAL,705,710,EFAAAL,688,693,SEYSAEFAAALAADAV,6,,weak,very_weak,,,,,weak,very_weak,,weak,very_weak,,,,,weak,very_weak,,,,,weak,very_weak,,,,strong,weak,very_weak,strong,weak,very_weak,,,very_weak,,weak,very_weak,strong,weak,very_weak,,,very_weak,,,,strong,weak,very_weak,strong,weak,very_weak,strong,weak,very_weak,,weak,very_weak,,,,,weak,very_weak,,weak,very_weak,strong,weak,very_weak,strong,weak,very_weak,,weak,very_weak,,,very_weak,strong,weak,very_weak,9.31,37.26,5.865,8.9,32.165,7.225,63.34,4.025,39.89,0.17,0.76,13.045,1.285,10.38,23.09,1.165,0.755,9.885,47.48,4.15,9.8,1.405,0.5700000000000001,6.425,13.815,873.804453049035,1240.07921433189,153.821879752298,830.515783649143,882.574556079679,721.088783454738,7056.1728171336,65.678817881997,1219.24460080822,14.7253377456437,239.610983377471,535.845521486812,200.732399166115,494.625639993942,1961.13366743754,6.62545170791628,39.5496197851783,862.252615713091,3417.9185834278,86.3219634012841,461.263906528,111.397650930096,18.0485988573379,125.015065895181,Ubiquitin protein ligase E3 component n-recognin 4,Q5T4S7,609890.0,gene,23352.0,UBR4,ENSG00000127481,bacteria
sp|Q5T4S7|UBR4_HUMAN,sp,Q5T4S7,UBR4,HUMAN,0001259|sp|Q8KH12|DER_LACDA,1259,sp,Q8KH12,DER,PLPIVA,3632,3637,PLPIVA,2,7,MPLPIVAIVGQP,6,,,,,,,,,,,,,,,,,,,,,,,,,,,,,,,,,,,,,,,,,,,,,,,,,,,,,,,,,,,,,,,,,,,,,,,,,,,,,,,,,,,,,93.15,87.02,84.56,95.0,92.86,92.125,95.0,89.745,92.18,60.065,90.06,94.275,78.05000000000001,91.535,93.305,82.86,76.91499999999999,93.905,90.16,93.45,92.83,67.185,90.91,92.015,91.855,22039.4923733844,8999.45379272325,9716.46641613724,24479.9085023334,16910.5099678214,24047.0157976827,27963.2937815298,12715.1078801151,14493.3302522569,3103.83473939349,21480.3589100145,20630.0499063932,7542.8185410035,16595.6624884394,22421.6851955676,6428.52115017118,5026.06736705235,23884.9497777007,17607.701161523,14166.9661595146,15463.4224529647,4199.31461655609,10323.0608905659,13598.654944105,Ubiquitin protein ligase E3 component n-recognin 4,Q5T4S7,609890.0,gene,23352.0,UBR4,ENSG00000127481,bacteria
sp|Q5T4S7|UBR4_HUMAN,sp,Q5T4S7,UBR4,HUMAN,0001259|tr|Q1GBQ5|Q1GBQ5_LACDA,1259,tr,Q1GBQ5,Q1GBQ5,QLKDLI,4677,4682,QLKDLI,340,345,KQLLPQLKDLIKKAGF,6,,,,,weak,very_weak,,weak,very_weak,,,,,,,,,,,weak,very_weak,,,,,,,,,,,,,,,,,,,,,,,,,,,,,,,,,,,,,,,,,,very_weak,,,,,,,,,,,,,,,,,weak,very_weak,,weak,very_weak,63.41,2.985,8.7,37.325,33.1,54.925,8.975,74.555,27.395,91.72,62.33,37.885,93.39,41.44,22.795,52.16,74.63499999999999,44.515,11.93,54.005,47.995000000000005,53.455,66.53,65.375,2.655,8976.79466857521,75.187155833521,694.292294198843,3265.50878047433,792.709614504902,5576.26130078966,602.103299453348,3250.77331753587,1045.78076723603,9182.59930239669,7417.45560067222,2640.53105039402,15323.1865196577,1716.4824991673,1792.82804493463,624.185791145537,5794.61331353303,3752.64359375481,803.234160314199,2126.95777576387,1655.86414569639,2104.47843524073,2898.84232745549,2938.02857795349,Ubiquitin protein ligase E3 component n-recognin 4,Q5T4S7,609890.0,gene,23352.0,UBR4,ENSG00000127481,bacteria
sp|Q5T4S7|UBR4_HUMAN,sp,Q5T4S7,UBR4,HUMAN,0001259|tr|Q1G9J1|Q1G9J1_LACDA,1259,tr,Q1G9J1,Q1G9J1,KRRHVT,2710,2715,KRRHVT,181,186,ISNYIKRRHVTWHSFL,6,,,,,,,,,very_weak,,,,,,,,,,,,,,,,,,,,,,,,,,,,,,,,,,,,,,,,,,,,,,,,,,,,,,,,,,,,,,,,,,,,,,,,very_weak,,,very_weak,68.62,20.515,15.06,59.675,34.93,48.95,46.585,45.56,22.27,78.605,36.82,22.425,86.89,50.0,24.37,51.545,68.355,38.275,34.535,53.040000000000006,36.63,23.355,50.495,54.04,13.245,5377.06367283031,213.254799707878,258.810674047138,4617.15318598246,306.159535324559,3042.62049155508,2961.03794764143,364.052655215834,483.027418839177,4063.56902960876,1894.06687085792,470.971893318089,9720.35700530477,1093.51287758159,963.226624746367,308.397037048569,2826.73692400333,1143.88144405204,1099.13544584322,1029.8361037001,893.36379136059,213.520312368795,512.522270788926,1151.84238305249,Ubiquitin protein ligase E3 component n-recognin 4,Q5T4S7,609890.0,gene,23352.0,UBR4,ENSG00000127481,bacteria
sp|Q5T4S7|UBR4_HUMAN,sp,Q5T4S7,UBR4,HUMAN,0001259|tr|Q1GB99|Q1GB99_LACDA,1259,tr,Q1GB99,Q1GB99,QNLPSS,1220,1225,QNLPSS,164,169,LSSLGQNLPSSSQILL,6,,,,,,,,,,,,,,,,,weak,very_weak,,,,,,,,,,,,,,,,,,,,,,,,,,,,,,,,,,,,,,,,,,,,,,,,,,,,,,,,,,,,,,,,,weak,very_weak,74.24,55.09,64.49,65.265,66.38,5.075,50.760000000000005,22.825,29.045,51.875,63.15,73.55499999999999,68.13,78.48,80.31,52.615,41.59,78.33500000000001,65.45,38.76,80.09,42.29,38.755,60.785,68.75,8458.27216269354,1544.37917832138,2822.64154821228,5406.05633844831,2085.37060802417,176.409176013541,4829.66824776697,168.666892594815,348.135297623142,1030.89519475513,8710.70800530221,5987.40787424554,5430.50274823108,6064.27559401186,10250.4931698488,258.231665948745,1095.04021535392,9071.50391493945,4136.6763582809,1168.46172535514,5487.97514302891,661.83450095644,383.094352354916,1921.95677612433,Ubiquitin protein ligase E3 component n-recognin 4,Q5T4S7,609890.0,gene,23352.0,UBR4,ENSG00000127481,bacteria
sp|Q5T4S7|UBR4_HUMAN,sp,Q5T4S7,UBR4,HUMAN,0001259|tr|Q1G7P3|Q1G7P3_LACDA,1259,tr,Q1G7P3,Q1G7P3,SDEFLA,1343,1348,SDEFLA,190,195,RHVKESDEFLAAHKKA,6,,,,,,,,,,,,,,,,,,,,,,,,,,,,,,,,,very_weak,,weak,very_weak,,,very_weak,,,,,weak,very_weak,,weak,very_weak,,,,,,,,,,,weak,very_weak,,,,,,,,weak,very_weak,,,,,,very_weak,,,,,,,,weak,very_weak,41.63,47.53,57.43,31.005000000000003,31.66,48.485,28.665,40.07,49.09,55.09,19.425,8.325,49.785,6.9350000000000005,3.14,45.400000000000006,50.835,5.43,44.86,51.69,3.06,23.9,18.54,54.255,44.98,6256.15160540234,3206.92999014779,3739.18765601497,3287.77288196561,2020.53768420889,11703.6476933628,3370.50785121178,2684.31645222735,3841.79409153522,4028.06784717207,3981.91856529067,507.736908867392,4189.55730452513,473.362781291939,809.226995922701,1004.36136341287,3742.38513969558,567.189253498667,5281.17783775103,3506.92490369588,280.463749047157,1316.76997667934,929.944062714074,3527.97091851647,Ubiquitin protein ligase E3 component n-recognin 4,Q5T4S7,609890.0,gene,23352.0,UBR4,ENSG00000127481,bacteria
sp|Q5T4S7|UBR4_HUMAN,sp,Q5T4S7,UBR4,HUMAN,0001259|tr|Q1GBM8|Q1GBM8_LACDA,1259,tr,Q1GBM8,Q1GBM8,EEALQA,2392,2397,EEALQA,372,377,RVALSEEALQAAVDLS,6,,,,,weak,very_weak,,,,,,,,,,,,,,,,,,,,,,,,,,,,,,,,,,,weak,very_weak,,,very_weak,,,,,,very_weak,,,,,,very_weak,,,,,,,,,,,,,,,,,,,,,,,,,,weak,very_weak,31.125,8.75,53.725,51.375,55.715,63.125,36.93,55.05,53.985,36.99,24.37,29.125,5.205,13.27,33.185,29.36,17.185000000000002,23.045,46.195,27.68,21.215,32.205,37.745000000000005,35.790000000000006,62.25,2058.60336318932,437.247326825281,2724.37322325747,4548.33153177142,2944.26579746863,10629.54081653,3458.50405860205,2012.09486775741,2523.44124102453,1171.36044676324,4310.11476671502,1731.83547751674,579.070205734191,773.21771530472,3501.38943111772,299.673629902424,665.187105400575,2453.41590023993,3471.96405171936,1081.35891689389,973.536558690647,1356.25952993527,893.489458174296,1492.54930778287,Ubiquitin protein ligase E3 component n-recognin 4,Q5T4S7,609890.0,gene,23352.0,UBR4,ENSG00000127481,bacteria
sp|Q5T4S7|UBR4_HUMAN,sp,Q5T4S7,UBR4,HUMAN,0001259|tr|Q1G871|Q1G871_LACDA,1259,tr,Q1G871,Q1G871,ALVDII,2659,2664,ALVDII,207,212,ENVANALVDIILKRHA,6,,weak,very_weak,,weak,very_weak,,,very_weak,,,very_weak,,,,,,,,weak,very_weak,,,,,,,,weak,very_weak,,,,,,,,,,,weak,very_weak,,,very_weak,,,very_weak,,weak,very_weak,,,,,,very_weak,,,,,,very_weak,,,,,,,,,,,,very_weak,,,,,,very_weak,,weak,very_weak,9.275,3.1,18.715,13.215,33.025000000000006,38.125,2.1,30.145,35.19,9.825,28.585,30.08,9.125,15.085,13.395,37.535,11.445,30.53,17.27,46.965,21.885,29.47,19.450000000000003,35.295,12.905,701.594618452915,159.566942541263,423.593983489158,669.504970967984,568.756314100621,2357.9541364808,64.1713739508065,747.114671310698,281.089564670052,517.106496570922,2282.15146111388,965.741579820427,963.21620290423,434.314574761563,715.84934904987,235.154886926259,259.315214539074,1710.86440945044,578.99502568004,1000.01314922493,584.274952022516,514.038396865449,458.998685138777,1009.14330989595,Ubiquitin protein ligase E3 component n-recognin 4,Q5T4S7,609890.0,gene,23352.0,UBR4,ENSG00000127481,bacteria
sp|Q5T4S7|UBR4_HUMAN,sp,Q5T4S7,UBR4,HUMAN,0001259|tr|Q1G9M1|Q1G9M1_LACDA,1259,tr,Q1G9M1,Q1G9M1,LNRLAG,4489,4494,LNRLAG,176,181,CLLERLNRLAGVKPRR,6,,,,,,,,weak,very_weak,,,,,,very_weak,,,,,,,,,,,,very_weak,,,,,,very_weak,,,,,,very_weak,,,,,,,,,,,,,,weak,very_weak,,,,,,,,,very_weak,,,,,,,,,,,,,,,,strong,weak,very_weak,strong,weak,very_weak,64.14,26.715,5.84,62.05,15.21,20.065,29.415,37.785,18.22,60.075,19.255000000000003,46.95,81.9,45.41,39.05,3.125,37.735,52.73,11.885,28.55,55.03,35.25,44.7,34.08,1.505,5124.41342927635,262.632996152853,211.895494905731,4642.04847950571,262.479592908941,540.889951505747,2341.63184057701,718.013561396379,203.236868661713,2140.60216173747,3451.5882367543,1181.0961863212,7983.68241044388,796.423526485207,1767.11784361608,16.0090222415038,1254.61425815092,2282.91705305893,553.721748133998,760.128158455571,1267.75498494158,293.575957099019,674.843159286251,813.678311826481,Ubiquitin protein ligase E3 component n-recognin 4,Q5T4S7,609890.0,gene,23352.0,UBR4,ENSG00000127481,bacteria
sp|Q5T4S7|UBR4_HUMAN,sp,Q5T4S7,UBR4,HUMAN,0001259|sp|Q1GBL1|RL16_LACDA,1259,sp,Q1GBL1,RL16,LEALES,2483,2488,LEALES,35,40,FGEYGLEALESHWITN,6,,weak,very_weak,,,,,,,,,,,weak,very_weak,,,,,,,,weak,very_weak,,,,,,,,,,,,,,,very_weak,,,very_weak,,,very_weak,,,,,,very_weak,strong,weak,very_weak,,,,,,,strong,weak,very_weak,,,,,,,,,very_weak,,weak,very_weak,,,very_weak,,,,strong,weak,very_weak,6.800000000000001,28.335,30.86,26.245,2.68,27.64,37.315,5.945,20.58,38.05,44.825,28.415,14.195,18.815,29.82,1.81,30.53,25.02,0.935,29.435,24.925,11.7,8.469999999999999,16.83,29.78,891.55807707212,1006.0689271873,1584.09936665717,2296.51806881957,124.484608821022,5182.12154023243,3624.74217104804,206.396926672501,758.017419001751,1438.26666247054,5979.31554459265,1207.62543797142,923.286977092753,824.820308621676,2444.14257437685,21.9276484488356,813.053480712227,1699.77528774348,196.509703008352,895.764177946174,838.71528004596,346.789410609063,228.145017967003,625.639494982674,Ubiquitin protein ligase E3 component n-recognin 4,Q5T4S7,609890.0,gene,23352.0,UBR4,ENSG00000127481,bacteria
sp|Q5T4S7|UBR4_HUMAN,sp,Q5T4S7,UBR4,HUMAN,0001259|tr|Q1G899|Q1G899_LACDA,1259,tr,Q1G899,Q1G899,TARSIA,2576,2581,TARSIA,33,38,GIENLTARSIAQTGHF,6,,,,,,,,weak,very_weak,,,,,,very_weak,,,,,,,,,,,,,,weak,very_weak,,,,,,,,,,,,,,,,,,,,,,,weak,very_weak,strong,weak,very_weak,,,,,weak,very_weak,,,,,,,,weak,very_weak,,,,,,,,,,strong,weak,very_weak,49.02,21.36,4.45,64.245,13.595,34.06,58.185,27.435,27.32,5.375,35.93,28.455,34.65,46.3,48.445,4.675,1.785,52.845,4.495,34.7,59.585,2.95,28.415,46.055,24.315,6128.19014000896,728.649291983782,296.984843889926,7765.41179975296,384.564494596021,4154.16882813296,6629.12414024725,599.1464297457,750.582481856232,194.233085214847,5111.67692960834,3491.66670116327,2903.1424956417,3611.23687039482,5734.42601449804,26.039089864678,133.826577166608,7626.11086375888,416.202379469952,1372.86914388501,3964.89400681611,112.212991037172,572.070532793637,2036.18540563091,Ubiquitin protein ligase E3 component n-recognin 4,Q5T4S7,609890.0,gene,23352.0,UBR4,ENSG00000127481,bacteria
sp|Q5T4S7|UBR4_HUMAN,sp,Q5T4S7,UBR4,HUMAN,0001259|tr|Q1GAG7|Q1GAG7_LACDA,1259,tr,Q1GAG7,Q1GAG7,ETDPHK,1145,1150,ETDPHK,466,471,GIELLETDPHKAHARS,6,,,,strong,weak,very_weak,,,very_weak,,,very_weak,,,,,,,,weak,very_weak,,,very_weak,,,,,,,,,,,,,,,very_weak,,,,,,,,,,,,,,,very_weak,,,,,,,,,,,,very_weak,,,,,,very_weak,,,,,,,,,,strong,weak,very_weak,46.38,1.8,17.615000000000002,12.005,26.87,21.5,2.275,15.69,21.9,36.965,31.095,44.5,59.565,41.18,37.62,13.255,23.155,43.71,24.615,13.09,41.965,11.975,22.165000000000003,21.565,22.78,7423.23622820619,160.042431292806,1420.22030035575,2163.79510406642,2216.06279041597,5356.27600717115,370.610315675705,951.459810703012,1567.22171331528,2867.92582543226,9786.10055893699,8020.73950370985,6411.78018941817,6814.86600831435,9177.63296145918,214.799382026043,2058.5142705894,11341.6288521397,3067.51086925294,828.272320079148,5716.83221767048,1028.75583864214,1271.95929034178,1077.09681515982,Ubiquitin protein ligase E3 component n-recognin 4,Q5T4S7,609890.0,gene,23352.0,UBR4,ENSG00000127481,bacteria
sp|Q5T4S7|UBR4_HUMAN,sp,Q5T4S7,UBR4,HUMAN,0001259|tr|Q1GAT2|Q1GAT2_LACDA,1259,tr,Q1GAT2,Q1GAT2,DDDDDD,2730,2735,DDDDDD,436,441,INTDYDDDDDDDIPFF,6,,,,,,,,,,,,,,,,,,,,,,,,,,,,,,,,,,,,,,,,,,,,,,,,,,,very_weak,,,,,,,,,,,,,,,,,,,,,,,,,,,,,,,,,very_weak,28.44,78.38,95.0,20.83,91.785,62.805,56.855,94.285,85.375,57.11,92.15,91.85,43.77,84.89,84.00999999999999,95.0,91.365,72.355,87.255,60.645,77.195,78.265,86.56,64.58,91.885,6707.62278448337,25942.412844485,34559.7556531602,4144.15768807612,31924.7285411702,24284.4266010282,11931.49337956,35845.4788161605,17743.4851530583,20993.7062018044,37161.3389909311,20670.490967391,8563.33985208508,20600.8297733175,24405.8579174209,32570.8959791398,26460.3378213546,22015.8972330257,24551.2615612991,16506.6599951034,16720.566216272,24999.9931081452,34796.8885592262,16221.255545568,Ubiquitin protein ligase E3 component n-recognin 4,Q5T4S7,609890.0,gene,23352.0,UBR4,ENSG00000127481,bacteria
sp|Q5T4S7|UBR4_HUMAN,sp,Q5T4S7,UBR4,HUMAN,0001259|tr|Q1GAJ6|Q1GAJ6_LACDA,1259,tr,Q1GAJ6,Q1GAJ6,LERLLQ,2978,2983,LERLLQ,179,184,LIVVQLERLLQGGSAW,6,,,,,weak,very_weak,,weak,very_weak,,,,,,,,,,,,very_weak,,,,,,,,,,,,,,,,,,,,,,,weak,very_weak,,,,,,,,,,,,,,,very_weak,,weak,very_weak,,,,,,,,,,,,,,,,,weak,very_weak,,weak,very_weak,45.785,3.375,9.77,54.255,20.66,50.745000000000005,15.925,64.15,25.62,75.705,52.77,22.875,77.93,7.33,21.51,32.32,44.38,19.73,9.445,30.365,20.57,46.995,64.345,39.145,3.095,2716.16150904582,79.095838104178,519.501079305256,4386.85070401192,272.412547655533,7648.50465538625,1371.45872560253,1850.29439701448,1157.91519783383,4652.30588640196,6022.49277925602,581.783198909955,7385.58269705531,184.464933930002,1056.19694520007,105.576957310729,1616.17956690689,832.323934422223,431.522870019315,829.492011550157,428.0723549158,1007.47412972818,1603.84627935122,1015.84773135142,Ubiquitin protein ligase E3 component n-recognin 4,Q5T4S7,609890.0,gene,23352.0,UBR4,ENSG00000127481,bacteria
sp|Q5T4S7|UBR4_HUMAN,sp,Q5T4S7,UBR4,HUMAN,0001259|tr|Q1GBW8|Q1GBW8_LACDA,1259,tr,Q1GBW8,Q1GBW8,LQYLEK,1381,1386,LQYLEK,49,54,LDPSHLQYLEKTKGEA,6,,,,,,very_weak,,weak,very_weak,,,,,,,,,,,,,,,,,,,,,,,,,,,,,,,,,,,,,,,,,,,,,,,,,,,,,,very_weak,,,,,,,,,,,,,,,,strong,weak,very_weak,strong,weak,very_weak,60.79,15.835,5.745,66.68,31.615,50.835,29.285,67.245,29.16,70.3,61.935,38.745,71.77,35.41,22.130000000000003,46.49,42.635,36.525000000000006,17.955,41.465,36.615,27.37,60.650000000000006,53.39,1.415,10567.8455661255,929.501449382631,617.395158590336,12206.3589342621,3041.36977048402,14920.7145462855,6267.05922099038,4353.65667008568,3727.35247169761,6488.05614664976,13582.9206696089,3975.67635914596,7705.15239766546,3275.34588607989,4519.29116957052,1601.5226272387,3525.1854726862,6520.4988809033,2985.48704101169,3862.25797460947,3186.28188115176,2430.14049809439,3836.85075874724,4553.45245403646,Ubiquitin protein ligase E3 component n-recognin 4,Q5T4S7,609890.0,gene,23352.0,UBR4,ENSG00000127481,bacteria
sp|Q5T4S7|UBR4_HUMAN,sp,Q5T4S7,UBR4,HUMAN,0001259|tr|Q1G932|Q1G932_LACDA,1259,tr,Q1G932,Q1G932,LARLLL,855,860,LARLLL,34,39,AEAGELARLLLLEKEV,6,,,,,,,,,,,,,,,,,,,,,,,,,,,,,,,,,,,,,,,,,,,,,very_weak,,,very_weak,,,,,,,,,,,,,,,,,,,,,,,,,,,,,,,,,,,,very_weak,27.72,28.355,48.035,64.315,49.515,73.895,51.095,55.06,62.235,54.735,36.115,23.36,27.16,16.47,17.285,51.150000000000006,35.205,26.395,20.79,66.15,21.17,42.56,47.465,51.150000000000006,37.515,1064.29587737302,378.947098173156,1697.38611348214,5179.48694808614,1072.12045641915,9538.24374118654,3692.71042103973,1309.33975510633,2825.45265982494,1089.45038357145,2325.37221075732,417.383896326472,1089.07324529279,161.465186231049,507.078104553248,309.014960978165,573.061738728825,612.988746200213,703.540633450046,2333.05869018067,209.542627954159,811.401314654321,845.155704276224,1009.49276900943,Ubiquitin protein ligase E3 component n-recognin 4,Q5T4S7,609890.0,gene,23352.0,UBR4,ENSG00000127481,bacteria
sp|Q5T4S7|UBR4_HUMAN,sp,Q5T4S7,UBR4,HUMAN,0001259|tr|Q1G7W4|Q1G7W4_LACDA,1259,tr,Q1G7W4,Q1G7W4,AVRLAR,4894,4899,AVRLAR,232,237,AVATCAVRLARAVFSD,6,,,,,,,,,,,,,,,,,,,,,,,,,,,,,weak,very_weak,,,,,,,,,very_weak,,,,,,,,,,,,,,weak,very_weak,,weak,very_weak,,,,,,very_weak,,,,,,,,,very_weak,,,very_weak,,,,,,,,weak,very_weak,49.1,25.55,21.98,64.72999999999999,23.18,30.905,31.365,33.92,41.275,7.814999999999999,25.94,51.945,30.315,54.81,50.495,6.85,5.09,60.52,19.38,24.36,56.625,15.815,12.905,33.7,27.385,2848.96717964869,154.832095337081,190.50542753302,4325.48485293241,183.996500336921,1159.30668406496,857.220163082257,88.2819002346918,286.586599402864,62.081541168542,1097.37677884903,1733.61650991249,1934.16051812319,1142.54555800986,1859.26491169666,13.6297040254681,30.392706966166,2999.21468383714,371.823292618383,238.50136194665,1433.31102887569,116.092082937099,62.2126626032691,423.57565111393,Ubiquitin protein ligase E3 component n-recognin 4,Q5T4S7,609890.0,gene,23352.0,UBR4,ENSG00000127481,bacteria
sp|Q5T4S7|UBR4_HUMAN,sp,Q5T4S7,UBR4,HUMAN,0001259|tr|Q1G7Y9|Q1G7Y9_LACDA,1259,tr,Q1G7Y9,Q1G7Y9,PLAASL,1279,1284,PLAASL,213,218,VLILGPLAASLAQMAL,6,,,,,,,,,,,,,,,very_weak,,,very_weak,,,,,weak,very_weak,,,,,weak,very_weak,,weak,very_weak,,,,,,,,,very_weak,,,,,,,,,very_weak,,weak,very_weak,,weak,very_weak,,,,,,very_weak,,,very_weak,,,,,,,,weak,very_weak,,,,,,,,weak,very_weak,28.565,22.145,20.78,35.69,17.045,18.385,27.495,9.485,25.085,2.75,8.040000000000001,21.315,16.41,21.43,43.06,2.145,5.15,35.485,11.475,19.035,29.985,27.945,6.505,26.29,26.675,1266.15113146694,129.086463622822,208.549685105532,2220.83941523501,175.0819158885,510.27026437629,982.712028694535,43.4397264384701,154.026727222931,34.0419624597651,296.057647640161,367.432124007498,906.469424667803,287.60235798748,1404.95186465881,8.1621944247183,35.8519891925415,913.015130906613,364.715003810748,152.360932745352,443.21553311597,105.50387418415,31.3927022609032,253.089490664814,Ubiquitin protein ligase E3 component n-recognin 4,Q5T4S7,609890.0,gene,23352.0,UBR4,ENSG00000127481,bacteria
sp|Q5T4S7|UBR4_HUMAN,sp,Q5T4S7,UBR4,HUMAN,0001259|tr|Q1G7X8|Q1G7X8_LACDA,1259,tr,Q1G7X8,Q1G7X8,ASVDPA,2407,2412,ASVDPA,159,164,LDEPFASVDPAARRFL,6,,,,,,,,,very_weak,,weak,very_weak,,,,,weak,very_weak,strong,weak,very_weak,,,very_weak,,,very_weak,,weak,very_weak,,weak,very_weak,,,,strong,weak,very_weak,,weak,very_weak,,,,,,very_weak,,weak,very_weak,,weak,very_weak,,,,,,,,,,,weak,very_weak,,,,strong,weak,very_weak,,,very_weak,,,very_weak,,,very_weak,strong,weak,very_weak,25.765,23.705,10.845,5.09,30.545,8.905000000000001,1.975,14.329999999999998,13.355,6.995,3.69,32.4,3.075,22.09,12.95,9.995,24.63,26.905,26.06,5.88,20.39,1.5750000000000002,10.07,11.225,10.585,3908.58484256037,1137.11916554686,798.64985093704,484.272869134332,1425.43909844348,1765.49340573505,114.867617362039,619.161220482763,818.180670258305,331.339922207979,1512.39812315811,4379.73676561853,1059.12652168373,2386.36633312269,2730.77727211273,110.338440730051,1350.02260858913,5112.56192158611,2450.17949599586,314.642503029543,2000.58956497585,398.979316458112,348.568743104125,576.981335040965,Ubiquitin protein ligase E3 component n-recognin 4,Q5T4S7,609890.0,gene,23352.0,UBR4,ENSG00000127481,bacteria
sp|Q5T4S7|UBR4_HUMAN,sp,Q5T4S7,UBR4,HUMAN,0001259|tr|Q1GAI0|Q1GAI0_LACDA,1259,tr,Q1GAI0,Q1GAI0,TIRQLI,1884,1889,TIRQLI,194,199,DVSMQTIRQLIKEGEL,6,,,,,weak,very_weak,,,very_weak,,,,,,,,,,,,,,,,,,,,,,,,,,,,,,very_weak,,,,,,,,,very_weak,,,,,,,,,,,,,,weak,very_weak,,,,,,,,,very_weak,,,,,,,,weak,very_weak,,weak,very_weak,42.38,7.585,16.925,62.16,35.485,56.95,20.435,48.785,36.004999999999995,63.23,43.945,47.73,59.305,31.590000000000003,12.69,34.72,32.56,38.18,7.07,48.0,25.895,17.02,42.33,49.105,7.495,4003.51867772839,98.7610945869971,1093.95073319431,6232.03282486253,737.924013167354,5983.78115724509,1660.60075324191,1054.56403097301,1147.0790532941,3355.7705644637,5242.23754621614,2794.10933997254,5362.59668895722,1011.14341272099,1491.59681773155,157.32461254338,1194.22900386992,3387.58157520869,659.454211054296,1029.35708341356,1239.34147784418,276.154744471792,997.171555058726,970.717683089307,Ubiquitin protein ligase E3 component n-recognin 4,Q5T4S7,609890.0,gene,23352.0,UBR4,ENSG00000127481,bacteria
sp|Q5T4S7|UBR4_HUMAN,sp,Q5T4S7,UBR4,HUMAN,0001259|tr|Q1G802|Q1G802_LACDA,1259,tr,Q1G802,Q1G802,AGIRDF,4493,4498,AGIRDF,13,18,LAEIRAGIRDFPVSWF,6,,weak,very_weak,,,very_weak,,,,,,,,,,,,,,,,,,,,,,,,,,,very_weak,,,,,,,,,,,,,,,,,,,,,,,,,,,,,,very_weak,,,,,,,,,very_weak,,,,,,,,,,,weak,very_weak,4.055,14.96,41.975,21.28,23.145,58.165,24.16,46.695,41.255,54.82,16.08,43.01,28.735,48.935,36.195,54.895,33.385000000000005,40.52,11.62,51.38,39.185,18.345,49.305,43.735,32.325,262.988440311427,285.058888912032,1377.66051853757,568.516365858383,316.503361529502,5109.52040340594,1069.32847268539,926.148473667944,884.39078189339,1664.19811049272,3251.16023967271,1481.11138299092,1295.50163638535,1352.75687254431,2487.89958038887,651.842467102136,1034.84010579705,1942.42343003717,650.151993085643,1311.23947855464,1026.0323770049,362.919997791239,821.747139351378,948.263575620508,Ubiquitin protein ligase E3 component n-recognin 4,Q5T4S7,609890.0,gene,23352.0,UBR4,ENSG00000127481,bacteria
sp|Q5T4S7|UBR4_HUMAN,sp,Q5T4S7,UBR4,HUMAN,0001259|tr|Q1GAM7|Q1GAM7_LACDA,1259,tr,Q1GAM7,Q1GAM7,VSFLVD,3307,3312,VSFLVD,309,314,ASHNIVSFLVDGVPVN,6,strong,weak,very_weak,strong,weak,very_weak,,,,strong,weak,very_weak,,weak,very_weak,,weak,very_weak,,weak,very_weak,,,very_weak,,,very_weak,,,very_weak,,,,,,very_weak,,,,,weak,very_weak,,weak,very_weak,,,very_weak,strong,weak,very_weak,,,very_weak,,,very_weak,,,very_weak,,weak,very_weak,,weak,very_weak,,weak,very_weak,,weak,very_weak,,,very_weak,,weak,very_weak,,,,strong,weak,very_weak,0.315,1.24,23.255000000000003,1.77,2.1950000000000003,5.35,8.81,10.52,12.72,15.82,30.0,14.755,4.88,8.695,17.445,12.14,11.85,11.335,5.574999999999999,4.3100000000000005,9.28,2.85,11.06,4.745,32.41,129.894872801779,121.31335552274,961.851916062595,34.5675285317823,95.6099479023884,239.307848376769,271.239052617201,229.844694233756,168.138489891635,905.342229290869,4454.48189457335,570.27833984286,618.277558959519,423.479419159766,1952.55876107797,86.0729493974976,380.891427685712,752.982044453661,628.754322937176,53.2185764961361,421.947243222579,369.385308740816,313.595704688246,99.4613436790258,Ubiquitin protein ligase E3 component n-recognin 4,Q5T4S7,609890.0,gene,23352.0,UBR4,ENSG00000127481,bacteria
sp|Q5T4S7|UBR4_HUMAN,sp,Q5T4S7,UBR4,HUMAN,0001259|tr|Q1GAR8|Q1GAR8_LACDA,1259,tr,Q1GAR8,Q1GAR8,GDKDQL,4589,4594,GDKDQL,455,460,HLVFVGDKDQLPSVGA,6,,,,,,,,,,strong,weak,very_weak,,,,,,very_weak,,weak,very_weak,,,,,,,,,,,,,,,,,,,,,,,,,,,,,,very_weak,,,,,,,,,,,,,strong,weak,very_weak,,,,,,,,,,,,very_weak,,,,strong,weak,very_weak,21.615,31.295,38.23,1.715,49.98,11.02,6.805,53.545,32.07,61.61,74.78,57.445,39.79,44.725,55.59,42.6,65.615,46.045,50.25,1.185,50.63,33.34,54.96,10.330000000000002,40.345,1972.19866201708,1721.31800708265,4236.27923831687,130.998584679286,3911.75788142556,2409.97854397477,662.486463998198,4750.63179017331,2007.9844625046,5737.77743524222,18517.8457004925,6966.95844418627,3360.0577264945,4996.6791556817,9185.77917088533,1394.54731117112,4898.98199565501,7626.19337703398,6280.56758850906,111.539966910945,4214.15279304395,3023.48825806793,4069.20069368424,591.87846330754,Ubiquitin protein ligase E3 component n-recognin 4,Q5T4S7,609890.0,gene,23352.0,UBR4,ENSG00000127481,bacteria
sp|Q5T4S7|UBR4_HUMAN,sp,Q5T4S7,UBR4,HUMAN,0001259|tr|Q1GAA0|Q1GAA0_LACDA,1259,tr,Q1GAA0,Q1GAA0,QQLVKL,4523,4528,QQLVKL,154,159,GSTITQQLVKLTCFST,6,,,,,weak,very_weak,,,,,,,,,,,,,,,,,,,,,,,,,,,,,,,,,,,,,,,,,,,,,,,,,,,,,,,,,,,,,,,,,,,,,,,,,,,,,weak,very_weak,65.815,7.67,36.545,70.275,46.755,68.63,55.32,58.805,59.96000000000001,73.695,61.99,60.0,76.995,35.504999999999995,49.255,25.85,55.185,58.470000000000006,30.895000000000003,41.48,49.260000000000005,39.765,64.935,56.61,31.75,6003.30062384828,128.384449258075,844.726026862525,5422.10701745572,589.97952988631,6800.64993612874,3965.1085089886,837.436720985878,1570.3109264015,3720.98591302523,6064.27559401186,1961.51564719918,6621.66886762713,776.033821970676,2541.91077637361,102.760548945623,1639.07291101116,2636.73397835159,746.718679151649,1045.63368107217,1199.65531642009,691.74287622343,1181.16008404393,1107.99512438386,Ubiquitin protein ligase E3 component n-recognin 4,Q5T4S7,609890.0,gene,23352.0,UBR4,ENSG00000127481,bacteria
sp|Q5T4S7|UBR4_HUMAN,sp,Q5T4S7,UBR4,HUMAN,0001259|tr|Q1G823|Q1G823_LACDA,1259,tr,Q1G823,Q1G823,GIDGNG,4079,4084,GIDGNG,294,299,ILGLAGIDGNGQDELV,6,,,,,,,,,,,,,,,,,,,,,,,,,,,,,,,,,,,,,,,,,,,,,,,,,,,,,,,,,,,,,,,,,,very_weak,,,,,,,,,,,,,,,,,,very_weak,43.795,34.21,39.855,35.735,37.785,53.325,36.895,60.115,54.97,39.355,78.795,84.42500000000001,25.095,76.83,86.77000000000001,31.5,39.05,81.17,45.73,19.47,80.535,38.275,55.445,30.565,50.385000000000005,6404.91583651221,2435.1414171365,3627.76328516343,6456.89252876141,3369.34107248704,13889.667144286,7123.44713320496,6117.98757093935,5440.5594676495,1856.9127312483,19747.2689815826,13604.6887940368,2304.48315095612,12248.9596723282,18172.4822453472,525.118393048514,2600.58126831922,16677.7448047785,5341.51817697931,1539.4076650301,10618.0461086709,2369.71915887144,3790.3487187477,2476.24432859241,Ubiquitin protein ligase E3 component n-recognin 4,Q5T4S7,609890.0,gene,23352.0,UBR4,ENSG00000127481,bacteria
sp|Q5T4S7|UBR4_HUMAN,sp,Q5T4S7,UBR4,HUMAN,0001259|tr|Q1GA86|Q1GA86_LACDA,1259,tr,Q1GA86,Q1GA86,ASSSSA,3345,3350,ASSSSA,50,55,KKTSKASSSSAKAVKL,6,,,,,,,,,,,,,,,,,,,,,,,weak,very_weak,,,,,weak,very_weak,strong,weak,very_weak,,,,,,,,,,,,,,,,,,,,,,,weak,very_weak,,,,,,,,,,,,,,,very_weak,,weak,very_weak,,,,,,,strong,weak,very_weak,82.545,58.485,33.355,63.135000000000005,54.655,31.97,62.105,8.535,46.400000000000006,5.015,1.05,54.43,33.475,66.55,45.015,24.69,8.25,60.6,66.185,34.28,55.15,13.26,9.745,51.25,37.755,17484.8707036291,2382.9089661402,1260.64226232051,8417.37191984291,2425.01865480132,3677.04171461916,6813.24402390319,132.888695993109,1804.97335178764,81.3533897151167,596.720368022191,5425.98035599741,3330.0541267318,6515.56222595855,6277.85000267268,124.871768743098,361.732151653207,8752.84416658529,6668.04150903587,1178.82367796028,5277.06527537497,262.638679475922,175.472586692203,2748.94941512147,Ubiquitin protein ligase E3 component n-recognin 4,Q5T4S7,609890.0,gene,23352.0,UBR4,ENSG00000127481,bacteria
sp|Q5T4S7|UBR4_HUMAN,sp,Q5T4S7,UBR4,HUMAN,0001259|sp|Q1GBN7|HSLO_LACDA,1259,sp,Q1GBN7,HSLO,LLAGAE,2793,2798,LLAGAE,52,57,LLGTLLLAGAELKGDQ,6,,,,,,,,,,,,,,,,,,,,,very_weak,,,,,,,,,very_weak,,,very_weak,,,,strong,weak,very_weak,,,very_weak,,,,,,,,,,,weak,very_weak,,weak,very_weak,,,,,,,,,,,,,,,very_weak,,,very_weak,,,,,,,strong,weak,very_weak,37.745,28.485,28.0,43.105,24.68,21.915,12.335,27.935,30.03,16.16,19.85,44.935,15.32,37.3,31.15,8.285,5.49,47.755,23.435,21.015,40.465,18.04,14.11,34.59,23.275,2734.44348512865,471.104403053713,847.087376252846,5075.19436857181,471.104403053713,2942.16403199177,1006.09069830832,474.963445776699,887.083737915451,536.402392702222,1653.48302033422,1471.98914656016,1523.33578310518,664.259317199283,1792.42073316922,29.6864674034454,278.326503193008,2112.98880296158,916.627956901363,733.077635591102,1092.29490499529,538.664811181413,258.111551489588,900.068026849971,Ubiquitin protein ligase E3 component n-recognin 4,Q5T4S7,609890.0,gene,23352.0,UBR4,ENSG00000127481,bacteria
sp|Q5T4S7|UBR4_HUMAN,sp,Q5T4S7,UBR4,HUMAN,0001259|tr|Q1G8W0|Q1G8W0_LACDA,1259,tr,Q1G8W0,Q1G8W0,TLASAG,1543,1548,TLASAG,25,30,LPRRQTLASAGYDIEA,6,,,,,,,,,,,,,,,,,,,,,,,weak,very_weak,,,,,,,,weak,very_weak,,,,,,,,,very_weak,,,,,,,,,very_weak,,,,,,,,,,,,,,,,,,,,,,,weak,very_weak,,,,,,,,weak,very_weak,38.57,31.12,43.18,46.455,39.735,56.235,62.88,6.015000000000001,45.41,25.585,5.0600000000000005,38.15,10.94,34.975,37.88,26.55,22.79,26.955,37.365,50.72,30.29,20.095,7.035,38.39,44.75,3926.3021059508,961.758257402547,2590.41533805905,5401.26209440181,1460.77200098778,8085.56635053561,8722.68571980053,126.080042522548,1296.9882950343,776.705833881108,1780.49473719286,3411.56374558651,1060.91571544177,3468.88501555279,6196.73284145514,187.936072178871,1120.59394888615,4274.35537903971,3091.36704421616,2400.19409719001,2209.14417099552,576.319976495704,130.868250999352,2206.15838428148,Ubiquitin protein ligase E3 component n-recognin 4,Q5T4S7,609890.0,gene,23352.0,UBR4,ENSG00000127481,bacteria
sp|Q5T4S7|UBR4_HUMAN,sp,Q5T4S7,UBR4,HUMAN,0001259|tr|Q1GBZ3|Q1GBZ3_LACDA,1259,tr,Q1GBZ3,Q1GBZ3,SASSSS,3344,3349,SASSSS,233,238,SDASSSASSSSNQAEG,6,,,,,,,,,,,,,,,,,,,,,,,,,,,,,weak,very_weak,,,,,,,,,,,,very_weak,,,,,,,,,,,,,,,very_weak,,,,,,,,,,,,,,,,,,,,,,,,,,weak,very_weak,87.56,89.64,82.61,84.44,91.0,80.21000000000001,95.0,64.8,92.09,5.69,71.315,95.0,18.495,95.0,95.0,81.67500000000001,17.275,94.975,94.67,63.150000000000006,95.0,30.8,61.975,74.83000000000001,88.13,22994.1230348752,15476.6456569032,13533.0446413092,20669.1491101715,16566.2405322292,18088.1310612678,38383.6237301311,6801.60656322385,16225.6438987663,118.143609679399,24235.8660774025,32047.5879048712,2100.99750876264,34221.5203176772,35188.7505222813,4388.89216320534,1378.94302953098,25865.3375001791,24172.4902240533,6094.46738224694,32614.2712497341,1919.69144127014,4720.04441741968,9621.89215814999,Ubiquitin protein ligase E3 component n-recognin 4,Q5T4S7,609890.0,gene,23352.0,UBR4,ENSG00000127481,bacteria
sp|Q5T4S7|UBR4_HUMAN,sp,Q5T4S7,UBR4,HUMAN,0001259|tr|Q1G886|Q1G886_LACDA,1259,tr,Q1G886,Q1G886,ISKVTV,3571,3576,ISKVTV,52,57,QKYMTISKVTVDGKEV,6,,,,,weak,very_weak,strong,weak,very_weak,,,very_weak,,,,,,very_weak,,,very_weak,,weak,very_weak,,,very_weak,,,very_weak,,weak,very_weak,,,,,weak,very_weak,,,very_weak,,,very_weak,,,very_weak,,,,,,very_weak,,,very_weak,,,very_weak,,,very_weak,,,very_weak,,,very_weak,,weak,very_weak,,weak,very_weak,,weak,very_weak,strong,weak,very_weak,strong,weak,very_weak,42.77,5.65,1.685,19.015,32.56,10.84,18.375,6.9,10.885,19.105,7.55,24.99,18.32,18.26,10.78,12.495,13.31,19.68,15.985,12.25,18.625,2.13,6.569999999999999,4.71,0.94,7607.40343460579,315.477678220552,216.055721895183,3016.65886697122,1428.52702530751,2069.14340823352,2537.70631203781,257.378112854794,702.597359309765,1076.54921881574,2045.03905948226,2502.50520602367,2793.17231617598,1620.71497526412,2035.04011196752,107.431041083165,881.181464585703,3058.39724293657,1662.30852732111,661.183179521463,1656.20458626394,272.200414372263,291.231635172091,318.382115090916,Ubiquitin protein ligase E3 component n-recognin 4,Q5T4S7,609890.0,gene,23352.0,UBR4,ENSG00000127481,bacteria
sp|Q5T4S7|UBR4_HUMAN,sp,Q5T4S7,UBR4,HUMAN,0001259|tr|Q1G7S9|Q1G7S9_LACDA,1259,tr,Q1G7S9,Q1G7S9,SSASSS,3343,3348,SSASSS,470,475,SSEASSSASSSVSQAP,6,,,,,,,,,,,,,,,,,,,,,,,,,,,,strong,weak,very_weak,,,,,,,,,,,,very_weak,,,,,,,,,,,,,,weak,very_weak,,,,,,,,,,,,,,,,,,,,,,,,,strong,weak,very_weak,88.525,86.225,79.66499999999999,73.795,77.725,66.87,88.395,28.985,79.06,1.925,50.565,87.48,10.29,92.0,90.45,62.435,3.08,89.065,85.965,58.96,91.495,21.265,28.585,69.3,85.705,20278.396722133,11968.0835704736,9092.43432773094,15359.0397910217,11554.7980254568,13691.0737294733,20077.5429137271,1987.96668354082,9485.96110248686,55.9331293360338,16403.9297243379,15935.4399610535,1530.22437035976,18978.497277878,23039.9462346588,2191.14762269598,235.159975628795,20767.3339760261,18225.253476066,4750.68319123406,17067.8580820024,921.7897283561,1484.22355570609,7559.9764674357,Ubiquitin protein ligase E3 component n-recognin 4,Q5T4S7,609890.0,gene,23352.0,UBR4,ENSG00000127481,bacteria
sp|Q5T4S7|UBR4_HUMAN,sp,Q5T4S7,UBR4,HUMAN,0001259|tr|Q1G965|Q1G965_LACDA,1259,tr,Q1G965,Q1G965,SCFAVG,2488,2493,SCFAVG,181,186,EGFFASCFAVGGAIYE,6,,,,,,,,,,,,,,,,,,,,,,,,,,,,,,very_weak,,,,,weak,very_weak,,,,,,,,weak,very_weak,,,very_weak,,,,,weak,very_weak,,,,strong,weak,very_weak,,,,,,very_weak,,weak,very_weak,,,,,,,,,,,,,strong,weak,very_weak,42.54,58.93,24.91,45.66,53.565,22.315,73.805,22.805,54.61,17.575,22.565,2.28,24.16,4.125,18.325,7.275,35.480000000000004,1.995,46.76,17.5,3.44,22.595,22.34,20.42,22.57,1883.33834438947,1395.99657821727,528.49845199876,2582.38385896235,881.858652014869,1448.52714230397,7075.821102232,138.389926399629,1086.90723238678,189.879844083197,1937.95205056484,34.829577881703,1393.26536187309,85.7272057010045,885.932719379395,35.6801699363424,410.966823769023,48.0559611278887,1099.04031074601,343.659291766723,130.920652209618,231.364197923508,111.415731865561,328.349250342016,Ubiquitin protein ligase E3 component n-recognin 4,Q5T4S7,609890.0,gene,23352.0,UBR4,ENSG00000127481,bacteria
sp|Q5T4S7|UBR4_HUMAN,sp,Q5T4S7,UBR4,HUMAN,0001259|tr|Q1GA06|Q1GA06_LACDA,1259,tr,Q1GA06,Q1GA06,QQELLLD,3443,3449,QQELLLD,174,180,VLRRQQQELLLDLHRQS,7,,,,,,very_weak,,,,,,very_weak,,,,,,,,weak,very_weak,,,,,,,,,,,,very_weak,,,,,,,,,,,weak,very_weak,,weak,very_weak,,,,,,,,,,,,very_weak,,,,,,,,weak,very_weak,,,,,,,,,,,,,,weak,very_weak,33.995,14.255,57.325,19.365,47.595,46.765,4.205,71.535,41.485,92.09,13.485,24.020000000000003,67.66,9.405,6.675,51.69,44.28,14.16,33.45,52.64,4.315,51.075,68.82499999999999,54.135,42.11,2272.88598877934,109.338977592488,3333.76733148879,818.37544917537,1019.65783026668,4607.023130481,119.634473350049,2673.96784760678,1406.09242244375,10085.0373207475,2529.89300033742,520.789858276304,5027.69905989296,140.850729451025,485.447991006013,389.261479802246,2628.6157716284,423.506911772688,1033.2066721805,1764.04223168116,143.389417328835,2499.12292482444,2011.74657118051,1483.93452239614,Ubiquitin protein ligase E3 component n-recognin 4,Q5T4S7,609890.0,gene,23352.0,UBR4,ENSG00000127481,bacteria
sp|Q5T4S7|UBR4_HUMAN,sp,Q5T4S7,UBR4,HUMAN,0001259|tr|Q1G9M1|Q1G9M1_LACDA,1259,tr,Q1G9M1,Q1G9M1,FDKYDE,4644,4649,FDKYDE,706,711,KEVPVFDKYDEYLPDD,6,,weak,very_weak,,,,,,,,,very_weak,,,,,,,,,,,,,,,,,,,,,,,,,,,,,,,,,,,,,,,very_weak,,,,,,,,,,,,,,,,,,,,,,,,,,,,,,,,weak,very_weak,9.74,52.335,72.68,14.435,25.485,68.595,27.69,65.5,60.025,69.63,71.68,28.975,27.2,40.275,31.94,67.755,67.24000000000001,26.52,46.35,67.145,24.085,46.89,60.135,55.78,71.57,1617.98170147516,5618.83775964669,11567.3068266349,2431.06094771559,2585.03960159541,19173.3345225426,4893.57837626835,9420.60289945307,7424.84275742567,10559.387663343,19902.9977563252,3071.46299770695,2845.05506856398,4206.18100775518,6660.47040380289,6272.14689933937,8832.47128855361,4155.24770066107,7739.07427411406,9025.48973126728,2212.34942231854,5655.92271008877,7195.25435000816,5183.35521398982,Ubiquitin protein ligase E3 component n-recognin 4,Q5T4S7,609890.0,gene,23352.0,UBR4,ENSG00000127481,bacteria
sp|Q5T4S7|UBR4_HUMAN,sp,Q5T4S7,UBR4,HUMAN,0001259|tr|Q1GAE0|Q1GAE0_LACDA,1259,tr,Q1GAE0,Q1GAE0,SLQELG,246,251,SLQELG,208,213,EKGVASLQELGFKTAA,6,,,,,,,,,,,,,,,,,,,,,,,,,,,,,,,,,,,weak,very_weak,,,,,weak,very_weak,,,very_weak,,,very_weak,,weak,very_weak,,,,,,,,,very_weak,strong,weak,very_weak,,,,,weak,very_weak,,,,,,,,,,,,,strong,weak,very_weak,23.655,28.05,52.295,29.725,22.37,65.725,24.525,47.605,55.715,30.67,31.96,8.465,6.09,14.52,17.865000000000002,24.455,35.995000000000005,12.85,0.945,56.06999999999999,8.585,22.115,26.22,47.06,42.28,4210.46111886656,897.364781287436,2839.94969917242,5181.67300439607,1060.50255649068,11532.31626136,3960.04935107184,2266.7462657121,4131.35359308634,2538.33791127472,5691.28157518352,469.572627912304,1450.01681831538,642.202762433098,1559.35651455885,186.215583174467,1657.11874654881,1075.3734109829,236.0573046475,2657.21123076997,548.189783165773,1281.08878981326,1405.07348006355,2230.39944191452,Ubiquitin protein ligase E3 component n-recognin 4,Q5T4S7,609890.0,gene,23352.0,UBR4,ENSG00000127481,bacteria
sp|Q5T4S7|UBR4_HUMAN,sp,Q5T4S7,UBR4,HUMAN,0001259|tr|Q1G840|Q1G840_LACDA,1259,tr,Q1G840,Q1G840,GGGVSV,2108,2113,GGGVSV,104,109,LMNLIGGGVSVNQQKL,6,,,,,,,,,,,,,,,,,,,,,,,,,,,,strong,weak,very_weak,,,,,,,,,,,,,,,,,,,,,,,,,,weak,very_weak,,,,,,,,,,,,,,,,,,,,,,,,,strong,weak,very_weak,73.08,41.025,40.115,75.84,49.365,34.325,64.4,44.94,49.485,0.52,39.16,75.53999999999999,21.67,71.33,80.785,26.695,6.25,80.14,62.305,27.14,79.78999999999999,22.04,25.23,44.7,53.555,9283.89861677506,1708.69997242567,1468.02876138707,9240.1057004683,1384.69915537936,4179.32522138725,8163.97989534524,1039.59843003651,1337.92416721852,21.9770524974916,6664.36304076792,7992.93060187423,1998.49101065774,6845.5349775988,11275.9225516116,78.4005794823648,248.64086040513,11043.9736782977,3655.97656927059,1089.65079139925,6137.87841637498,446.189078694635,463.650659102068,2201.46097383458,Ubiquitin protein ligase E3 component n-recognin 4,Q5T4S7,609890.0,gene,23352.0,UBR4,ENSG00000127481,bacteria
sp|Q5T4S7|UBR4_HUMAN,sp,Q5T4S7,UBR4,HUMAN,0001259|sp|Q1GBJ0|ECFA1_LACDA,1259,sp,Q1GBJ0,ECFA1,IILDES,4568,4573,IILDES,165,170,VKPQVIILDESTSMLD,6,,,very_weak,,weak,very_weak,,,,strong,weak,very_weak,,,very_weak,,weak,very_weak,strong,weak,very_weak,,,,,weak,very_weak,,,,,,,,,,,,,,,very_weak,,,,,,,,weak,very_weak,,,very_weak,,,,,,,,weak,very_weak,,weak,very_weak,,,,,,,,,,,,very_weak,,,,strong,weak,very_weak,11.275,5.8100000000000005,25.11,0.22,14.19,7.235,0.7150000000000001,22.755,8.715,41.64,50.445,51.6,14.505,26.385,38.945,16.560000000000002,43.49,38.25,5.795,6.21,33.17,45.425,33.035,10.95,28.695,1456.68417700738,251.857493159936,1269.40207332078,11.6988094584994,549.650824515124,540.59156606223,25.0356655589495,826.91125771671,36.4015610719997,3109.04444125373,6651.90020952753,2458.14553729282,1664.10808165509,1232.54818921895,3486.11759352767,184.01441842137,2144.96083132702,2906.78850074634,634.213469017599,98.4367820093444,1264.12523173549,2211.5835667408,1122.0498431977,308.447092923876,Ubiquitin protein ligase E3 component n-recognin 4,Q5T4S7,609890.0,gene,23352.0,UBR4,ENSG00000127481,bacteria
sp|Q5T4S7|UBR4_HUMAN,sp,Q5T4S7,UBR4,HUMAN,0001259|tr|Q1G9Q3|Q1G9Q3_LACDA,1259,tr,Q1G9Q3,Q1G9Q3,LAASLK,1280,1285,LAASLK,269,274,SSGAALAASLKVAKAL,6,,,,,,,,,very_weak,,,,,,very_weak,,,,,weak,very_weak,,weak,very_weak,,,very_weak,,weak,very_weak,,,very_weak,,,,,,very_weak,,,,,,,,,,,,,,weak,very_weak,strong,weak,very_weak,,,,,,,,,,,,,,,very_weak,,weak,very_weak,,,,,,very_weak,strong,weak,very_weak,64.28,28.35,16.990000000000002,40.06,16.32,29.71,4.405,2.3200000000000003,12.65,4.965,18.345,50.515,25.535,45.13,20.57,9.475,0.665,56.915,23.94,29.745,48.955,15.945,2.395,35.305,10.595,7580.37144844566,326.72615418771,266.079580425657,4225.65871396355,317.862371373522,1637.61933467872,222.865281544372,40.8756595495344,311.411445849971,42.7991748229556,934.584022648242,2264.49102468786,1951.33382280426,1311.6793592549,881.219602163278,30.1552289087731,40.9407243181289,3939.06732775249,854.331263140868,515.888228780942,1475.30560904301,121.499885651863,43.9702895957847,696.037287989868,Ubiquitin protein ligase E3 component n-recognin 4,Q5T4S7,609890.0,gene,23352.0,UBR4,ENSG00000127481,bacteria
sp|Q5T4S7|UBR4_HUMAN,sp,Q5T4S7,UBR4,HUMAN,0001259|tr|Q1GC09|Q1GC09_LACDA,1259,tr,Q1GC09,Q1GC09,SSAGYI,2065,2070,SSAGYI,170,175,VQNATSSAGYIFPIAE,6,,,,,,,,,,,,,,,,,,,,,,,,very_weak,,,,,weak,very_weak,,,,,,,,,,,,very_weak,,,,,,,,,very_weak,,,,,,very_weak,,,,,,,,,,,,,,,,,,very_weak,,,,,,,,weak,very_weak,27.855,82.49,76.015,47.8,61.76,70.0,76.39,17.025,62.010000000000005,3.4850000000000003,59.545,54.775000000000006,10.985,68.625,63.365,54.195,10.45,61.105,41.195,75.59,57.19,32.400000000000006,15.83,76.435,80.64500000000001,1032.83782881788,5574.75315699787,4606.12597240848,4832.38632118868,2624.12592617797,8826.64372363666,10513.5588092592,353.02083043402,2040.83927268448,53.7195742167054,8660.43101971731,2154.2641490219,638.268122073104,3972.49445381531,7216.30486822631,563.311797384951,181.725195659572,3729.81336047677,3753.3745148181,4650.1419023556,2772.09717323162,358.925119169091,281.202116287953,3869.15928097019,Ubiquitin protein ligase E3 component n-recognin 4,Q5T4S7,609890.0,gene,23352.0,UBR4,ENSG00000127481,bacteria
sp|Q5T4S7|UBR4_HUMAN,sp,Q5T4S7,UBR4,HUMAN,0001259|tr|Q1G831|Q1G831_LACDA,1259,tr,Q1G831,Q1G831,ALTALL,969,974,ALTALL,11,16,RNSLFALTALLSFTAL,6,,,,,,very_weak,,,very_weak,,,,,weak,very_weak,,,,,,,,,,,,,,,,,,,,,very_weak,,,very_weak,,,,,,very_weak,,,,,,,,weak,very_weak,,,,,weak,very_weak,,weak,very_weak,,,very_weak,,,very_weak,,,,,,,,,very_weak,,,very_weak,,weak,very_weak,26.52,15.975,12.42,29.335,8.42,29.885,50.22,25.225,35.51,43.18,24.99,16.145,34.94499999999999,10.1,27.805,2.045,31.03,6.8100000000000005,8.395,12.55,13.6,38.985,37.145,15.195,10.685,881.496148968291,311.428293319679,397.406766946596,1839.81381012591,132.625834115231,3665.99816412987,5064.99091825487,250.430901615985,842.41683257783,1133.87570849725,1488.22763050229,195.735173540967,3255.3137568658,109.044801194034,923.876561120918,16.8584051443338,511.265014732536,139.945363450878,481.363119049373,357.483364258467,241.832654480238,314.312453130776,469.623437378214,276.390892097962,Ubiquitin protein ligase E3 component n-recognin 4,Q5T4S7,609890.0,gene,23352.0,UBR4,ENSG00000127481,bacteria
sp|Q5T4S7|UBR4_HUMAN,sp,Q5T4S7,UBR4,HUMAN,0001259|tr|Q1GAG6|Q1GAG6_LACDA,1259,tr,Q1GAG6,Q1GAG6,SKSSTK,3363,3368,SKSSTK,162,167,SSPSSSKSSTKSSTST,6,,,,,,,,,,,,,,,,,,,,,,,,,,,,,,,,,,,,,,,,,,,,,,,,,,,,,,,,,,,,,,,,,,,,,,,,,,,,,,,,,,,,,95.0,85.055,74.21,95.0,90.05,76.93,80.39500000000001,69.435,82.425,49.255,46.09,95.0,83.82,94.68,88.7,84.07,51.065,94.655,93.71,78.625,89.945,37.49,79.745,88.91499999999999,68.93,39596.3826093018,9980.82632374026,8233.34892726974,37330.1918989531,13157.7882021694,17299.141130213,17051.9838107995,5815.84350395578,13928.042254572,1528.45382978917,15568.1776252298,36515.2538075375,14183.2235243677,22371.2816199982,22067.1713804665,4842.6975200963,6347.5858481834,25258.0146890947,22316.161709854,7628.17396349278,18459.4331990293,2167.9898740522,5746.5376043878,12791.1379201073,Ubiquitin protein ligase E3 component n-recognin 4,Q5T4S7,609890.0,gene,23352.0,UBR4,ENSG00000127481,bacteria
sp|Q5T4S7|UBR4_HUMAN,sp,Q5T4S7,UBR4,HUMAN,0001259|sp|Q1GBM5|RPOB_LACDA,1259,sp,Q1GBM5,RPOB,LQSLGL,2838,2843,LQSLGL,1133,1138,VLVKELQSLGLDLRVL,6,,,,,weak,very_weak,,,,,,,,weak,very_weak,,,,,,very_weak,,,very_weak,,,,,,,,,,,,,,,,,,,,,,,,,,,very_weak,,weak,very_weak,,,,,,,,weak,very_weak,,,,,,,,,,,,,,,,,,,,weak,very_weak,27.305,2.22,47.245000000000005,46.955,8.3,55.205,16.05,18.03,43.040000000000006,45.33,39.745,39.36,38.46,23.54,20.77,7.51,49.215,29.42,3.99,41.78,27.575,38.215,32.36,37.635,40.54,918.792569801967,71.7816222744529,1235.28508250328,2855.72590130401,82.9273006692928,4876.18963856331,881.973157629376,96.150433123217,696.941591220505,2181.66141630857,2055.93226177224,623.794208018452,1946.71554968535,237.083718872183,734.03006225791,17.2385631379304,774.029647590948,703.27425851191,136.051583410471,740.916144214474,287.580576256116,477.89138511543,201.71867590433,475.13306302887,Ubiquitin protein ligase E3 component n-recognin 4,Q5T4S7,609890.0,gene,23352.0,UBR4,ENSG00000127481,bacteria
sp|Q5T4S7|UBR4_HUMAN,sp,Q5T4S7,UBR4,HUMAN,0001259|tr|Q1G9D1|Q1G9D1_LACDA,1259,tr,Q1G9D1,Q1G9D1,ASTDSN,562,567,ASTDSN,511,516,PGIQGASTDSNGIILS,6,,,,,,,,,,,,very_weak,,,,,,,,,,,,,,,,,weak,very_weak,,,,,,,,,,,,very_weak,,,,,,,,,,,,,,,,,,,,,,,,,,,,,,,,,,,,,,,,,weak,very_weak,67.305,20.135,56.66,17.8,73.7,55.655,43.745000000000005,32.095,58.365,7.095,72.725,86.86500000000001,17.89,88.695,89.975,66.765,24.68,86.405,73.36,26.1,87.995,48.14,50.815,41.795,85.295,12084.5418837822,1674.40280408629,6818.47999786571,1744.05815663796,8982.13823940547,8014.66701998509,5467.40937392262,1967.78648311005,2551.77591239049,398.289215130867,16975.4048295428,12340.3477199465,2400.37589105011,14026.9484860465,18953.2568716583,2383.63098681132,1895.5839885136,16578.6129204687,12522.193332098,2074.43365039836,12257.709844068,2395.70556410823,2570.03569236935,4087.07109820276,Ubiquitin protein ligase E3 component n-recognin 4,Q5T4S7,609890.0,gene,23352.0,UBR4,ENSG00000127481,bacteria
sp|Q5T4S7|UBR4_HUMAN,sp,Q5T4S7,UBR4,HUMAN,0001259|tr|Q1G8E1|Q1G8E1_LACDA,1259,tr,Q1G8E1,Q1G8E1,TTLEVL,2139,2144,TTLEVL,311,316,NQMIKTTLEVLDEIGV,6,,,very_weak,,,,,,,,,,,,,,,,,,,,weak,very_weak,,,,,,,,,,,,very_weak,,,,,weak,very_weak,,weak,very_weak,,,very_weak,,weak,very_weak,,,,,,,,weak,very_weak,,,very_weak,,,,,weak,very_weak,,,,,,very_weak,,,very_weak,,,,,weak,very_weak,14.06,20.91,30.025,26.665,32.99,44.39,33.004999999999995,9.245,37.075,43.57,22.335,12.5,2.9850000000000003,3.98,15.77,33.56,28.625,5.475,10.885,37.510000000000005,3.825,26.465,15.88,13.56,35.900000000000006,1356.03943138523,573.284996641249,1440.07295603039,2218.22179917028,1279.20506694579,6391.69324803825,3179.9104102865,269.997570020204,1065.79393859579,3882.62081041294,3286.03026823844,407.724790117223,835.753092073244,176.372914285671,1416.46050103392,372.354714036436,1085.6378838818,328.210725593355,1061.22569028279,1810.29317593659,263.903426326546,1367.51725831119,571.965317972768,535.74696914523,Ubiquitin protein ligase E3 component n-recognin 4,Q5T4S7,609890.0,gene,23352.0,UBR4,ENSG00000127481,bacteria
sp|Q5T4S7|UBR4_HUMAN,sp,Q5T4S7,UBR4,HUMAN,0001259|tr|Q1G9D0|Q1G9D0_LACDA,1259,tr,Q1G9D0,Q1G9D0,SLGLSG,2840,2845,SLGLSG,603,608,QKLWESLGLSGQLFKK,6,,,,,,,,,,,,,,,,,,,,,,,,,,,,,,,,,,,,,,,,,,,,,,,,,,,,,,,,,,,,,,,,,,,,,,,,,,,,,,,,,,,,,35.77,40.7,34.08,53.655,46.525000000000006,49.07,46.05,41.485,55.56,38.185,46.375,46.365,33.915,25.69,39.675,33.655,40.09,37.71,24.62,29.72,39.195,21.59,32.945,27.77,28.5,2214.12147927216,988.053488725283,1355.49667433221,4564.64988689488,887.823095661655,5737.90159954503,3080.11562518455,498.73131518362,1439.63674654665,919.359389088476,3312.8401881075,1151.46856334937,2028.68665118069,764.483078878717,1592.8647264273,86.8606785278429,989.230145965689,1667.69499263919,641.681836960127,983.520448228307,813.52866066825,397.0930015989,376.271011080413,811.726209428833,Ubiquitin protein ligase E3 component n-recognin 4,Q5T4S7,609890.0,gene,23352.0,UBR4,ENSG00000127481,bacteria
sp|Q5T4S7|UBR4_HUMAN,sp,Q5T4S7,UBR4,HUMAN,0001259|tr|Q1G9D1|Q1G9D1_LACDA,1259,tr,Q1G9D1,Q1G9D1,SSEITK,1151,1156,SSEITK,298,303,VTSNSSSEITKTKQVY,6,,,,,,,,,,,,,,,,,,,,,,,,,,,,,,very_weak,,,,,,,,,,,,,,,,,,,,,,,,,strong,weak,very_weak,,,,,,,,,,,,,,,,,,,,,,,,,strong,weak,very_weak,86.34,75.125,64.225,79.56,83.365,53.43,79.12,25.36,54.74,12.055,73.64,77.975,57.435,78.25999999999999,75.18,74.995,1.845,83.795,69.155,70.34,80.89,26.57,58.99,80.18,56.475,18484.0159710395,6305.82932003095,5782.15014596662,10520.0448084921,8683.41894112486,4185.20787599919,12700.8081636466,1382.79773055655,1499.65560554897,308.146879494311,16713.5121047424,11480.6498460461,5786.96939506049,12368.4187622466,15385.9847864145,2340.61862235521,187.402041154642,16341.2195408791,10603.2362937775,5304.25600870943,10267.1428866731,1544.31234040655,2639.24571510455,8409.17924061217,Ubiquitin protein ligase E3 component n-recognin 4,Q5T4S7,609890.0,gene,23352.0,UBR4,ENSG00000127481,bacteria
sp|Q5T4S7|UBR4_HUMAN,sp,Q5T4S7,UBR4,HUMAN,0001259|tr|Q1GA00|Q1GA00_LACDA,1259,tr,Q1GA00,Q1GA00,VSKKNE,3039,3044,VSKKNE,89,94,ASGQAVSKKNESSVRV,6,,,,,,,,,,,,,,,,,,,,,,,,,,,,,,,,,,,,,,,,,,,,,,,,,,,,,,,,,,,,,,,,,,,,,,,,,,,,,,,,,,,,,90.55,41.595,26.75,59.74,39.635,35.745,45.355,55.32,31.905,64.655,43.965,61.735,89.53999999999999,71.85499999999999,60.15,51.12,55.64,68.94,50.89,43.16,67.59,22.625,56.24,63.585,30.835,23452.1721328237,3198.4747778105,2631.68919928733,7529.85344815953,4052.63600162257,5663.82248389995,6781.32550304514,2961.45446799712,1984.03436520714,3585.96745989196,10994.6140657806,12392.664558058,14830.9030712559,11981.8175978586,11806.2862533337,1228.6469581652,7011.1202933828,15197.7001206874,8524.42146084001,2829.27659153944,9275.06324792969,2989.39817992165,4071.49078602302,5900.01266537353,Ubiquitin protein ligase E3 component n-recognin 4,Q5T4S7,609890.0,gene,23352.0,UBR4,ENSG00000127481,bacteria
sp|Q5T4S7|UBR4_HUMAN,sp,Q5T4S7,UBR4,HUMAN,0001259|tr|Q1G7S9|Q1G7S9_LACDA,1259,tr,Q1G7S9,Q1G7S9,SSSASS,3342,3347,SSSASS,469,474,SSSEASSSASSSVSQA,6,,,,,,,,,,,,,,,,,,,,,,,,,,,,strong,weak,very_weak,,,,,,,,,,,,very_weak,,,,,,,,,,,,,,weak,very_weak,,,,,,,,,,,,,,,,,,,,,,,,,strong,weak,very_weak,88.96000000000001,88.495,79.66499999999999,73.795,77.725,66.87,88.395,28.985,79.06,1.925,50.565,87.48,13.835,92.0,90.03,62.435,6.08,89.065,85.965,58.96,91.16,21.265,28.585,69.3,85.705,20579.888161953,12183.5321778974,9092.43432773094,15359.0397910217,11554.7980254568,13691.0737294733,20077.5429137271,1987.96668354082,9485.96110248686,55.9331293360338,16403.9297243379,15935.4399610535,1732.26650689191,18978.497277878,22763.4147212623,2191.14762269598,341.3653436995,20767.3339760261,18225.253476066,4750.68319123406,17099.6509718611,921.7897283561,1484.22355570609,7559.9764674357,Ubiquitin protein ligase E3 component n-recognin 4,Q5T4S7,609890.0,gene,23352.0,UBR4,ENSG00000127481,bacteria
sp|Q5T4S7|UBR4_HUMAN,sp,Q5T4S7,UBR4,HUMAN,0001259|tr|Q1GAI0|Q1GAI0_LACDA,1259,tr,Q1GAI0,Q1GAI0,QTIRQL,1883,1888,QTIRQL,193,198,CDVSMQTIRQLIKEGE,6,,,,,weak,very_weak,,,,,,,,,,,,,,,,,,,,,,,,,,,,,,,,weak,very_weak,,,,,,,,,very_weak,,,,,,,,,,,,,,weak,very_weak,,,,,,,,,very_weak,,,,,,,,,,,weak,very_weak,44.25,7.585,31.86,62.16,35.485,56.95,20.435,48.785,36.004999999999995,63.23,43.945,47.73,59.57,31.590000000000003,11.92,34.72,32.56,35.355000000000004,9.52,48.0,22.855,17.02,42.33,49.105,23.880000000000003,4221.54585466356,98.7610945869971,1127.53851296022,6232.03282486253,737.924013167354,5983.78115724509,1660.60075324191,1054.56403097301,1147.0790532941,3355.7705644637,5242.23754621614,2794.10933997254,5478.60132716203,1011.14341272099,1712.9945193586,157.32461254338,1194.22900386992,3493.10260059208,663.856959349443,1029.35708341356,1288.07992828743,276.154744471792,997.171555058726,970.717683089307,Ubiquitin protein ligase E3 component n-recognin 4,Q5T4S7,609890.0,gene,23352.0,UBR4,ENSG00000127481,bacteria
sp|Q5T4S7|UBR4_HUMAN,sp,Q5T4S7,UBR4,HUMAN,0001259|tr|Q1G9D0|Q1G9D0_LACDA,1259,tr,Q1G9D0,Q1G9D0,KVLAAL,3331,3336,KVLAAL,353,358,FNLKQKVLAALLGASV,6,,,,,,,,,very_weak,,,,,,,,,,,,,,,,,,,,weak,very_weak,,weak,very_weak,,,very_weak,,,very_weak,,,,,,,,,very_weak,,,,,weak,very_weak,,weak,very_weak,,,,,weak,very_weak,,,,,,,,,,,,,,,,,,very_weak,,weak,very_weak,37.75,21.24,17.475,54.085,22.23,34.480000000000004,52.23,21.27,39.28,6.9,5.01,13.595,30.285,21.49,16.240000000000002,5.68,5.4,30.535,9.965,22.17,27.625,31.965,22.245,24.835,16.62,2208.9290594181,143.166183673026,209.726352037304,3735.30578299765,145.573244334989,2032.02578705571,3405.69972533145,113.946654610249,335.354176614119,66.8589931564116,233.946902186834,302.917248676533,2579.36801272174,236.917039927755,675.697993688682,10.9559946732295,65.7534764588865,860.500474508586,149.525826209017,463.776090998942,444.012300402832,193.528243401853,95.9207956564553,313.683936033919,Ubiquitin protein ligase E3 component n-recognin 4,Q5T4S7,609890.0,gene,23352.0,UBR4,ENSG00000127481,bacteria
sp|Q5T4S7|UBR4_HUMAN,sp,Q5T4S7,UBR4,HUMAN,0001259|tr|Q1GAC5|Q1GAC5_LACDA,1259,tr,Q1GAC5,Q1GAC5,SLFLIL,417,422,SLFLIL,69,74,GMCAFSLFLILTMLLI,6,,,,,,,,,,,,,,,,,,,,,,,,,,,,,,,,,,,,,,,,,,,,,,,,,,,,,,,,,,,,,,,,,,,,,,,,,,,,,,,,,,,,,38.735,73.115,81.475,75.71,55.6,77.32,84.465,65.38,74.63,88.45,62.53,40.45,84.15,49.225,55.065,69.805,74.925,28.215000000000003,63.510000000000005,82.515,51.22,53.145,73.93,73.3,75.695,1006.73315836822,2641.55976930886,6405.26234473138,7380.94934972687,691.37623270058,10698.0763270032,11897.5893633901,1469.07746300131,3573.14783693694,7292.44015045537,5286.09426566919,286.307662924461,8766.2075980306,365.659350669832,1619.7507944605,882.431328787407,3339.07393210054,274.667783565817,2862.19095748207,5762.85089662523,535.29502013462,1394.84911767902,2473.75388723358,2855.72590130401,Ubiquitin protein ligase E3 component n-recognin 4,Q5T4S7,609890.0,gene,23352.0,UBR4,ENSG00000127481,bacteria
sp|Q5T4S7|UBR4_HUMAN,sp,Q5T4S7,UBR4,HUMAN,0001259|tr|Q1G9D0|Q1G9D0_LACDA,1259,tr,Q1G9D0,Q1G9D0,SLGLSGQ,2840,2846,SLGLSGQ,603,609,QKLWESLGLSGQLFKKV,7,,,,,,,,,,,,,,,,,,,,,,,,,,,,,,,,,,strong,weak,very_weak,,,,,,,,weak,very_weak,,,very_weak,,,,,,,,,,strong,weak,very_weak,,,,,,,,weak,very_weak,,,,,,,,,,,,,strong,weak,very_weak,35.77,51.06,34.08,57.555,49.855,63.835,36.83,41.485,50.76,38.185,47.57,1.275,33.915,4.05,17.244999999999997,33.655,40.09,1.37,22.225,29.72,3.665,21.59,32.945,27.77,51.86,2214.12147927216,696.391333552843,1355.49667433221,4253.68659826866,618.384602242427,5586.28572966342,2205.94356343985,498.73131518362,1210.80471181903,919.359389088476,2729.41847567103,25.3886499975612,2028.68665118069,93.8095367313915,417.935212267074,86.8606785278429,989.230145965689,47.1051368714851,469.61327504523,983.520448228307,118.546957253313,397.0930015989,376.271011080413,811.726209428833,Ubiquitin protein ligase E3 component n-recognin 4,Q5T4S7,609890.0,gene,23352.0,UBR4,ENSG00000127481,bacteria
sp|Q5T4S7|UBR4_HUMAN,sp,Q5T4S7,UBR4,HUMAN,0001259|tr|Q1GAL8|Q1GAL8_LACDA,1259,tr,Q1GAL8,Q1GAL8,RIQRLI,520,525,RIQRLI,336,341,KSVRGRIQRLIELTGT,6,,,,,weak,very_weak,,,,,,,,,,,,,,,,,,,,,,,,,,,,,,,,,,,,,,,,,,,,,,,,,,,,,,,,weak,very_weak,,,,,,,,,,,,,,,,,,very_weak,,weak,very_weak,43.255,8.39,26.675,64.0,28.64,56.485,43.37,52.495000000000005,29.645000000000003,51.845,28.22,29.74,72.7,27.495,26.24,38.71,42.195,45.84,5.475,35.16,33.485,24.885,41.33,29.11,16.745,4955.92064013007,115.879997588678,765.418334228117,5853.59533379026,454.211514391188,5502.8994465457,3449.27359719564,871.274351810355,983.21189391648,1039.66592157432,3609.67429726231,1605.2004050424,6938.89801235966,846.326998028902,1757.31753127653,180.59812512043,1056.99719538437,2542.84604736793,470.91074755011,1654.32407919257,1052.99060536709,214.237689941622,718.643105773772,1107.32398507977,Ubiquitin protein ligase E3 component n-recognin 4,Q5T4S7,609890.0,gene,23352.0,UBR4,ENSG00000127481,bacteria
sp|Q5T4S7|UBR4_HUMAN,sp,Q5T4S7,UBR4,HUMAN,0001259|tr|Q1G9A6|Q1G9A6_LACDA,1259,tr,Q1G9A6,Q1G9A6,SLLASL,2527,2532,SLLASL,120,125,EFFNTSLLASLLKEKV,6,,,,,,,,,,,,,,,,,,,,,,,,,,,,,,,,,very_weak,,weak,very_weak,,,very_weak,,weak,very_weak,,weak,very_weak,,,very_weak,,,very_weak,,,very_weak,,,very_weak,,weak,very_weak,,weak,very_weak,,,,,weak,very_weak,,,,,,,,,,,weak,very_weak,,weak,very_weak,21.880000000000003,37.42,43.69,36.335,38.46,31.995,31.315,21.155,45.505,26.200000000000003,13.165,7.545,9.69,2.9,13.095,12.66,19.035,2.545,8.975000000000001,42.87,3.7,26.855,20.905,33.845,9.25,1105.46848641002,264.592470051096,538.833856481971,1428.94440760388,226.872377359928,1045.15862098826,1464.36419758314,71.2747075262179,483.079684162394,384.393935424501,346.635605160572,33.6737996474151,882.498165297723,21.6944916185539,184.94856728728,17.445524368008,121.573525661293,31.941584130858,162.007670934772,364.41916370078,52.6128397796862,143.24675570795,83.5622841795333,231.802692060102,Ubiquitin protein ligase E3 component n-recognin 4,Q5T4S7,609890.0,gene,23352.0,UBR4,ENSG00000127481,bacteria
sp|Q5T4S7|UBR4_HUMAN,sp,Q5T4S7,UBR4,HUMAN,0001259|tr|Q1G9Q3|Q1G9Q3_LACDA,1259,tr,Q1G9Q3,Q1G9Q3,AALAAS,3334,3339,AALAAS,267,272,GSSSGAALAASLKVAK,6,,,,,,,,,,,,,,,,,,,,,very_weak,,weak,very_weak,,,,,weak,very_weak,,,,,,,,,very_weak,,,very_weak,,,,,,,,,,,,very_weak,strong,weak,very_weak,,,,,,,,,,,,,,,,,weak,very_weak,,,,,,,strong,weak,very_weak,69.63,36.56,34.63,42.82,23.130000000000003,32.1,13.4,2.72,28.05,2.05,20.425,60.52,14.855,55.305,39.67,12.715,0.34,61.375,31.975,27.525,53.69500000000001,25.94,2.845,31.005,29.305,9037.60692891124,663.763589709684,607.153652443457,4484.12454717804,449.177713845333,2705.60231155525,573.260185911917,43.1567670777889,435.660623930532,19.104746476376,1292.00211141145,3410.05067432224,1351.84971202699,2285.43791078257,1947.70576388025,38.2028893649519,21.1102791475708,5367.64698888695,1514.10091750553,729.146142201073,2212.80427454474,159.62565362365,44.6240230295069,878.924756672382,Ubiquitin protein ligase E3 component n-recognin 4,Q5T4S7,609890.0,gene,23352.0,UBR4,ENSG00000127481,bacteria
sp|Q5T4S7|UBR4_HUMAN,sp,Q5T4S7,UBR4,HUMAN,0001259|tr|Q1G8T7|Q1G8T7_LACDA,1259,tr,Q1G8T7,Q1G8T7,GSSSSA,2830,2835,GSSSSA,84,89,LAHGLGSSSSAIVGGI,6,,,,,,,,,,,,,,,,,,very_weak,,,,,weak,very_weak,,,very_weak,,weak,very_weak,,,,,,,,,,,,,,,,,,,,,,,,very_weak,,weak,very_weak,,,,,,,,,,,,,,,,,weak,very_weak,,,,,,,,weak,very_weak,72.48,72.99,52.865,35.01,38.19,19.125,48.985,3.09,17.765,5.73,42.93,68.725,27.96,65.08500000000001,81.25,18.17,4.675,66.97999999999999,55.445,31.46,75.275,32.785000000000004,2.03,41.45,64.1,13533.6303521537,5385.62273725756,3558.33293840944,5027.4814702451,2667.63929752114,2791.84288642453,7942.06889195902,120.165063648973,350.474739244427,90.6867658747879,9196.02185091872,9015.33944820528,2398.14337788411,9896.62706386378,16388.8502745218,200.806256672171,158.690580156785,11355.381140944,7764.06759556488,1871.6577672659,8743.09510512873,483.179003857357,103.837978000933,2897.11777491693,Ubiquitin protein ligase E3 component n-recognin 4,Q5T4S7,609890.0,gene,23352.0,UBR4,ENSG00000127481,bacteria
sp|Q5T4S7|UBR4_HUMAN,sp,Q5T4S7,UBR4,HUMAN,0001259|tr|Q1G8X5|Q1G8X5_LACDA,1259,tr,Q1G8X5,Q1G8X5,LTSYLDE,4166,4172,LTSYLDE,16,22,EHLAALTSYLDEKGIDL,7,strong,weak,very_weak,,,,,,,,,,,weak,very_weak,,,,,,,,,very_weak,,,,,,,,,,,,,,,,,weak,very_weak,,,,,,,,,,,,very_weak,,,,,,,,weak,very_weak,,,very_weak,,,very_weak,,,very_weak,,,very_weak,strong,weak,very_weak,,,,strong,weak,very_weak,0.37,27.485,27.82,29.035,4.135,35.635000000000005,31.27,18.255,53.565,36.685,41.75,33.18,6.805,25.165,45.265,12.095,30.465,24.335,8.48,11.57,19.64,11.125,16.585,1.13,31.975,80.8855796625143,1002.15778992395,1480.05409095743,1872.89348125669,189.617055497163,5658.18740907356,2941.68656730075,534.080128446193,3008.83552975616,898.540374503655,5610.27225941599,1449.5148616819,912.639820457745,1132.74758796039,3123.88096484273,104.035903079911,1026.19891216106,1543.57731422897,812.297285564991,492.329736889115,801.151070387261,425.88257380599,306.381558535496,80.1823966936418,Ubiquitin protein ligase E3 component n-recognin 4,Q5T4S7,609890.0,gene,23352.0,UBR4,ENSG00000127481,bacteria
sp|Q5T4S7|UBR4_HUMAN,sp,Q5T4S7,UBR4,HUMAN,0001259|tr|Q1GC38|Q1GC38_LACDA,1259,tr,Q1GC38,Q1GC38,LVRLTG,1291,1296,LVRLTG,432,437,ILDMRLVRLTGLERDK,6,,,very_weak,,,very_weak,,,very_weak,,,,,weak,very_weak,,,,,weak,very_weak,,,very_weak,,,very_weak,,,,,,very_weak,,,,strong,weak,very_weak,,,very_weak,,,very_weak,,weak,very_weak,,,,,,very_weak,,,,,,very_weak,,weak,very_weak,,,very_weak,,weak,very_weak,,,,,,,,,very_weak,,,very_weak,strong,weak,very_weak,18.645,10.575,19.585,25.55,8.825,33.295,8.965,16.17,17.78,61.655,15.605,21.22,10.355,11.02,3.7,10.665,21.22,18.12,2.625,19.75,6.8100000000000005,28.13,29.165,16.405,12.4,1099.23058917551,116.955701418381,405.130299931693,2655.48676439855,197.221135657242,3396.79395214165,974.073912870923,174.159910562862,526.49515754238,2817.63737100113,2417.4476684409,494.7112752423,1007.14716339527,221.984471542652,752.851702155816,68.2329103610792,475.225607059486,764.23497302518,262.022755595267,798.416572226543,316.451998254689,166.212139378307,355.047196182905,405.266208743887,Ubiquitin protein ligase E3 component n-recognin 4,Q5T4S7,609890.0,gene,23352.0,UBR4,ENSG00000127481,bacteria
sp|Q5T4S7|UBR4_HUMAN,sp,Q5T4S7,UBR4,HUMAN,0644875|tr|A0A934P9U1|A0A934P9U1_9STRE,644875,tr,A0A934P9U1,A0A934P9U1,LSLTGN,1955,1960,LSLTGN,404,409,PTAWLLSLTGNVNNVW,6,,,,,,,,,very_weak,,,very_weak,,,,,,very_weak,,,,,weak,very_weak,,,,,,,,,very_weak,,,,,,very_weak,,,,,,,,,,,,,,weak,very_weak,,,,,,,,,,,weak,very_weak,,,,,,,,weak,very_weak,,weak,very_weak,,,very_weak,,weak,very_weak,42.68,39.405,16.635,19.08,22.445,16.384999999999998,41.23,2.845,25.635,29.515,16.495,33.85,42.255,26.37,39.615,2.94,53.33,32.075,25.625,9.420000000000002,38.575,32.175,2.055,9.76,16.345,1867.00584585861,457.239042991507,302.891029831524,897.607546318598,239.232771677953,202.637433447986,2783.06643802078,35.5330025949428,66.8698450292333,480.93623258663,1875.44852331465,1081.95578480725,2565.47935256356,810.962474252709,2420.82418024277,11.1383905240451,1111.08039520357,1722.39855428757,716.213472194079,133.12326845613,1163.41565398538,177.297043455123,42.3711306119157,112.707007900361,Ubiquitin protein ligase E3 component n-recognin 4,Q5T4S7,609890.0,gene,23352.0,UBR4,ENSG00000127481,bacteria
sp|Q5T4S7|UBR4_HUMAN,sp,Q5T4S7,UBR4,HUMAN,0644875|tr|A0A934PAT4|A0A934PAT4_9STRE,644875,tr,A0A934PAT4,A0A934PAT4,SRKELL,3824,3829,SRKELL,141,146,DFELFSRKELLAKYPE,6,,,,,,,,weak,very_weak,,,,,,very_weak,,,,,,,,,,,,very_weak,,,,,,,,weak,very_weak,,,very_weak,,,,,,very_weak,,weak,very_weak,,,,,,,,,,,,,,,very_weak,,,,,,very_weak,,weak,very_weak,,,,,,,,weak,very_weak,,weak,very_weak,44.635,27.465,5.234999999999999,44.615,10.085,35.205,26.735,37.895,15.515,80.65,34.315,9.405,77.205,15.94,5.795,28.07,61.53,21.77,15.305,39.985,16.32,3.86,38.5,45.94,7.92,3594.78574234247,501.718909596974,381.27901386635,3638.1798839977,394.369834479485,4783.28016102293,1825.29989333143,787.017902738926,842.781502019049,6198.47631583697,3374.99641947776,529.494362252478,6482.44263016011,492.937378000916,480.260237073265,272.380127707799,3573.84379671863,1043.90414376455,961.019714326146,1474.42793383828,469.318663028469,342.101141520811,860.817087169381,1466.93319194048,Ubiquitin protein ligase E3 component n-recognin 4,Q5T4S7,609890.0,gene,23352.0,UBR4,ENSG00000127481,bacteria
sp|Q5T4S7|UBR4_HUMAN,sp,Q5T4S7,UBR4,HUMAN,0644875|tr|A0A934P8S2|A0A934P8S2_9STRE,644875,tr,A0A934P8S2,A0A934P8S2,LSPEAS,936,941,LSPEAS,35,40,SIAEFLSPEASILSLR,6,,,,,,very_weak,,,,,,very_weak,,,very_weak,,,very_weak,,,,,weak,very_weak,,,,,,,,weak,very_weak,,,very_weak,,,,,,,,,very_weak,,,,,,,,weak,very_weak,,,,,,very_weak,,,,,weak,very_weak,,,very_weak,,,,,weak,very_weak,,,very_weak,,,,,weak,very_weak,27.045,15.32,26.69,16.81,11.575,13.085,21.130000000000003,8.28,30.76,34.035000000000004,6.54,18.51,27.81,17.33,29.555,5.89,42.01,12.21,39.055,2.79,16.12,39.91,8.055,12.66,31.28,615.460971829019,311.007379885065,672.547053528861,1176.03372493419,131.488493077636,1078.75294780197,1512.62723388335,72.613550468345,490.182366557868,523.229803066279,747.891101528699,533.352517331552,1131.49815760283,464.28820489264,1977.39080142663,15.1989802596471,860.956806257445,786.907210854134,1960.41235305162,75.5770201192442,503.873202473289,330.430576101824,60.6809486912094,230.831606981064,Ubiquitin protein ligase E3 component n-recognin 4,Q5T4S7,609890.0,gene,23352.0,UBR4,ENSG00000127481,bacteria
sp|Q5T4S7|UBR4_HUMAN,sp,Q5T4S7,UBR4,HUMAN,0644875|tr|A0A934P935|A0A934P935_9STRE,644875,tr,A0A934P935,A0A934P935,KELASP,174,179,KELASP,93,98,SQEEAKELASPLLDIL,6,,,,,,,,,,,,,,,,,,,,,,,,,,,,,,,,weak,very_weak,,,very_weak,,,,,,very_weak,,,very_weak,,,,,,,,,,,,,,,,,,,,,,,,very_weak,,,,,,,,,,,,,,weak,very_weak,39.685,53.415000000000006,56.235,42.765,41.295,59.26,63.46,28.32,57.53,54.145,3.405,19.26,17.335,18.875,24.33,22.695,39.51,20.62,29.075,51.2,11.66,43.6,35.81,39.85,61.17,2724.78593411411,1502.83926457772,3015.02732932788,3479.52301039037,1907.22815245739,8690.56228046227,6676.99370767204,589.551993874553,1762.11554348408,2464.77701713521,915.805156376383,192.490351952464,1004.15491225615,179.053269327748,1303.78403643674,198.765686331346,1275.15615869626,340.53163304149,1834.64542508315,2466.13747784085,158.113005838312,1575.36519650548,591.091295987187,1317.63934025173,Ubiquitin protein ligase E3 component n-recognin 4,Q5T4S7,609890.0,gene,23352.0,UBR4,ENSG00000127481,bacteria
sp|Q5T4S7|UBR4_HUMAN,sp,Q5T4S7,UBR4,HUMAN,0644875|tr|A0A934PAP6|A0A934PAP6_9STRE,644875,tr,A0A934PAP6,A0A934PAP6,TPATQA,4135,4140,TPATQA,1278,1283,EGGVQTPATQAPSGRI,6,,,,,,,,,,,,,,,,,,,,,,,,,,,,,,,,,,,,,,,,,,,,,,,,,,,,,,,,,very_weak,,,,,,,,,,,,,,,,,,,,,,,,,,,very_weak,89.935,64.77000000000001,60.540000000000006,79.66,83.11500000000001,71.015,82.02000000000001,41.38,80.73,21.19,65.235,88.495,46.305,90.25,88.89,69.67,18.695,87.99000000000001,84.33500000000001,66.045,87.86500000000001,22.895,36.475,76.53999999999999,70.8,25281.5282333058,7706.81993889502,8937.06082508024,17524.2649599262,12148.3861964074,17299.702657941,18884.4784350661,2682.02297955439,10956.9685684363,801.575928571399,19808.8993435455,20741.0609491778,6284.10220889286,22299.9900254279,24235.6038521235,2953.4547221236,1713.77313353617,24900.9185055544,18351.895094116,8423.56723730803,18434.0852926892,2186.45851643303,2020.75631373388,12031.7031524034,Ubiquitin protein ligase E3 component n-recognin 4,Q5T4S7,609890.0,gene,23352.0,UBR4,ENSG00000127481,bacteria
sp|Q5T4S7|UBR4_HUMAN,sp,Q5T4S7,UBR4,HUMAN,0644875|tr|A0A934PA11|A0A934PA11_9STRE,644875,tr,A0A934PA11,A0A934PA11,ISKVTV,3571,3576,ISKVTV,171,176,QKTYGISKVTVYVR,6,,,,,,,,,very_weak,,,very_weak,,,,,,very_weak,,,,,weak,very_weak,,,very_weak,,,very_weak,,,,,,,,,very_weak,,,,,,,,,,,,,,,,,,,,,,,,very_weak,,,,,,,,,very_weak,,weak,very_weak,,,,,,,,weak,very_weak,58.83,44.32,19.96,11.045,35.905,11.03,23.700000000000003,6.94,16.495,18.895,22.16,33.865,55.28,21.92,21.115,26.495,41.725,29.050000000000004,17.89,21.155,24.44,11.595,5.890000000000001,21.07,20.58,10122.7533349564,1952.3475099778,1178.6323743222,1933.07261042124,1498.79587719618,2419.80287728328,3289.58760426458,319.507110583198,946.070475236641,858.724019681309,4666.72454245471,3235.96429502217,6467.4503349944,1727.68061663516,2488.57263445981,517.924008843711,2284.22656327808,4478.16089666067,1743.4732747323,1427.95525497365,1768.93516065772,498.461580039371,300.664196134922,1343.00038777651,Ubiquitin protein ligase E3 component n-recognin 4,Q5T4S7,609890.0,gene,23352.0,UBR4,ENSG00000127481,bacteria
sp|Q5T4S7|UBR4_HUMAN,sp,Q5T4S7,UBR4,HUMAN,0644875|tr|A0A934P9T5|A0A934P9T5_9STRE,644875,tr,A0A934P9T5,A0A934P9T5,IALSLQ,2820,2825,IALSLQ,75,80,KISPQIALSLQMYYLK,6,,,,,,very_weak,,,,,,,,,,,,,,weak,very_weak,,,,,,,,,,,,,,,,,,,,,,,,very_weak,,,,,,,,,very_weak,,,,,,very_weak,,weak,very_weak,,,,,,,,,,,,very_weak,,,,,,,,weak,very_weak,20.44,18.695,41.555,20.645,23.655,42.18,9.335,22.945,28.15,38.71,35.76,29.765,29.87,17.995,24.04,15.875,42.32,19.71,3.5900000000000003,42.76,25.455,42.825,19.03,40.925,36.36,721.635131779717,85.2287115836192,741.702182618088,943.9947922267,113.22279870189,1714.71906941205,279.703108923365,89.0252853478903,108.803201916016,1032.29039520764,1262.33474127796,314.530179133496,2306.75326205279,140.722773819035,405.125916535385,28.6390060085838,520.091607766702,326.84990627739,68.7189349821918,519.225728864524,208.2926070908,314.591441741369,120.850897223091,406.900675141445,Ubiquitin protein ligase E3 component n-recognin 4,Q5T4S7,609890.0,gene,23352.0,UBR4,ENSG00000127481,bacteria
sp|Q5T4S7|UBR4_HUMAN,sp,Q5T4S7,UBR4,HUMAN,0644875|tr|A0A934UDY4|A0A934UDY4_9STRE,644875,tr,A0A934UDY4,A0A934UDY4,LASIIK,686,691,LASIIK,36,41,IRDNELASIIKGEDQR,6,,,,,,,,,,,,,,,,,,,,,,,,,,,very_weak,,,very_weak,,,,,,,,,,,weak,very_weak,,,,,,,,,,,,,strong,weak,very_weak,,,,,,,,,,,,,,weak,very_weak,,,,,,,,,very_weak,strong,weak,very_weak,33.37,29.83,20.745,51.93,55.91,31.805,35.29,52.345,15.075,17.310000000000002,23.4,42.68,6.09,35.38,29.095,49.605,0.16,36.42,30.01,44.23,29.57,5.99,49.245000000000005,36.38,15.22,4872.8142127729,2007.7020450602,2063.7773369133,5557.58912037877,5200.37617395936,2404.19674442869,6509.99534732103,3397.97023760234,365.422046519403,593.6871474484,4728.99010486863,3960.43499155176,1319.50827452727,3509.20229183602,6593.85753542531,1173.56777561221,44.410644654907,6644.77878783425,4287.27794814865,3351.30756557676,2854.89176847972,1016.44143212481,2864.6384968193,3086.92167199654,Ubiquitin protein ligase E3 component n-recognin 4,Q5T4S7,609890.0,gene,23352.0,UBR4,ENSG00000127481,bacteria
sp|Q5T4S7|UBR4_HUMAN,sp,Q5T4S7,UBR4,HUMAN,0644875|tr|A0A934PAY5|A0A934PAY5_9STRE,644875,tr,A0A934PAY5,A0A934PAY5,VLSVIL,471,476,VLSVIL,180,185,IMAFDVLSVILPMAVG,6,,,very_weak,,,very_weak,,,,,,,,,,,,,,,,,,,,,,,,,,,,,,,,,,,,very_weak,,,,,,,,,,,,,,,very_weak,,,,,,,,,,,,,,,,,,,,,,,,,,,very_weak,17.98,12.885,36.58,26.155,41.975,50.885,43.870000000000005,36.955,39.295,44.825,38.955,44.91,16.76,26.43,47.52,29.615,19.815,34.42,23.705,37.9,38.205,47.585,37.705,35.205,45.575,275.393871652668,175.438415679121,490.882950446807,531.020474407249,258.970338901237,1905.00078922724,1355.40868014759,156.623165146338,156.455486803187,1096.53409305353,1927.12089773761,362.292267074812,1333.11231866656,166.74531274247,1345.85147925,80.1286262741813,232.843355333233,485.384965822038,518.754039036993,533.877914736834,359.127117479689,637.336503490908,304.336441755961,325.037219488423,Ubiquitin protein ligase E3 component n-recognin 4,Q5T4S7,609890.0,gene,23352.0,UBR4,ENSG00000127481,bacteria
sp|Q5T4S7|UBR4_HUMAN,sp,Q5T4S7,UBR4,HUMAN,0644875|tr|A0A934PAP5|A0A934PAP5_9STRE,644875,tr,A0A934PAP5,A0A934PAP5,VRTGST,358,363,VRTGST,45,50,MKLRDVRTGSTFDTSY,6,,,,,,,,,,,,,,,,,,,,,,,,,,,,,weak,very_weak,,,,,,,,,,,,,,,,,,,,,,,,,,,,,,,,,,,,,,,,,,,,,,,,,,,,,weak,very_weak,42.915,44.735,24.97,75.07499999999999,49.91,57.185,61.53,50.375,58.565,4.225,36.88,26.185,27.85,51.870000000000005,33.54,51.685,44.905,35.555,63.59,35.07,37.32,28.595,35.18,40.11,40.620000000000005,8623.31033628784,1498.61750478118,968.5250465925,9461.6675326085,2898.84232745549,9515.97820598107,5692.14373814792,2256.78625535324,3185.90268021943,139.650410043143,8583.37639912481,2571.64901708478,3228.0262288345,5165.94278984572,6107.20725109075,749.032946542002,2729.41847567103,5730.02249563294,7421.63004659491,1583.85943037504,2985.48704101169,534.953414548433,1124.99165290179,1992.18699122846,Ubiquitin protein ligase E3 component n-recognin 4,Q5T4S7,609890.0,gene,23352.0,UBR4,ENSG00000127481,bacteria
sp|Q5T4S7|UBR4_HUMAN,sp,Q5T4S7,UBR4,HUMAN,0644875|tr|A0A934P958|A0A934P958_9STRE,644875,tr,A0A934P958,A0A934P958,SSKEDD,364,369,SSKEDD,82,87,IEIVDSSKEDDFSDIL,6,,,,,,,,,,,,,,,,,,,,,,,,,,,,,,,,,,,,,,,,,,very_weak,,,,,,,,weak,very_weak,,,,,,,,,,,,,,,,,,,,,,,,,,,,,,,,weak,very_weak,39.0,46.29,61.78,49.145,67.08500000000001,67.425,28.83,67.72,57.245,44.8,84.11,66.74000000000001,14.835,70.075,68.86,87.875,70.46000000000001,57.95,47.005,70.47,53.215,52.24,53.885,53.28,54.58,6861.70067842919,6640.32279054087,12185.6415303441,6610.64472633345,12268.3244935544,22576.2651285233,6010.51489150367,10151.819360576,9829.82191252519,7213.80677851308,24878.2973038259,9354.98645497573,2145.75004850496,10384.90003743,15220.9032555569,8872.12410017238,10381.5297149744,11050.9064674977,10433.8928492811,9371.80388717165,6769.15660971159,10018.5861958918,8445.19540365391,4881.30997624177,Ubiquitin protein ligase E3 component n-recognin 4,Q5T4S7,609890.0,gene,23352.0,UBR4,ENSG00000127481,bacteria
sp|Q5T4S7|UBR4_HUMAN,sp,Q5T4S7,UBR4,HUMAN,0644875|tr|A0A934UCY8|A0A934UCY8_9STRE,644875,tr,A0A934UCY8,A0A934UCY8,SQSLPL,1275,1280,SQSLPL,315,320,YRQLISQSLPLLNDQG,6,,,very_weak,strong,weak,very_weak,,,very_weak,,,very_weak,,,very_weak,,weak,very_weak,,,very_weak,,weak,very_weak,,,very_weak,,weak,very_weak,,weak,very_weak,,weak,very_weak,,,very_weak,,,very_weak,strong,weak,very_weak,,weak,very_weak,,weak,very_weak,,weak,very_weak,,weak,very_weak,,weak,very_weak,,weak,very_weak,,,very_weak,,weak,very_weak,,,,,weak,very_weak,,,very_weak,,,,strong,weak,very_weak,11.95,0.6,18.45,13.215,12.325,8.21,11.985,4.215000000000001,13.385,6.425000000000001,2.32,7.315,16.555,1.575,6.33,7.229999999999999,6.84,4.635,5.3100000000000005,12.105,2.53,20.05,4.96,13.445,21.67,956.465807266534,32.8660593303387,356.90751284124,915.062297170315,102.590577179822,384.964148766714,537.18065991604,18.9112200512971,75.5811088628469,272.66024544283,407.385246706643,177.604239634073,1591.09056755798,82.8340386302874,467.878746080578,13.4608725288969,291.783593364239,209.2231958038,230.699274946623,136.973249173691,147.609747913207,207.601875211358,41.4977486073896,128.023793052748,Ubiquitin protein ligase E3 component n-recognin 4,Q5T4S7,609890.0,gene,23352.0,UBR4,ENSG00000127481,bacteria
sp|Q5T4S7|UBR4_HUMAN,sp,Q5T4S7,UBR4,HUMAN,0644875|tr|A0A934PAX9|A0A934PAX9_9STRE,644875,tr,A0A934PAX9,A0A934PAX9,LQSLGL,2838,2843,LQSLGL,1131,1136,VLVKELQSLGLDMRVL,6,,,,,weak,very_weak,,,,,,,,weak,very_weak,,,,,,very_weak,,,,,,,,,,,,,,,,,,,,,,,,,,,,,,,,weak,very_weak,,,,,,,,weak,very_weak,,,,,,,,,,,,,,,,,,,,weak,very_weak,32.595,2.39,47.67,50.505,7.455,56.38,18.085,24.52,44.3,50.01,42.645,44.85,40.11,30.41,24.435,6.575,49.18,35.6,3.505,40.175,29.03,39.0,33.165,36.155,40.635000000000005,994.682367596535,56.5360935727475,1176.568272197,2816.14394255058,84.5389786661358,4448.50953508233,735.771431871739,146.28850258523,794.942759099952,1932.65434733696,2329.30048689756,832.053811451717,2004.05591420554,309.986091031784,756.845499850244,17.015084335579,650.524928527078,912.471968366573,132.897323230503,673.996698801437,358.746523067627,447.262108935875,230.819119584801,467.853435043751,Ubiquitin protein ligase E3 component n-recognin 4,Q5T4S7,609890.0,gene,23352.0,UBR4,ENSG00000127481,bacteria
sp|Q5T4S7|UBR4_HUMAN,sp,Q5T4S7,UBR4,HUMAN,0644875|tr|A0A934UD17|A0A934UD17_9STRE,644875,tr,A0A934UD17,A0A934UD17,EISNNN,2339,2344,EISNNN,105,110,ISQIYEISNNNIVAGI,6,,weak,very_weak,,,very_weak,,weak,very_weak,strong,weak,very_weak,strong,weak,very_weak,strong,weak,very_weak,,,very_weak,strong,weak,very_weak,strong,weak,very_weak,,,very_weak,,,very_weak,,,,,weak,very_weak,,,,,,very_weak,,,,,,,strong,weak,very_weak,,,,,,very_weak,,weak,very_weak,strong,weak,very_weak,,,,,weak,very_weak,strong,weak,very_weak,strong,weak,very_weak,,,very_weak,strong,weak,very_weak,8.655,14.625,6.41,1.87,1.23,0.245,12.685,0.445,0.8200000000000001,19.92,14.92,22.295,24.815,16.985,24.43,1.83,23.07,18.945,3.665,0.615,20.615,8.895000000000001,0.825,1.53,12.925,1329.43927321499,508.776261758922,381.031572929051,198.471272301667,69.7013947784055,21.5795449881745,1231.97487897603,29.9234913567423,14.360770811714,927.622691742648,3753.78064358951,1495.99302267474,2350.592527707,1386.82825411821,3780.02809051724,20.4710209808546,557.581454030027,2750.05012728972,413.500252269523,53.208212867789,1450.29924530536,585.04671178033,65.4716412963569,99.9662590122739,Ubiquitin protein ligase E3 component n-recognin 4,Q5T4S7,609890.0,gene,23352.0,UBR4,ENSG00000127481,bacteria
sp|Q5T4S7|UBR4_HUMAN,sp,Q5T4S7,UBR4,HUMAN,0644875|tr|A0A934PAP6|A0A934PAP6_9STRE,644875,tr,A0A934PAP6,A0A934PAP6,NLITKE,4211,4216,NLITKE,248,253,DKVSNNLITKEVLPVQ,6,,,,,,very_weak,,weak,very_weak,,,,,,very_weak,,,very_weak,,,very_weak,,,,,,very_weak,,,,,,,,weak,very_weak,,,,,,,,weak,very_weak,,,very_weak,,,,,,,,,,,weak,very_weak,,weak,very_weak,,,,,weak,very_weak,,,very_weak,,,,,,,,,very_weak,,weak,very_weak,36.41,13.175,9.795,26.79,19.575000000000003,19.175,18.03,31.4,13.855,56.165000000000006,20.11,3.795,34.865,7.654999999999999,12.415,33.475,27.675,8.47,8.945,38.68,8.9,13.055,40.22,37.505,19.215,4454.33730740055,533.658455110112,753.153152966401,3321.88525104081,888.063279370643,1603.93304800397,2170.87702666517,783.296999165323,202.64839620503,3711.49661623905,4557.54348043391,266.67907054282,3099.57265228492,537.331797740267,2198.55693394547,368.152400740078,1202.93074089552,1036.76773827131,927.723063891136,1828.66037077699,680.253350900112,795.691407486784,1158.00289985499,1558.83357362001,Ubiquitin protein ligase E3 component n-recognin 4,Q5T4S7,609890.0,gene,23352.0,UBR4,ENSG00000127481,bacteria
sp|Q5T4S7|UBR4_HUMAN,sp,Q5T4S7,UBR4,HUMAN,0644875|tr|A0A934UDY5|A0A934UDY5_9STRE,644875,tr,A0A934UDY5,A0A934UDY5,KEVEEN,912,917,KEVEEN,58,63,KNGQTKEVEENRFPGY,6,,,,,,,,,,,,,,,,,,,,,,,,,,,,,,,,,,,,,,,,,,,,,,,,,,,,,,,,,,,,,,,,,,,,,,,,,,,,,,,,,,,,,51.575,63.47,72.435,47.765,67.855,46.975,56.375,59.095,43.31999999999999,62.105,67.675,61.725,43.45,60.625,58.315,83.38,66.305,53.14,37.905,78.765,50.620000000000005,63.735,60.315,72.515,57.405,11542.302751205,8841.74599665254,12463.125112247,7918.81558378045,11598.5126120076,6745.687101497,10691.1335319965,9617.72878955636,2274.70653456681,10296.8463228345,22047.840138636,7383.34554566523,5901.73651153901,9725.93272555055,14992.7280488598,8557.22690804207,9843.9775089079,10975.478292599,6957.46691636257,12068.9924007287,7202.49814217075,9348.71298889748,10134.808361471,12338.4785839476,Ubiquitin protein ligase E3 component n-recognin 4,Q5T4S7,609890.0,gene,23352.0,UBR4,ENSG00000127481,bacteria
sp|Q5T4S7|UBR4_HUMAN,sp,Q5T4S7,UBR4,HUMAN,0644875|tr|A0A934PB68|A0A934PB68_9STRE,644875,tr,A0A934PB68,A0A934PB68,VASLQE,244,249,VASLQE,736,741,EVSNKVASLQEQLREL,6,,,,,,very_weak,,,,,,,,,,,,,,,very_weak,,,,,,,,,,,,very_weak,,,,,,very_weak,,,very_weak,,,very_weak,,weak,very_weak,,,very_weak,,,,strong,weak,very_weak,,,,,weak,very_weak,,,,,weak,very_weak,,weak,very_weak,,,,,,,,,,strong,weak,very_weak,32.58,14.43,30.31,38.24,24.83,45.985,13.815,40.53,32.67,27.645000000000003,11.95,28.855,12.375,16.565,7.765,27.725,0.7949999999999999,23.115,9.27,43.595,9.7,7.9,37.84,39.435,33.34,4445.18967428824,745.13680827507,1787.71427943207,5592.03070716598,1990.74332812193,7576.18968746013,1930.02137016934,1980.64550641527,2562.56642616305,1795.50696869571,2757.79730162128,1802.63134314043,1529.51259834698,758.02562062653,1366.14190067799,634.282093221221,107.737182406654,2095.61684893893,1357.68369660794,3058.56270331252,613.327092061283,974.601018625748,1428.63522382466,1894.76377407816,Ubiquitin protein ligase E3 component n-recognin 4,Q5T4S7,609890.0,gene,23352.0,UBR4,ENSG00000127481,bacteria
sp|Q5T4S7|UBR4_HUMAN,sp,Q5T4S7,UBR4,HUMAN,0644875|tr|A0A934UCV7|A0A934UCV7_9STRE,644875,tr,A0A934UCV7,A0A934UCV7,RALATN,3888,3893,RALATN,164,169,RLEIVRALATNPKILF,6,,,,,weak,very_weak,,,very_weak,,weak,very_weak,,,very_weak,,,very_weak,strong,weak,very_weak,,,very_weak,,weak,very_weak,,,very_weak,,weak,very_weak,,,,strong,weak,very_weak,,,,,,,,,very_weak,,,,,weak,very_weak,,,,,,,,weak,very_weak,,weak,very_weak,,,,,,very_weak,,,very_weak,,,very_weak,,,very_weak,strong,weak,very_weak,40.68,8.26,12.78,8.235,11.42,14.645,1.4899999999999998,12.745,4.78,18.48,9.64,38.4,37.065,31.89,15.115,7.23,33.64,41.13,4.87,8.935,32.92,18.12,12.175,13.56,13.205,3646.21907005891,106.561630716426,122.929313350517,521.878516902807,85.2942097975603,354.732330262175,64.3354428630431,54.0641840690035,39.8524555967528,427.600187416927,411.398367467755,881.019398293814,2950.10127621722,483.252199856676,701.108956338626,13.2435971200937,526.016863813368,1377.92885233104,199.43780756156,100.333599009625,664.518104583685,105.212047228242,73.3756866376811,158.748968790277,Ubiquitin protein ligase E3 component n-recognin 4,Q5T4S7,609890.0,gene,23352.0,UBR4,ENSG00000127481,bacteria
sp|Q5T4S7|UBR4_HUMAN,sp,Q5T4S7,UBR4,HUMAN,0644875|tr|A0A934UD54|A0A934UD54_9STRE,644875,tr,A0A934UD54,A0A934UD54,VPLILA,851,856,VPLILA,32,37,VFELAVPLILAIIIDD,6,,,,,,,,,,,,,,,,,,,,,,,,,,,,,,,,,,,,,,,,,,,,,,,,,,,,,,,,,,,,,,,,,,,,,,,,,,,,,,,,,,,,,36.06,51.985,59.64,48.175,59.645,56.155,72.65,37.595,58.865,58.72,35.945,40.13,40.59,32.505,51.995000000000005,32.275,49.175,34.88,30.685,64.35,41.445,55.4,45.4,44.785,62.295,1316.62751279463,792.100885447592,1486.53784977944,3472.15188620639,1068.41484134789,5370.02866387987,7253.0953790493,391.064046246212,1208.20048938052,1775.43536026158,2417.39535651133,615.021624734728,2999.1173329034,318.837156715374,2356.47487330726,104.097832001928,831.333912041896,865.383629674653,1010.93556748244,2006.29055354494,657.253131710612,1698.47001455187,600.067670943115,836.884189684507,Ubiquitin protein ligase E3 component n-recognin 4,Q5T4S7,609890.0,gene,23352.0,UBR4,ENSG00000127481,bacteria
sp|Q5T4S7|UBR4_HUMAN,sp,Q5T4S7,UBR4,HUMAN,0644875|tr|A0A934PA09|A0A934PA09_9STRE,644875,tr,A0A934PA09,A0A934PA09,NEEDRK,3728,3733,NEEDRK,122,127,FKLYENEEDRKNKVTE,6,,,,,,,,,,,,,,,,,,,,,very_weak,,,,,,,,,,,,,,,,,,,,,,,,,,,,,,,,,,,,,,,,,,,,,very_weak,,,,,,,,,,,,very_weak,,,,,,very_weak,24.225,41.1,52.875,29.455,52.325,34.075,15.52,60.16,51.53,95.0,68.515,61.83,76.22999999999999,57.2,52.945,42.19,81.85499999999999,54.77,71.4,11.920000000000002,56.8,38.02,64.56,12.715,47.515,2109.88184787892,3977.0961385112,8045.68482755883,4491.40804102347,3453.3812824562,9503.42527834686,2189.93886192423,8025.86131309608,4709.38288128359,22248.4156341486,21103.7054970735,9601.92441175663,8700.25276475251,8158.85822032119,9508.05352793013,2665.70615949127,14037.5763032942,9637.62512451856,12157.7222239426,942.688328879469,5809.11430327425,4761.33519253111,6775.4582476342,723.644562837272,Ubiquitin protein ligase E3 component n-recognin 4,Q5T4S7,609890.0,gene,23352.0,UBR4,ENSG00000127481,bacteria
sp|Q5T4S7|UBR4_HUMAN,sp,Q5T4S7,UBR4,HUMAN,0644875|tr|A0A934P9S5|A0A934P9S5_9STRE,644875,tr,A0A934P9S5,A0A934P9S5,TREEAL,2390,2395,TREEAL,129,134,KQLNLTREEALELNIL,6,,,very_weak,,,,,,,,,very_weak,,,,,,,,,very_weak,,,very_weak,,,,,,,,,very_weak,,,,,,,,,,,weak,very_weak,,,,,,very_weak,,weak,very_weak,,,,,,very_weak,,,very_weak,,,,,weak,very_weak,,,,,,very_weak,,,,,,,,weak,very_weak,19.165,25.32,53.925,11.46,23.195,41.705,11.635000000000002,11.695,34.155,69.445,19.03,23.765,21.785,7.98,20.72,6.55,59.825,13.82,17.465,30.105,9.34,56.155,18.03,36.88,47.41,1194.59085488442,644.039786598519,3072.72609419968,655.059398972949,966.59878703211,7203.04366886011,697.281007750299,434.446171941817,722.111572849331,4964.40015611549,2663.60149925508,735.691827340725,1227.87616615938,275.230036870774,1461.29366667608,67.4256324448701,2708.61921608336,698.066069659846,1093.33541847919,1086.31938664663,294.431660566039,2280.02890472479,628.346276458507,1129.36995625159,Ubiquitin protein ligase E3 component n-recognin 4,Q5T4S7,609890.0,gene,23352.0,UBR4,ENSG00000127481,bacteria
sp|Q5T4S7|UBR4_HUMAN,sp,Q5T4S7,UBR4,HUMAN,0644875|tr|A0A934PAX7|A0A934PAX7_9STRE,644875,tr,A0A934PAX7,A0A934PAX7,AALTAL,968,973,AALTAL,124,129,AGATNAALTALRILAT,6,,,very_weak,,,,,,,,,,,,,,,,,,,,,very_weak,,,,,,very_weak,,,very_weak,,,,,,,,,very_weak,,,very_weak,,,,,,,,weak,very_weak,,weak,very_weak,,,,,weak,very_weak,,,,,,,,,very_weak,,,,,,,,,,,weak,very_weak,17.5,32.745,31.865,49.66,20.31,38.82,32.99,10.145,36.02,15.185,13.03,25.28,17.725,17.71,27.66,7.93,3.84,22.645,6.98,38.17,25.395000000000003,17.185,29.685,33.085,26.975,1302.14869101997,155.872554752185,312.082679376211,3739.38994739379,208.053853967869,1731.46075654434,1531.40034687431,88.6935891367874,418.532538275333,183.007747486015,771.65484663898,405.7576141688,1371.05813437644,203.434873059665,1090.71238839368,16.4101047165143,57.5258368184761,816.685959093401,157.706371681537,478.553690523786,427.331932322201,108.401334432283,170.413212415703,373.322881442968,Ubiquitin protein ligase E3 component n-recognin 4,Q5T4S7,609890.0,gene,23352.0,UBR4,ENSG00000127481,bacteria
sp|Q5T4S7|UBR4_HUMAN,sp,Q5T4S7,UBR4,HUMAN,0644875|tr|A0A934PA43|A0A934PA43_9STRE,644875,tr,A0A934PA43,A0A934PA43,VELKNK,3603,3608,VELKNK,625,630,LRESFVELKNKLGRSP,6,,,,,,very_weak,strong,weak,very_weak,,,,,weak,very_weak,,,very_weak,,,very_weak,,,very_weak,,,very_weak,,,,,,,,,,,weak,very_weak,,,,,,,,weak,very_weak,,,,strong,weak,very_weak,,,,,,,,,very_weak,strong,weak,very_weak,,,,,weak,very_weak,,,,,weak,very_weak,strong,weak,very_weak,strong,weak,very_weak,26.7,15.775,1.39,34.705,8.93,12.235,14.395,18.73,10.285,55.685,23.35,30.925,52.395,24.305,7.97,1.185,49.56,30.05,17.575,1.52,24.41,3.44,20.76,3.95,0.64,5774.71010839031,628.999278005854,214.822624100282,5729.09260749935,429.45016695889,2825.88068304059,1434.95583130424,972.515350050532,743.341101538589,6019.88686174204,4532.3657394126,2404.50891920294,9215.04579462402,1680.39199014088,1350.50472384931,16.910287610646,4308.809198876,3474.40669283715,2080.0524743168,134.174542494442,1435.96537001591,751.858583767785,905.25407316344,256.880120684386,Ubiquitin protein ligase E3 component n-recognin 4,Q5T4S7,609890.0,gene,23352.0,UBR4,ENSG00000127481,bacteria
sp|Q5T4S7|UBR4_HUMAN,sp,Q5T4S7,UBR4,HUMAN,0644875|tr|A0A934PA70|A0A934PA70_9STRE,644875,tr,A0A934PA70,A0A934PA70,LTSYLD,4166,4171,LTSYLD,83,88,AKILVLTSYLDNEKIY,6,,weak,very_weak,,weak,very_weak,,,very_weak,,,,,weak,very_weak,,,,,,,,,very_weak,,,,,,,,,very_weak,strong,weak,very_weak,,,very_weak,,weak,very_weak,strong,weak,very_weak,strong,weak,very_weak,,weak,very_weak,,weak,very_weak,,,,strong,weak,very_weak,,weak,very_weak,,weak,very_weak,strong,weak,very_weak,,,,,,,strong,weak,very_weak,,,very_weak,strong,weak,very_weak,3.68,5.445,16.235,25.11,3.64,23.48,27.145000000000003,19.18,26.33,36.605,19.825,0.47,2.39,0.54,1.29,9.905,38.44,0.4549999999999999,2.47,8.71,0.625,30.725,27.99,1.165,18.255000000000003,192.89482066978,209.789899056347,624.895317053346,1070.30078581435,87.7998944461151,2261.0879049657,1400.53525238815,346.481867926724,572.373907346508,3193.73716003783,1725.12155615682,22.0165605814446,667.306444475402,41.9219588380525,263.737866439737,67.9860392767961,1451.00555347122,28.3485931312402,241.785560703624,302.796005540533,55.3917063420898,1082.58812168846,587.247376623217,55.7452334015477,Ubiquitin protein ligase E3 component n-recognin 4,Q5T4S7,609890.0,gene,23352.0,UBR4,ENSG00000127481,bacteria
sp|Q5T4S7|UBR4_HUMAN,sp,Q5T4S7,UBR4,HUMAN,0644875|tr|A0A934UDW7|A0A934UDW7_9STRE,644875,tr,A0A934UDW7,A0A934UDW7,ANHAIK,477,482,ANHAIK,664,669,VEMMEANHAIKRASKN,6,,,,,,,,,very_weak,,,very_weak,,,very_weak,strong,weak,very_weak,,weak,very_weak,,,,,weak,very_weak,,,,,,very_weak,,,,strong,weak,very_weak,,,,,,,,,,,,,,,very_weak,,,very_weak,,,,,,very_weak,,,,,,,,weak,very_weak,,,,,,,,,very_weak,strong,weak,very_weak,48.92,21.145,16.725,15.12,19.380000000000003,1.79,2.45,27.245,2.665,32.925,19.49,40.335,72.61500000000001,39.0,21.08,12.285,15.275,46.120000000000005,16.335,22.77,43.18,4.045,31.79,41.72,18.115,6540.84907244542,465.092660283971,693.533987654627,2506.3530314935,787.955149886123,233.686328288387,260.840389580148,1070.41659625146,133.893200543888,719.047548610276,4122.42319308767,5705.64744413058,6194.45365334141,4320.05936709131,4152.14669709518,43.9046852535945,956.320935767555,8114.39988714671,1715.47990624353,821.07169183987,4148.64400142029,199.308377206777,814.664937229584,1520.93128808854,Ubiquitin protein ligase E3 component n-recognin 4,Q5T4S7,609890.0,gene,23352.0,UBR4,ENSG00000127481,bacteria
sp|Q5T4S7|UBR4_HUMAN,sp,Q5T4S7,UBR4,HUMAN,0644875|tr|A0A934PAG9|A0A934PAG9_9STRE,644875,tr,A0A934PAG9,A0A934PAG9,PSLQSI,1116,1121,PSLQSI,124,129,YLLSKPSLQSISSSRV,6,,,,,,very_weak,,,very_weak,,,,,,very_weak,,,,,,,strong,weak,very_weak,,,,,,,,,,,,,,,,,,,,,,,,,,,,,,very_weak,,,,,,,,,very_weak,,,,,,,,,,,weak,very_weak,,,very_weak,,,,strong,weak,very_weak,56.23,18.27,15.265,28.85,17.849999999999998,30.205,43.93,1.63,21.675,38.745,33.129999999999995,42.725,37.67,48.765,56.58,12.77,37.84,47.34,13.39,22.895,48.145,38.315,8.89,16.25,28.945,6194.52067631912,231.662283592581,182.343640686767,2348.02520885378,214.599603962028,1754.05020127018,2860.02399918622,18.0226450515244,102.783900371899,726.256546833718,2443.45509898019,1212.98137196082,3605.53674757547,1233.84245039449,3253.86998442917,32.4733489397787,920.663404702856,2447.74175278669,506.321536293314,330.684511802177,1358.47717956392,213.185589851487,79.6919983701888,220.371531355211,Ubiquitin protein ligase E3 component n-recognin 4,Q5T4S7,609890.0,gene,23352.0,UBR4,ENSG00000127481,bacteria
sp|Q5T4S7|UBR4_HUMAN,sp,Q5T4S7,UBR4,HUMAN,0644875|tr|A0A934P912|A0A934P912_9STRE,644875,tr,A0A934P912,A0A934P912,ELAVEE,1639,1644,ELAVEE,64,69,QKNAAELAVEEINAAG,6,,,very_weak,,weak,very_weak,,,,,,,,,,,,,,,very_weak,,,,,,,,,,,,,,,,,,,,weak,very_weak,,,,,,,,weak,very_weak,,,,,,very_weak,,,,,,,,weak,very_weak,,,,,,,,,,,,very_weak,,,,,weak,very_weak,17.655,2.3400000000000003,36.3,36.335,50.195,35.685,17.35,54.19,34.775,27.450000000000003,33.565,44.625,4.005,26.595,37.59,38.620000000000005,15.43,40.11,39.81,7.795,27.025,28.14,41.24,19.105,52.205,2416.53237308693,215.388180214955,2949.68635265645,3577.82884118989,5566.13441048118,8619.11275448487,2681.79083844945,5171.31143570495,1823.56277851828,1893.82096621888,7307.05174762647,2902.10610585727,414.992775114191,1641.1669073124,6111.30550050411,1178.41560106256,841.341976800723,4503.96333505027,5498.67371907717,497.77172264854,1549.66852497258,2268.12012063786,2839.24305170248,1158.06554822272,Ubiquitin protein ligase E3 component n-recognin 4,Q5T4S7,609890.0,gene,23352.0,UBR4,ENSG00000127481,bacteria
sp|Q5T4S7|UBR4_HUMAN,sp,Q5T4S7,UBR4,HUMAN,0644875|tr|A0A934P9J2|A0A934P9J2_9STRE,644875,tr,A0A934P9J2,A0A934P9J2,SLFLIL,417,422,SLFLIL,140,145,PLIQISLFLILITKPV,6,,,,,,,,,,,,,,,,,,,,,,,,very_weak,,,,,,,,,,,,very_weak,,,very_weak,,,,,,,,,,,,,,weak,very_weak,,,,,weak,very_weak,,,very_weak,,,,,,,,,,,,,,,very_weak,,,very_weak,,weak,very_weak,37.945,47.93,23.675,27.5,25.655,29.175,68.09,10.94,37.92,84.16499999999999,51.79,12.655,76.51,20.54,40.095,6.56,71.95,6.605,16.66,25.395,27.57,46.835,24.28,16.415,17.585,1485.73386677469,503.420906498246,238.633005389004,1614.29210581001,130.424392256906,1714.84894449132,5584.95615570573,54.5601535294961,369.157568947616,5595.84379214736,2833.81081848398,149.238128480273,7110.74124868569,189.327998399934,1063.29450500151,10.5462324912398,2920.09108768042,169.442444063039,219.327274450368,195.822023061627,351.416432730109,712.272228062144,152.290063237671,80.6539933579098,Ubiquitin protein ligase E3 component n-recognin 4,Q5T4S7,609890.0,gene,23352.0,UBR4,ENSG00000127481,bacteria
sp|Q5T4S7|UBR4_HUMAN,sp,Q5T4S7,UBR4,HUMAN,0644875|tr|A0A934UDH2|A0A934UDH2_9STRE,644875,tr,A0A934UDH2,A0A934UDH2,TLLSLV,1287,1292,TLLSLV,108,113,GWIGWTLLSLVWICAI,6,,,,,,,,,,,,,,,,,,,,,,,,,,,,,,,,,,,,,,,,,,,,,,,,,,,,,,,,,,,,,,,,,,,,,,,,,,,,,,,,,,,,,39.255,68.34,76.16,67.485,64.155,77.295,84.205,63.27,71.205,75.745,71.685,48.67,71.46000000000001,40.945,64.66,68.115,74.65,44.835,67.2,79.955,47.235,54.68,72.27,71.66,74.26,761.494638655897,1841.46678156672,4469.01269178847,5278.15022373987,1501.6202301847,10683.6172552132,11738.2690288045,1191.08036643846,2742.5917713476,3434.37770427283,8882.11313846598,493.492371403803,5388.8869157136,377.498430540036,3853.03368816104,740.84399879155,3280.66597952329,647.316257203478,3802.4250715237,4820.11487187111,866.817394720866,1602.96150716778,2169.16304984915,2525.98170491856,Ubiquitin protein ligase E3 component n-recognin 4,Q5T4S7,609890.0,gene,23352.0,UBR4,ENSG00000127481,bacteria
sp|Q5T4S7|UBR4_HUMAN,sp,Q5T4S7,UBR4,HUMAN,0644875|tr|A0A934P963|A0A934P963_9STRE,644875,tr,A0A934P963,A0A934P963,LARLLL,855,860,LARLLL,479,484,KQRILLARLLLEDKPV,6,,weak,very_weak,,weak,very_weak,,weak,very_weak,,,very_weak,,,very_weak,,,,,weak,very_weak,,,very_weak,,,,,,,,weak,very_weak,strong,weak,very_weak,,,very_weak,,weak,very_weak,strong,weak,very_weak,strong,weak,very_weak,,,,,,very_weak,,,very_weak,strong,weak,very_weak,,weak,very_weak,,,very_weak,strong,weak,very_weak,,weak,very_weak,,weak,very_weak,,weak,very_weak,,weak,very_weak,strong,weak,very_weak,8.655,2.155,7.705,19.545,13.55,20.305,9.4,17.51,21.615,37.235,6.404999999999999,1.7999999999999998,4.065,1.06,1.895,18.335,10.16,1.825,5.595,13.34,1.515,9.75,8.27,5.505,9.255,350.474739244427,49.6919318383314,230.155763121296,1792.49830922762,144.254618744799,1947.89543681584,599.898887106839,221.336925707535,440.843339204093,2102.72587615501,615.421018218354,59.6459554300748,669.765801995558,37.7774619485551,148.880090046419,23.5199658320334,268.148893720811,80.6129888434812,150.265382474174,273.641447678269,54.7724936853968,193.800646182992,183.400228188693,93.0312345809418,Ubiquitin protein ligase E3 component n-recognin 4,Q5T4S7,609890.0,gene,23352.0,UBR4,ENSG00000127481,bacteria
sp|Q5T4S7|UBR4_HUMAN,sp,Q5T4S7,UBR4,HUMAN,0644875|tr|A0A934UDK3|A0A934UDK3_9STRE,644875,tr,A0A934UDK3,A0A934UDK3,SKKEEK,3370,3375,SKKEEK,2,7,MSKKEEKKKQSE,6,,,,,,,,,,,,,,,,,,,,,,,,,,,,,,,,,,,,,,,,,,,,,,,,,,,,,,,,,,,,,,,,,,,,,,,,,,,,,,,,,,,,,95.0,95.0,95.0,95.0,95.0,95.0,95.0,95.0,95.0,95.0,95.0,95.0,95.0,95.0,95.0,95.0,95.0,95.0,95.0,95.0,95.0,95.0,95.0,95.0,90.625,42316.7091864731,25666.0115908405,30417.7801170382,38227.3736566738,33312.2190153547,40145.5397112971,34205.2323475485,37280.1413361344,30027.0209515622,34548.9134163347,39966.1144118386,38940.8118296244,40045.7597735029,38267.5150531722,34201.9016724468,30855.6610770835,39475.7511461336,40153.3590578028,35302.010544084,33707.7791215557,36067.2307918247,34410.1349834123,36588.8139745839,36940.4533975389,Ubiquitin protein ligase E3 component n-recognin 4,Q5T4S7,609890.0,gene,23352.0,UBR4,ENSG00000127481,bacteria
sp|Q5T4S7|UBR4_HUMAN,sp,Q5T4S7,UBR4,HUMAN,0644875|tr|A0A934PA18|A0A934PA18_9STRE,644875,tr,A0A934PA18,A0A934PA18,SSASSS,3343,3348,SSASSS,2399,2404,SETTESSASSSIISQN,6,,,,,,,,,,,,,,,,,,,,,,,,very_weak,,,,,weak,very_weak,,,,,,,,,,,,very_weak,,,,,,,,,,,,,,weak,very_weak,,,,,,,,,,,,,,,,,,,,,,,,,,weak,very_weak,80.42500000000001,79.03999999999999,70.88499999999999,66.535,77.305,66.735,86.525,19.56,71.465,4.585,55.28,81.93,14.105,86.24000000000001,87.66,47.33,2.78,85.06,81.64500000000001,54.03,85.14500000000001,22.505,20.845,64.555,77.965,14695.290340124,6971.48276933419,6050.97054523634,11307.4432956112,9606.39275093374,12208.0759662809,16527.2115945242,1007.98659041326,6735.47667923071,117.245845278589,13268.2973333331,11096.6761015311,1496.98071366215,12088.334288581,17359.1402575287,1322.25226682088,161.676713785447,15682.8027332551,15009.4458158968,3440.03055055841,10386.9227560783,966.745215506015,797.535911862383,5257.11922958042,Ubiquitin protein ligase E3 component n-recognin 4,Q5T4S7,609890.0,gene,23352.0,UBR4,ENSG00000127481,bacteria
sp|Q5T4S7|UBR4_HUMAN,sp,Q5T4S7,UBR4,HUMAN,0644875|tr|A0A934UCX1|A0A934UCX1_9STRE,644875,tr,A0A934UCX1,A0A934UCX1,RSSLLF,5091,5096,RSSLLF,85,90,DYTFSRSSLLFINDVI,6,,,very_weak,,,,,,,,,very_weak,,,,,,very_weak,,,,,weak,very_weak,,,,,,very_weak,,,very_weak,,weak,very_weak,,,,,,,,weak,very_weak,,weak,very_weak,,,,,,very_weak,,,very_weak,,weak,very_weak,,,,,,,,weak,very_weak,,,,,weak,very_weak,,,,,,,,weak,very_weak,12.745,50.805,42.505,12.69,38.035,18.81,49.38,3.14,28.38,14.5,15.56,5.840000000000001,23.91,3.615,7.585,12.225,11.695,4.055,50.785,27.46,7.685,33.92,3.49,23.22,40.63,264.61251063304,572.324365820467,854.109443746187,428.378152854792,266.881125639004,331.924796798469,2564.50800937265,9.21691891010391,205.294462942385,343.815496584543,811.295971305329,79.1617621179947,1365.2553073432,65.6575024341865,343.663010104181,13.4358451152721,117.096249058208,97.0156934057953,1083.25598933006,156.845318806102,97.8474426581187,255.651798832222,19.8388817749306,127.798206220258,Ubiquitin protein ligase E3 component n-recognin 4,Q5T4S7,609890.0,gene,23352.0,UBR4,ENSG00000127481,bacteria
sp|Q5T4S7|UBR4_HUMAN,sp,Q5T4S7,UBR4,HUMAN,0644875|tr|A0A934PA74|A0A934PA74_9STRE,644875,tr,A0A934PA74,A0A934PA74,LNLFIG,2401,2406,LNLFIG,225,230,DDLLELNLFIGYGFSI,6,,,,,,,,,,,,,,,very_weak,,,,,,,,,,,,,,,,,,,,,very_weak,,,,,,,,,,,,,,,,,,,,,,,weak,very_weak,,,,,,,,,,,,,,,,,,,,,,,weak,very_weak,24.365,52.45,64.405,32.989999999999995,15.69,31.840000000000003,40.05,35.98,27.235,70.77000000000001,71.985,10.815,67.67500000000001,22.4,45.06999999999999,48.400000000000006,65.635,9.47,21.085,70.65,32.245,59.035,44.755,62.995000000000005,63.625,892.542559211603,899.0071520698,2386.57290169971,1885.33637922411,213.982861143626,1860.79441986302,3188.00609067411,417.442608471346,292.893819064657,3107.53104699303,9016.8027265545,243.776692718563,4646.1688337669,381.939642232684,1848.91354804074,279.143798643891,1959.35207852556,298.114860154787,683.987820683943,2550.72696135926,618.063527978545,2187.99676204704,558.076371980629,1592.77855654229,Ubiquitin protein ligase E3 component n-recognin 4,Q5T4S7,609890.0,gene,23352.0,UBR4,ENSG00000127481,bacteria
sp|Q5T4S7|UBR4_HUMAN,sp,Q5T4S7,UBR4,HUMAN,0644875|tr|A0A934PBP4|A0A934PBP4_9STRE,644875,tr,A0A934PBP4,A0A934PBP4,KAKVTI,1767,1772,KAKVTI,2175,2180,SNQLGKAKVTIDGIAQ,6,,,,,,,,,,,,,,,,,,,,,,,,,,,,,,very_weak,,,,,,,,,,,,,,,,,,,,,,,,,,,,,,,,,,,,,,,,,,very_weak,,,,,,,,,,,,very_weak,63.75,40.97,34.04,69.77000000000001,65.16,51.675,63.11,33.795,51.245000000000005,13.85,42.225,79.72,44.93,68.25999999999999,60.86,51.010000000000005,24.245,78.565,60.56,43.8,63.515,17.12,23.485,20.45,47.04,10559.616166282,2202.24715172777,2407.89341185037,11400.1913483537,6013.70232585523,12318.6031685035,11720.8821691809,2340.34006421223,4453.37351284334,367.913478659934,8940.92954285888,10493.2164813431,4510.83977476685,7695.90409985309,8868.18920197611,1258.85670509534,1518.82636018225,13004.7888369522,7409.03358697636,2687.42592867363,5598.20557619159,974.369056961733,1342.50642578091,1497.28848828552,Ubiquitin protein ligase E3 component n-recognin 4,Q5T4S7,609890.0,gene,23352.0,UBR4,ENSG00000127481,bacteria
sp|Q5T4S7|UBR4_HUMAN,sp,Q5T4S7,UBR4,HUMAN,0644875|tr|A0A934PA20|A0A934PA20_9STRE,644875,tr,A0A934PA20,A0A934PA20,DDDDDD,2730,2735,DDDDDD,181,186,DINEEDDDDDDYSDAD,6,,,,,,,,,,,,,,,,,,,,,,,,,,,,,,,,,,,,,,,,,,,,,,,,,,,,,,,,,,,,,,,,,,,,,,,,,,,,,,,,,,,,,48.395,89.575,95.0,63.28,95.0,95.0,77.33,95.0,95.0,90.38,95.0,95.0,60.35,95.0,94.005,95.0,94.625,92.125,95.0,89.46000000000001,94.01,94.645,95.0,94.19,95.0,13937.3886855432,31146.8091307498,40057.460211001,19552.945206236,35563.8554877487,40568.2154361499,22560.1490514068,40386.0270970117,36510.1180383846,31379.1918107605,41269.0406583492,35667.5155924188,14722.3451774821,34839.4584696227,35671.3749473085,38016.1899525612,33649.8399727482,34741.9637382751,37185.0691338638,33213.2478531274,31618.0973191328,32845.5173079649,40010.6789625951,32307.6580847734,Ubiquitin protein ligase E3 component n-recognin 4,Q5T4S7,609890.0,gene,23352.0,UBR4,ENSG00000127481,bacteria
sp|Q5T4S7|UBR4_HUMAN,sp,Q5T4S7,UBR4,HUMAN,0644875|tr|A0A934PCI6|A0A934PCI6_9STRE,644875,tr,A0A934PCI6,A0A934PCI6,QALLSK,2545,2550,QALLSK,293,298,IRSLIQALLSKWQIKG,6,,,,,,,,,very_weak,,,,,,very_weak,,,,,,,,,,,,,,,,,,very_weak,,,,,,very_weak,,,,,,,,,,,,,,,very_weak,,,,,,,,weak,very_weak,,,very_weak,,,,,,,,,,,,very_weak,,,very_weak,,weak,very_weak,40.855,26.7,17.52,52.685,13.495,38.69,39.765,38.065,40.84,56.645,11.31,34.32,59.845,22.36,23.555,17.95,37.065,31.27,5.66,19.385,32.285,39.725,33.7,19.85,15.99,2732.5801977009,113.43124809848,248.667764250392,3114.46506782264,108.243111431636,2664.58154515041,1701.91000534179,239.642095849784,612.750026211694,1857.93767459494,228.325288081558,416.130334226764,5082.22803518196,254.090972743171,535.625253041761,40.6146750653939,665.72711274929,611.676936197478,113.80988734827,325.371490165545,496.115663442947,263.715038745793,261.162322895264,254.679984898657,Ubiquitin protein ligase E3 component n-recognin 4,Q5T4S7,609890.0,gene,23352.0,UBR4,ENSG00000127481,bacteria
sp|Q5T4S7|UBR4_HUMAN,sp,Q5T4S7,UBR4,HUMAN,0644875|tr|A0A934PAC9|A0A934PAC9_9STRE,644875,tr,A0A934PAC9,A0A934PAC9,EPLSED,4576,4581,EPLSED,74,79,DPHEYEPLSEDVRKTT,6,,,,,,,,,,,,,,,,,,,,,very_weak,,,,,,,,,,,,,,,,,,,,,,,,,,,,,,very_weak,,,,,,,,,,,,,,,,,,,,,,,,,,,,,,,,,very_weak,43.01,39.115,44.575,30.380000000000003,53.81,44.5,12.755,58.225,43.135,40.33,44.36,50.33,23.67,34.9,33.885,32.915,71.905,36.595,44.7,38.1,29.72,20.435,50.95,41.78,36.985,8182.01961725875,5354.19007956666,9465.3536836785,6628.47864079573,11615.2152404618,16540.9865307487,1742.07789784406,10963.7281149437,8423.38495702053,4746.31608591368,16658.6281221885,8163.09661860654,3455.99781057656,6462.27415543711,9827.26968806551,1864.32109965981,10135.5759851959,8974.75523479092,12182.0822098992,5105.59675534924,3704.91661432629,2789.24628227408,8272.45988707022,6182.66889738444,Ubiquitin protein ligase E3 component n-recognin 4,Q5T4S7,609890.0,gene,23352.0,UBR4,ENSG00000127481,bacteria
sp|Q5T4S7|UBR4_HUMAN,sp,Q5T4S7,UBR4,HUMAN,0644875|tr|A0A934PBW3|A0A934PBW3_9STRE,644875,tr,A0A934PBW3,A0A934PBW3,LTRLAS,1942,1947,LTRLAS,271,276,IAFDHLTRLASLKGEH,6,,,,,weak,very_weak,strong,weak,very_weak,,,,,weak,very_weak,,,,,,,,,,,,very_weak,,,,,,,,,,,,very_weak,,,,,,,,,very_weak,,,,,weak,very_weak,,,very_weak,,,,,weak,very_weak,,weak,very_weak,,,,,,very_weak,,,,,weak,very_weak,strong,weak,very_weak,strong,weak,very_weak,45.435,6.68,1.045,37.23,4.785,27.33,28.07,21.96,12.78,51.72,29.755000000000003,24.955,34.495,27.925,17.83,2.66,16.015,33.34,7.334999999999999,2.66,36.91,15.785,31.965000000000003,5.99,0.43,4100.49211040108,225.258040431009,71.0214414908383,1008.31382926282,141.282674968404,2498.23076556143,852.973522972242,337.702717335186,463.24449272662,2033.58739765925,2771.9472099041,750.493154675673,2993.86507223636,546.30096256199,1189.50916216258,18.1616289348077,655.938850885502,1275.57013308674,441.220316642106,122.797707125039,773.996148999158,165.392308958487,437.252057770007,194.086031785643,Ubiquitin protein ligase E3 component n-recognin 4,Q5T4S7,609890.0,gene,23352.0,UBR4,ENSG00000127481,bacteria
sp|Q5T4S7|UBR4_HUMAN,sp,Q5T4S7,UBR4,HUMAN,0644875|tr|A0A934UDF4|A0A934UDF4_9STRE,644875,tr,A0A934UDF4,A0A934UDF4,QLHNAA,1555,1560,QLHNAA,231,236,KKEISQLHNAAVNHIK,6,,,very_weak,,weak,very_weak,,weak,very_weak,,,very_weak,strong,weak,very_weak,,weak,very_weak,,,,,weak,very_weak,,weak,very_weak,,weak,very_weak,,,very_weak,,,,,,very_weak,,,,,,very_weak,,,,,,,strong,weak,very_weak,,weak,very_weak,,,,strong,weak,very_weak,,weak,very_weak,,,,,weak,very_weak,strong,weak,very_weak,,weak,very_weak,,,very_weak,strong,weak,very_weak,12.31,4.805,6.715,17.195,0.6950000000000001,5.7,20.31,2.7,2.7350000000000003,5.895,11.885,26.77,23.255000000000003,19.2,20.02,0.73,8.75,26.635,0.295,3.91,27.005,4.635,1.205,4.105,11.81,2213.18738053096,233.635765074208,361.603017273053,2455.83272270945,50.2189209226723,415.752301254455,2290.88453557585,77.165146444758,47.2935799740974,271.330045015124,2456.04530443418,1875.95589036169,2987.07027375005,1378.68941527273,3253.02514648228,11.5152076382561,401.821255488518,3258.55577330625,104.17219537091,196.860837933111,1652.24904895355,237.22227978334,68.9140145493652,190.027822677738,Ubiquitin protein ligase E3 component n-recognin 4,Q5T4S7,609890.0,gene,23352.0,UBR4,ENSG00000127481,bacteria
sp|Q5T4S7|UBR4_HUMAN,sp,Q5T4S7,UBR4,HUMAN,0644875|tr|A0A934P8M4|A0A934P8M4_9STRE,644875,tr,A0A934P8M4,A0A934P8M4,ISKEDS,3979,3984,ISKEDS,29,34,LRKSTISKEDSLDITQ,6,,,,,,,,,,,weak,very_weak,,,very_weak,,,,,,very_weak,,,very_weak,,,,,,,,,,,,,,,,,,,,,,,,,,,,,,very_weak,,,,,,,,,very_weak,,,very_weak,,,,,,,,,,,,,,,,,weak,very_weak,35.74,20.735,53.575,9.75,17.625,42.535,11.595,17.07,20.92,67.82000000000001,37.1,57.085,36.1,38.21,48.575,16.485,63.25,44.370000000000005,16.945,18.105,37.17,39.87,33.2,29.51,57.09,7415.60996015431,1097.23430761698,3922.09866751803,1351.4987164615,1218.5192590566,8433.68998019078,1434.02457937857,804.608483552401,868.751576481102,5589.91344945143,7342.3185834208,5869.57743228397,4669.95720877226,3644.20760970297,6441.12297213182,314.935414428033,5567.09808333614,6429.56456244319,2221.4882927421,1133.3850833233,2842.68577504864,2793.86749729094,1528.1892521863,1537.11084533309,Ubiquitin protein ligase E3 component n-recognin 4,Q5T4S7,609890.0,gene,23352.0,UBR4,ENSG00000127481,bacteria
sp|Q5T4S7|UBR4_HUMAN,sp,Q5T4S7,UBR4,HUMAN,0644875|tr|A0A934PAV6|A0A934PAV6_9STRE,644875,tr,A0A934PAV6,A0A934PAV6,TKKSKK,3367,3372,TKKSKK,41,46,KTHQETKKSKKTKKSA,6,,,,,,,,,,,,,,,,,,,,,,,,,,,,,,,,,,,,,,,,,,,,,,,,,,,,,,,,,,,,,,,,,,,,,,,,,,,,,,,,,,,,,95.0,66.32,55.35,95.0,69.8,77.13499999999999,52.84,88.465,55.67,95.0,48.615,65.255,95.0,84.0,66.765,75.03,95.0,83.65,80.745,88.015,80.81,36.705,88.92,95.0,45.120000000000005,40124.6955642011,7130.54148245771,7315.19953690444,36250.7182470266,10703.5179987661,20383.3247576665,10031.9281342743,12699.846260575,7915.30348985509,27972.3719539719,17942.5252272932,20319.4675078171,36796.0494992285,20994.3876546035,16497.1969933614,6612.14693690501,36335.9310103552,25542.1791383695,18241.2331266873,14767.813611055,18883.4568333516,5266.17107094394,13814.4295311713,34062.3057886193,Ubiquitin protein ligase E3 component n-recognin 4,Q5T4S7,609890.0,gene,23352.0,UBR4,ENSG00000127481,bacteria
sp|Q5T4S7|UBR4_HUMAN,sp,Q5T4S7,UBR4,HUMAN,0644875|tr|A0A934UDF4|A0A934UDF4_9STRE,644875,tr,A0A934UDF4,A0A934UDF4,LHNAAV,1556,1561,LHNAAV,232,237,KEISQLHNAAVNHIK,6,,,,,weak,very_weak,,,very_weak,,,,strong,weak,very_weak,,weak,very_weak,,,,,weak,very_weak,,weak,very_weak,,weak,very_weak,,,very_weak,,,,,,very_weak,,,,,,,,,,,,,strong,weak,very_weak,,weak,very_weak,,,,strong,weak,very_weak,,weak,very_weak,,,,,weak,very_weak,strong,weak,very_weak,,weak,very_weak,,,,strong,weak,very_weak,20.91,7.82,13.45,20.615,1.6749999999999998,5.7,20.31,2.7,5.65,5.895,12.635000000000002,32.47,29.385,26.345,32.855,1.835,9.9,36.07,0.865,7.1450000000000005,36.415000000000006,4.635,1.205,8.09,22.645,3608.85421704615,293.296564575234,429.436227518352,2627.62052369209,77.0750288520524,415.752301254455,2290.88453557585,77.165146444758,52.9572253345191,271.330045015124,2638.96017001774,2175.15612876181,3993.8705897808,1550.57421130074,4234.30876584332,14.7337843864152,526.187633102367,3772.26525000023,150.876310326356,243.420875329305,1988.54752106421,237.22227978334,68.9140145493652,238.651079766926,Ubiquitin protein ligase E3 component n-recognin 4,Q5T4S7,609890.0,gene,23352.0,UBR4,ENSG00000127481,bacteria
sp|Q5T4S7|UBR4_HUMAN,sp,Q5T4S7,UBR4,HUMAN,0644875|tr|A0A934UDI5|A0A934UDI5_9STRE,644875,tr,A0A934UDI5,A0A934UDI5,VAGLLS,5161,5166,VAGLLS,38,43,HALKTVAGLLSVDGGF,6,,,,,,very_weak,,,very_weak,,,,,,very_weak,,,,,,,,,,,,,,,very_weak,,,very_weak,,,,,,,,,,,,,,,,,,,,weak,very_weak,,,very_weak,,,,,,very_weak,,,very_weak,,,,,,,,,,,,,,,,,weak,very_weak,48.07,16.990000000000002,19.515,71.695,13.54,45.010000000000005,49.82,20.205,42.635,17.855,13.49,37.4,23.46,26.415,20.795,9.615,18.405,38.905,17.91,15.815,34.845,34.615,30.43,22.09,25.135,3948.71119661846,287.142181058099,345.306724184801,6454.30814671508,244.516343287084,5619.50653981072,4430.54458237173,171.383979386716,1005.4268910153,315.993522674002,1525.85964133934,1614.5890599249,1726.27920123334,908.020382105365,2137.8246643478,36.2388690010233,495.707873656715,2904.2106782836,780.209687962467,418.967493339679,1130.82501715584,632.938411324926,330.048252599413,495.311137256883,Ubiquitin protein ligase E3 component n-recognin 4,Q5T4S7,609890.0,gene,23352.0,UBR4,ENSG00000127481,bacteria
sp|Q5T4S7|UBR4_HUMAN,sp,Q5T4S7,UBR4,HUMAN,0644875|tr|A0A934PAM5|A0A934PAM5_9STRE,644875,tr,A0A934PAM5,A0A934PAM5,AFMAVC,4308,4313,AFMAVC,258,263,QWVNIAFMAVCRVING,6,,,,,,,,,very_weak,,,,,,,,,,,,,,,,,,,,,,,,,,,,,,,,,,,,,,,,,,,,,very_weak,,,,,,,,,,,,,,,,,,,,,,,,,,weak,very_weak,,weak,very_weak,29.32,27.905,10.6,51.25,31.315,38.945,48.675,40.765,43.760000000000005,20.33,44.885,28.21,43.24,43.75,43.335,18.84,36.88,33.765,29.595,39.235,45.85,42.955000000000005,44.52,40.835,5.6450000000000005,1345.18180244415,334.799481819738,122.913353571646,2719.86695570431,154.283587555653,1414.85220697979,1825.85295862797,184.084116449884,429.436227518352,422.728645098464,2734.2068067941,398.375412476908,3739.10674252763,511.104618448894,1079.93245080322,69.3463416498091,392.390665160067,682.09588936737,639.042053901044,502.898275324563,711.702165865275,257.983118804393,311.030935993371,416.378042010851,Ubiquitin protein ligase E3 component n-recognin 4,Q5T4S7,609890.0,gene,23352.0,UBR4,ENSG00000127481,bacteria
sp|Q5T4S7|UBR4_HUMAN,sp,Q5T4S7,UBR4,HUMAN,0644875|tr|A0A934UCN9|A0A934UCN9_9STRE,644875,tr,A0A934UCN9,A0A934UCN9,EKGKIT,1917,1922,EKGKIT,84,89,QIYFPEKGKITIDGKM,6,,,,,,,,,,,,,,,,,,,,,,,,,,,,,,very_weak,,,,,,,,,very_weak,,,,,,,,,,,,,,weak,very_weak,,,,,,,,,,,,,,,,,,very_weak,,,,,,,,,,,weak,very_weak,85.035,69.52000000000001,41.745,45.78,47.445,30.535,63.02,37.985,43.455,17.645,52.30500000000001,58.405,62.935,63.83,54.895,5.24,66.67,62.79,72.265,36.425,71.89500000000001,19.78,39.605,52.92,27.075000000000003,18798.8562638561,5178.42228041714,3889.55850226867,7309.34486708263,3356.09735861605,7272.42640743582,9313.27631952955,2730.06825046312,4136.49733047089,774.766983526122,13887.4130804203,9294.75352797948,8614.07835334126,9184.38784294902,8665.68003059939,64.1318099099877,6588.50890014019,12709.0560362633,10384.1135310034,2748.02753601651,8020.82628680246,1837.18804381471,1694.87192557167,6052.86947776962,Ubiquitin protein ligase E3 component n-recognin 4,Q5T4S7,609890.0,gene,23352.0,UBR4,ENSG00000127481,bacteria
sp|Q5T4S7|UBR4_HUMAN,sp,Q5T4S7,UBR4,HUMAN,0644875|tr|A0A934PBE5|A0A934PBE5_9STRE,644875,tr,A0A934PBE5,A0A934PBE5,NSLFLI,416,421,NSLFLI,36,41,LIGKDNSLFLIRYFIA,6,,,very_weak,,,,,,,,weak,very_weak,,,,,,,,,very_weak,,,,,,,,,,,,,,,,,,,,,,,,,,,,,,,,,,,,,,,,,,very_weak,,,,,,,,,,,,,,,,,,,,weak,very_weak,14.29,55.49,61.115,8.875,39.045,51.760000000000005,14.51,56.53,44.095,71.56,60.515,25.605,25.59,31.645,34.75,56.505,39.145,23.27,17.759999999999998,46.65,37.065,35.33,64.275,60.3,55.465,288.237865010559,694.600358160258,1675.59893114437,145.472474734185,264.646869447876,2137.24647282815,171.917001169352,644.26281297214,184.750564205795,3397.49232251457,4604.83038584444,246.642019851894,1993.13563796982,292.311294615612,684.513464915563,268.750138267908,431.994694936535,396.67217184219,278.046580962877,796.432143657803,405.472351008829,176.296598168214,1111.76584022954,1024.65672112619,Ubiquitin protein ligase E3 component n-recognin 4,Q5T4S7,609890.0,gene,23352.0,UBR4,ENSG00000127481,bacteria
sp|Q5T4S7|UBR4_HUMAN,sp,Q5T4S7,UBR4,HUMAN,0644875|tr|A0A934PAD8|A0A934PAD8_9STRE,644875,tr,A0A934PAD8,A0A934PAD8,VAASSG,3352,3357,VAASSG,272,277,ANLKVVAASSGRQIQG,6,,,,,weak,very_weak,strong,weak,very_weak,,,,,weak,very_weak,,,very_weak,,,very_weak,strong,weak,very_weak,,weak,very_weak,,weak,very_weak,,weak,very_weak,,,,,weak,very_weak,,,,,,,,,,,,,,weak,very_weak,,weak,very_weak,,,,,,very_weak,,weak,very_weak,,,,,weak,very_weak,strong,weak,very_weak,,weak,very_weak,,weak,very_weak,strong,weak,very_weak,58.91,7.465,2.0,26.44,7.74,10.445,17.939999999999998,0.95,7.395,3.735,8.875,45.705,29.645,41.94499999999999,33.275,6.7,5.35,45.835,12.17,2.495,38.325,7.37,0.675,7.939999999999999,5.859999999999999,9500.23823927602,288.499952355628,113.298777009041,2760.99189730537,198.782891881229,1101.99333127857,1862.36548659328,24.6272946771356,71.7117567853718,126.890216057241,1494.95745724245,3250.14027154475,4168.12584944851,3072.26068243918,4455.39772232908,30.4368038003575,230.315193311886,5239.34563193505,863.896151347634,146.599062363311,2800.1016217867,145.310445104795,29.591864169071,371.766974245738,Ubiquitin protein ligase E3 component n-recognin 4,Q5T4S7,609890.0,gene,23352.0,UBR4,ENSG00000127481,bacteria
sp|Q5T4S7|UBR4_HUMAN,sp,Q5T4S7,UBR4,HUMAN,0644875|tr|A0A934PA85|A0A934PA85_9STRE,644875,tr,A0A934PA85,A0A934PA85,SRLRIS,1043,1048,SRLRIS,61,66,KELIKSRLRISDDGPD,6,,,,,weak,very_weak,,weak,very_weak,,,,,,,,,,,,,,,,,,very_weak,,,,,,,,,very_weak,,,,,,,,,,,,very_weak,,,,,,,,,very_weak,,,,,,,,,,,,,,weak,very_weak,,,,,,,,weak,very_weak,,weak,very_weak,45.195,5.32,9.965,46.72,29.485,28.43,22.4,36.84,12.52,49.760000000000005,25.42,19.585,50.545,25.285,16.125,39.635,10.82,32.63,22.955,38.65,34.595,6.28,28.69,22.285,6.42,6040.11225284256,156.397941723389,464.39873494675,7359.49817855755,776.722641632792,3384.54075163627,2224.90402958579,840.432155727561,787.196745599561,2172.14577131055,4860.33492350497,1752.38089388745,4344.19873267913,1632.52429781658,2046.38924402012,333.931220156352,670.178992291707,4215.47529028288,1699.4442785261,1520.99711407026,2221.5844388658,301.276405125356,703.837570088069,1514.93664211198,Ubiquitin protein ligase E3 component n-recognin 4,Q5T4S7,609890.0,gene,23352.0,UBR4,ENSG00000127481,bacteria
sp|Q5T4S7|UBR4_HUMAN,sp,Q5T4S7,UBR4,HUMAN,0644875|tr|A0A934P982|A0A934P982_9STRE,644875,tr,A0A934P982,A0A934P982,DEEEDE,4464,4469,DEEEDE,72,77,FEGFKDEEEDEYLTEY,6,,,very_weak,,,,,,,,,,,,,,,,,,,,,,,,,,,,,,,,,,,,,,,,,,,,,,,weak,very_weak,,,,,,,,,,,,,,,,,,,,,,,,,,,,,,,,weak,very_weak,14.36,53.7,95.0,21.85,81.995,75.965,36.81,80.315,84.97,95.0,79.495,68.345,31.685,61.855,53.690000000000005,72.535,86.33500000000001,49.11,63.72,57.285,41.64,75.11,58.92,45.705,80.7,1119.07940104978,10536.4483194444,30848.6509938677,4308.66934006526,16053.2902124966,25747.7855470971,7254.66508655959,17374.5484997835,19298.4189625752,22083.8910443933,22110.9080939599,8579.56956415162,2598.47179588084,8313.01577051228,11765.4796890955,11831.7341784477,11450.7522842272,9109.56824466866,17603.5104090173,9795.10479107056,4587.97124395741,7713.99447947514,11801.0500174607,4285.23738845099,Ubiquitin protein ligase E3 component n-recognin 4,Q5T4S7,609890.0,gene,23352.0,UBR4,ENSG00000127481,bacteria
sp|Q5T4S7|UBR4_HUMAN,sp,Q5T4S7,UBR4,HUMAN,0644875|tr|A0A934UCV7|A0A934UCV7_9STRE,644875,tr,A0A934UCV7,A0A934UCV7,RALATNP,3888,3894,RALATNP,164,170,RLEIVRALATNPKILFL,7,,,,,weak,very_weak,,,very_weak,,weak,very_weak,,,very_weak,,,very_weak,strong,weak,very_weak,,,very_weak,,weak,very_weak,,,very_weak,,weak,very_weak,,,,strong,weak,very_weak,,,,,,,,,very_weak,,,,,weak,very_weak,,,,,,,,weak,very_weak,,weak,very_weak,,,,,,very_weak,,,very_weak,,,very_weak,,,very_weak,strong,weak,very_weak,40.68,8.26,12.78,8.235,11.42,14.645,1.4899999999999998,12.745,4.78,18.48,9.64,38.4,37.065,31.89,15.115,7.23,33.64,41.13,4.87,8.935,32.92,18.12,12.175,13.56,13.205,3646.21907005891,106.561630716426,122.929313350517,521.878516902807,85.2942097975603,354.732330262175,64.3354428630431,54.0641840690035,39.8524555967528,427.600187416927,411.398367467755,881.019398293814,2950.10127621722,483.252199856676,701.108956338626,13.2435971200937,526.016863813368,1377.92885233104,199.43780756156,100.333599009625,664.518104583685,105.212047228242,73.3756866376811,158.748968790277,Ubiquitin protein ligase E3 component n-recognin 4,Q5T4S7,609890.0,gene,23352.0,UBR4,ENSG00000127481,bacteria
sp|Q5T4S7|UBR4_HUMAN,sp,Q5T4S7,UBR4,HUMAN,0644875|tr|A0A934UE33|A0A934UE33_9STRE,644875,tr,A0A934UE33,A0A934UE33,DKGNLL,4581,4586,DKGNLL,1142,1147,IKLKDDKGNLLVLERK,6,,,,,,,,,,strong,weak,very_weak,,,,,,very_weak,,weak,very_weak,,,,,,very_weak,,,,,,,,,,,,,,,,,,,,,,,,,,,,,,,,,,,,,,,,,,,,,,,,,,,,,,,strong,weak,very_weak,53.975,48.67,62.260000000000005,0.77,30.755000000000003,12.29,2.28,36.595,14.665,70.23,37.81,47.445,27.91,42.56,38.225,30.535,37.96,46.72,40.015,20.095,36.785,52.94,61.25,52.305,58.875,5233.50996279874,1749.52021510899,4031.55598066921,35.3642425694742,1399.11154930044,1096.86634254062,88.9780993986531,1467.67936056786,120.2001730794,4920.39001248217,6969.89892142284,2484.32199172933,2391.8205671157,1890.74985060752,3332.86568785464,508.946940618094,1993.28660068644,4074.26704766768,3112.14078585995,628.706703863908,1600.39669542754,2662.96754400136,2583.08247396381,2376.98635281577,Ubiquitin protein ligase E3 component n-recognin 4,Q5T4S7,609890.0,gene,23352.0,UBR4,ENSG00000127481,bacteria
sp|Q5T4S7|UBR4_HUMAN,sp,Q5T4S7,UBR4,HUMAN,0644875|tr|A0A934P9M7|A0A934P9M7_9STRE,644875,tr,A0A934P9M7,A0A934P9M7,DLLNSV,5177,5182,DLLNSV,6,11,MNEFEDLLNSVSEVNA,6,,,,,,,,,,,,,,,,,,very_weak,,,,,,,,,,,,,,,,,,,,,,,,very_weak,,,,,,,,,very_weak,,weak,very_weak,,,,,,,,,,,weak,very_weak,,,,,,,,,very_weak,,weak,very_weak,,,,,weak,very_weak,22.105,46.115,26.47,28.875,49.655,11.31,56.145,22.385,25.97,28.125,34.76,47.675,10.675,29.775,51.86,9.365,36.485,45.12,53.48,2.76,47.025,36.855,14.76,4.03,20.1,878.040792783989,1733.84161268076,1412.26745343165,1829.90729479457,2718.10182726982,842.389488731558,5554.10256532148,609.523200730688,288.325200993467,1487.71244631833,5229.7174346454,2050.75576712796,884.237692550084,1428.00160620369,4267.28535324779,111.770711257338,1192.87303848663,3392.75357567895,4605.4781335681,182.418626976101,1412.55781126967,1610.62835033261,355.323894246043,204.414521661015,Ubiquitin protein ligase E3 component n-recognin 4,Q5T4S7,609890.0,gene,23352.0,UBR4,ENSG00000127481,bacteria
sp|Q5T4S7|UBR4_HUMAN,sp,Q5T4S7,UBR4,HUMAN,0644875|tr|A0A934PAE4|A0A934PAE4_9STRE,644875,tr,A0A934PAE4,A0A934PAE4,IAAGIK,4665,4670,IAAGIK,206,211,ITGAIIAAGIKAESYE,6,,,,,,very_weak,,weak,very_weak,,,,,,,,,,,,very_weak,,,very_weak,,,,,weak,very_weak,,,very_weak,,,,,,very_weak,strong,weak,very_weak,,,,,,,,weak,very_weak,,weak,very_weak,strong,weak,very_weak,,,,,,very_weak,,,very_weak,,,,,weak,very_weak,,weak,very_weak,,,very_weak,,,very_weak,strong,weak,very_weak,26.81,15.38,7.26,43.415,20.44,25.495,19.53,16.235,20.835,4.645,18.76,45.43,1.375,35.870000000000005,40.92,7.305000000000001,1.885,45.43,19.22,18.46,39.120000000000005,6.405,5.635,12.11,10.345,3151.75413399659,601.751612496037,341.446610312592,4870.1260932654,604.858756715622,3547.10856969326,2525.7903982293,390.806026600098,895.008523211238,32.8493502159115,2473.64682767596,3653.09005888668,397.703567587641,2929.42642593366,4824.18448968078,38.8653760436185,37.4656581186528,5550.9785480015,1406.44237897608,780.657226149669,2358.97485898315,145.896492089749,175.727180189555,625.328185551381,Ubiquitin protein ligase E3 component n-recognin 4,Q5T4S7,609890.0,gene,23352.0,UBR4,ENSG00000127481,bacteria
sp|Q5T4S7|UBR4_HUMAN,sp,Q5T4S7,UBR4,HUMAN,0644875|tr|A0A934P9W7|A0A934P9W7_9STRE,644875,tr,A0A934P9W7,A0A934P9W7,LLTLLS,534,539,LLTLLS,75,80,QVGITLLTLLSGAKLA,6,,,,,weak,very_weak,,,,,,,,weak,very_weak,,,,,,,,,,,,,,,,,,,,,,,weak,very_weak,,,,,,,,,,,,,strong,weak,very_weak,,,,,,,,weak,very_weak,,,,,,,,,,,,,,,,,,,strong,weak,very_weak,37.36,6.035,32.895,49.235,6.33,36.44,43.97,23.95,34.7,56.09,42.43,41.83,61.71,25.3,34.57,1.09,37.115,35.29,3.635,36.385,42.405,46.9,34.515,31.25,27.51,2808.0809432915,146.627616192062,381.415174868249,3805.1002028582,34.5693986473402,2111.91455882001,2221.34408135842,125.851072126104,279.615359247753,926.168515327076,2020.5158225574,799.099320511701,4381.49046451349,355.081771653812,994.660843344061,5.04245096595953,457.080759192438,1092.48401558298,75.4389505951295,370.89512948192,731.944274141674,444.704632114835,176.615436984316,258.637115272666,Ubiquitin protein ligase E3 component n-recognin 4,Q5T4S7,609890.0,gene,23352.0,UBR4,ENSG00000127481,bacteria
sp|Q5T4S7|UBR4_HUMAN,sp,Q5T4S7,UBR4,HUMAN,0644875|tr|A0A934PA09|A0A934PA09_9STRE,644875,tr,A0A934PA09,A0A934PA09,ENEEDR,3727,3732,ENEEDR,121,126,NFKLYENEEDRKNKVT,6,,,very_weak,,,,,,,,,,,,,,,,,,very_weak,,,,,,,,,,,,,,,,,,,,,,,,,,,,,,,,,,,,,,,,,,,,weak,very_weak,,,,,,,,,,,weak,very_weak,,,,,weak,very_weak,11.725,33.565,47.135000000000005,25.98,22.305,29.805,13.33,45.98,43.99,95.0,63.855,54.035,34.22,51.19,37.0,41.63,78.77,45.120000000000005,58.08,8.525,44.53,30.185,49.22,3.915,43.945,1167.9055878866,3220.49090749101,5756.93042685577,4152.50611510359,1450.04819637585,7733.63340817441,2174.75607553528,5191.8306314979,4275.83555774853,22366.199098985,19248.9956638136,7754.58077583879,4557.79004515318,6213.38289435736,7780.04505592708,2145.19292388898,12712.769326176,7512.76388815027,10534.282503412,624.631684757418,3975.20321199883,3754.99929359041,4479.37237820339,211.304812867804,Ubiquitin protein ligase E3 component n-recognin 4,Q5T4S7,609890.0,gene,23352.0,UBR4,ENSG00000127481,bacteria
sp|Q5T4S7|UBR4_HUMAN,sp,Q5T4S7,UBR4,HUMAN,0644875|tr|A0A934P8M1|A0A934P8M1_9STRE,644875,tr,A0A934P8M1,A0A934P8M1,EKKLKE,3483,3488,EKKLKE,45,50,YRLEREKKLKETK,6,,,,,,,,,,,,,,,,,,,,,very_weak,,,,,,,,,,,,,,,,,,,,,,,,,,,,,,,,,,,,,,,,,,,,,,,,,,,,,,,,,,,,,,,very_weak,95.0,49.095,45.715,56.545,68.42,64.245,18.295,93.41,45.510000000000005,95.0,77.445,64.27,95.0,57.25,38.255,74.69,95.0,57.645,51.13,69.34,65.015,71.695,87.005,61.945,27.13,27996.2919096037,5654.08713312141,8758.52824139298,12738.9305832107,11975.726038196,21744.8326016211,3728.96598592301,16486.6690892386,8841.84166290141,24015.2943663602,22362.0855229541,13949.3069354339,25216.5093383666,10749.8259516329,9779.11474660801,4761.69582232555,27252.9911215033,15430.3303735814,12436.7228603727,10801.5921596576,8401.08543275589,13953.6845460268,13495.1737727717,9829.60920183935,Ubiquitin protein ligase E3 component n-recognin 4,Q5T4S7,609890.0,gene,23352.0,UBR4,ENSG00000127481,bacteria
sp|Q5T4S7|UBR4_HUMAN,sp,Q5T4S7,UBR4,HUMAN,0644875|tr|A0A934UCW1|A0A934UCW1_9STRE,644875,tr,A0A934UCW1,A0A934UCW1,AAALLS,3086,3091,AAALLS,72,77,IIILVAAALLSVITSG,6,,,,,,,,,,,,,,,,,,,,,,,,,,,,,,very_weak,,,,,,,,,,,,,,,,,,,,,,,,,,,,,,,,,,,,,,,,,,,,,,,,,,,,,,very_weak,61.1,47.9,64.71,53.02,51.255,47.625,55.015,52.63,54.24,19.745,49.95,22.875,61.095,36.49,62.64,32.455,27.195,28.78,47.345,72.445,54.82000000000001,55.845,52.375,67.565,64.28,4400.44664825987,1251.75327441786,2286.08092744161,5227.62423148533,1141.97704337684,4681.33983622922,5631.00984057361,907.244571961545,835.771177595238,381.865264435235,3902.79540156038,531.440063327514,5599.29596654443,703.137304960702,4727.25075958578,211.094580567079,512.549998425616,1205.26276288661,1940.02901568498,3120.84047251999,1726.42863136617,1777.83821190998,1016.7494135607,2452.51352208342,Ubiquitin protein ligase E3 component n-recognin 4,Q5T4S7,609890.0,gene,23352.0,UBR4,ENSG00000127481,bacteria
sp|Q5T4S7|UBR4_HUMAN,sp,Q5T4S7,UBR4,HUMAN,0644875|tr|A0A934UDM9|A0A934UDM9_9STRE,644875,tr,A0A934UDM9,A0A934UDM9,FADKET,3402,3407,FADKET,33,38,KPKMIFADKETMPTIS,6,,,,,,very_weak,,weak,very_weak,,weak,very_weak,,,,,,,,weak,very_weak,,,,,,very_weak,,,,,,,,,,,,,,,,,,,,,,,,,,,,,,,,,,,,very_weak,,,very_weak,,,,,,very_weak,,,,,,,,weak,very_weak,,weak,very_weak,43.275,16.055,6.1,3.575,30.705,23.54,2.09,31.195,13.945,53.955,33.645,27.72,26.91,25.52,20.27,34.82,56.725,29.06,16.535,17.615000000000002,24.04,10.235,23.11,34.52,9.88,4888.33938679035,791.509751573689,575.983349509679,284.704417980094,1980.73122885121,4468.86763296331,194.729686877701,1435.60806745667,842.817977644336,3395.06702107695,8299.3553684811,3335.42699314488,2520.13973060981,2662.10330272029,3897.47837671505,465.273854751167,4279.21413411493,5154.88755356725,2270.84575885759,785.019335227231,2120.82211514219,1145.28084878602,1090.05171765859,1502.74170541862,Ubiquitin protein ligase E3 component n-recognin 4,Q5T4S7,609890.0,gene,23352.0,UBR4,ENSG00000127481,bacteria
sp|Q5T4S7|UBR4_HUMAN,sp,Q5T4S7,UBR4,HUMAN,0644875|tr|A0A934UCX1|A0A934UCX1_9STRE,644875,tr,A0A934UCX1,A0A934UCX1,KKLLEE,3241,3246,KKLLEE,371,376,NVATSKKLLEEIVKRI,6,,,,,,,,,,,,,,,,,,,,,very_weak,,,,,,,,,,,,,,,very_weak,,,,,,,,,very_weak,,,very_weak,,,,,,,,,,,,,,,,,,,,,very_weak,,,,,,,,,,,,,,,very_weak,55.975,43.25,47.85,38.21,47.355,66.445,14.16,43.72,43.215,76.525,31.805,18.56,57.515,14.15,12.98,40.355,59.155,30.55,24.425,60.66,13.835,53.005,51.49,57.56,35.365,5987.08397087854,641.03647617423,2362.62755668131,2357.92862407785,1361.08129301189,7362.28569117913,828.630866575919,885.376929245171,717.438904162718,5764.34755739498,2421.29569621268,543.012641811292,4438.0291487094,262.945761625592,561.601728952594,278.076666614035,3458.12987637416,901.783642260913,968.818509378565,2126.658625053,298.211641962007,2268.88100549777,1178.92571926313,1620.55716095782,Ubiquitin protein ligase E3 component n-recognin 4,Q5T4S7,609890.0,gene,23352.0,UBR4,ENSG00000127481,bacteria
sp|Q5T4S7|UBR4_HUMAN,sp,Q5T4S7,UBR4,HUMAN,0644875|tr|A0A934UD75|A0A934UD75_9STRE,644875,tr,A0A934UD75,A0A934UD75,TRAEKK,4788,4793,TRAEKK,881,886,LYVAMTRAEKKLYLIG,6,,,,,,,,weak,very_weak,,,,,,,,,,,weak,very_weak,,,,,weak,very_weak,,,,,,,,,,,weak,very_weak,,,,,,,,weak,very_weak,,,,,,,,,,,,,,weak,very_weak,,,,,,,,,,,,,,,,,weak,very_weak,,weak,very_weak,69.455,27.075,8.924999999999999,40.06,31.135,31.025,5.859999999999999,24.255000000000003,9.905,58.875,21.355,38.875,69.82499999999999,31.105,8.035,32.245000000000005,58.09,33.92,7.165,34.155,24.76,39.235,33.15,47.065,3.96,7520.65281185037,127.672438054739,103.943641091182,2388.56203878602,208.491025361622,1094.81512473679,146.465884666987,112.945054577385,218.073145362698,1422.95816740681,591.840040592264,994.295002306642,4803.14308212523,519.371815000528,321.807339492369,63.2449599992927,1317.05495069577,1322.40964742622,247.390364200035,273.958430288712,529.368338996801,184.556766786736,188.172097754446,429.417642301455,Ubiquitin protein ligase E3 component n-recognin 4,Q5T4S7,609890.0,gene,23352.0,UBR4,ENSG00000127481,bacteria
sp|Q5T4S7|UBR4_HUMAN,sp,Q5T4S7,UBR4,HUMAN,0644875|tr|A0A934P9X5|A0A934P9X5_9STRE,644875,tr,A0A934P9X5,A0A934P9X5,MKQNAL,790,795,MKQNAL,63,68,HMLYMMKQNALYEQEF,6,,,,,weak,very_weak,strong,weak,very_weak,,,very_weak,,weak,very_weak,,weak,very_weak,,,very_weak,,,very_weak,,weak,very_weak,,,,,,,,,very_weak,,weak,very_weak,,,,,,very_weak,,,very_weak,,,,,weak,very_weak,,,,,,,strong,weak,very_weak,,weak,very_weak,,,very_weak,,,very_weak,,,very_weak,,weak,very_weak,,weak,very_weak,strong,weak,very_weak,22.36,8.655,1.535,13.555,6.24,9.93,19.33,12.68,3.635,71.395,31.78,17.265,22.185,18.915,11.92,6.3,29.595,24.65,1.715,9.49,18.985,10.065,12.165,8.335,2.995,1062.62744690249,58.7206680782542,123.744677014627,1444.92689308098,59.0353685985368,664.043738032893,1062.63894435806,190.662145171973,111.503767654927,3846.78541436858,3370.10672545854,732.189819036509,1580.3502369915,416.824287659601,1055.31736975675,14.9797213310837,819.775678962581,1246.88702843431,106.154258853452,155.372466267773,499.973978074436,261.071915557405,178.066032192603,114.17249471002,Ubiquitin protein ligase E3 component n-recognin 4,Q5T4S7,609890.0,gene,23352.0,UBR4,ENSG00000127481,bacteria
sp|Q5T4S7|UBR4_HUMAN,sp,Q5T4S7,UBR4,HUMAN,0644875|tr|A0A934PBF0|A0A934PBF0_9STRE,644875,tr,A0A934PBF0,A0A934PBF0,LLLTLL,533,538,LLLTLL,260,265,GLATILLLTLLNRIES,6,,,,,,,,,,,,,,,,,,,,,,,,very_weak,,,,,,,,,,,weak,very_weak,,,,,,,,weak,very_weak,,,,,,,,,,,,,,weak,very_weak,,,very_weak,,,,,weak,very_weak,,,,,,,,,very_weak,,,very_weak,,weak,very_weak,23.215,24.745,31.345,38.215,29.380000000000003,50.315,32.47,19.24,31.3,88.58500000000001,35.285000000000004,8.959999999999999,60.725,4.575,20.43,45.1,59.855,4.055,16.335,38.485,7.245,53.74,49.36,11.18,16.245,1085.6378838818,212.660328458052,413.34369257861,2531.94679963773,212.117999887465,2971.01847796253,1840.33144874731,164.021886364368,184.816541668515,7443.58446201306,2931.99490657886,120.009145769144,5511.06249594918,73.1735189521179,786.626293677024,134.803161640349,1890.79076603857,105.451376937197,271.891349412352,658.71257297061,183.077064223867,1494.925107376,896.889152269774,87.7533579891281,Ubiquitin protein ligase E3 component n-recognin 4,Q5T4S7,609890.0,gene,23352.0,UBR4,ENSG00000127481,bacteria
sp|Q5T4S7|UBR4_HUMAN,sp,Q5T4S7,UBR4,HUMAN,0644875|tr|A0A934UDY1|A0A934UDY1_9STRE,644875,tr,A0A934UDY1,A0A934UDY1,FKSRLV,4258,4263,FKSRLV,43,48,FRYENFKSRLVEELVD,6,,,very_weak,,,,,,very_weak,,,,,weak,very_weak,,,,,,,strong,weak,very_weak,,,very_weak,,,,,,,strong,weak,very_weak,,weak,very_weak,,,very_weak,,weak,very_weak,,weak,very_weak,,,,,weak,very_weak,,,very_weak,,weak,very_weak,,,,,,very_weak,,weak,very_weak,strong,weak,very_weak,,weak,very_weak,,,very_weak,,,very_weak,strong,weak,very_weak,15.23,46.845,10.985,20.195,2.38,20.165,55.38,1.54,13.885,48.18000000000001,22.155,1.915,10.38,2.91,7.56,4.565,16.105,4.455,22.88,14.235,3.405,0.41,4.275,10.4,12.235,1314.4355143691,875.924800460168,405.88055859893,1837.38683424187,57.8829632002556,2055.68758428934,4241.78308281944,31.44879656046,568.012189425191,2265.29971164806,1852.91884705387,71.0452670100723,1003.31867616769,101.226645983551,442.755404719876,20.8661624121222,658.099925386018,165.845674750587,1333.57396593161,316.650649126172,142.736201339276,116.074499000541,70.2069943460849,175.563741936046,Ubiquitin protein ligase E3 component n-recognin 4,Q5T4S7,609890.0,gene,23352.0,UBR4,ENSG00000127481,bacteria
sp|Q5T4S7|UBR4_HUMAN,sp,Q5T4S7,UBR4,HUMAN,0644875|tr|A0A934P9X0|A0A934P9X0_9STRE,644875,tr,A0A934P9X0,A0A934P9X0,SRLLLI,758,763,SRLLLI,64,69,NNAKESRLLLIYKVVG,6,,,,,,,,,,,,,,,,,,,,,,,,,,,,,,,,,,,,very_weak,,,,,,,,,,,,very_weak,,,,,,,,,,,,,,,very_weak,,,,,,,,,,,,,,,,,weak,very_weak,,weak,very_weak,37.57,39.08,20.18,60.2,34.65,61.115,52.6,35.745,47.31,71.82499999999999,30.755,18.630000000000003,67.985,27.59,16.680000000000003,31.835,29.415000000000003,28.54,14.27,58.2,28.28,42.48500000000001,42.97,49.370000000000005,9.88,2199.69904962973,216.833225623161,369.825203850736,3974.04208953925,203.276454117787,4915.5477815635,2515.97127681628,214.293329268699,640.821500180253,2815.44321852277,1416.78237916032,177.490899143114,5908.50907544963,145.817585050746,347.048408009049,58.1428250396811,399.653316483588,361.282337464293,176.525645643148,1306.73566321428,217.818467858679,289.650956330014,326.648391143188,644.025850013916,Ubiquitin protein ligase E3 component n-recognin 4,Q5T4S7,609890.0,gene,23352.0,UBR4,ENSG00000127481,bacteria
sp|Q5T4S7|UBR4_HUMAN,sp,Q5T4S7,UBR4,HUMAN,0644875|tr|A0A934P9K6|A0A934P9K6_9STRE,644875,tr,A0A934P9K6,A0A934P9K6,NIVHYD,4884,4889,NIVHYD,40,45,NSNNPNIVHYDLEGEN,6,,weak,very_weak,,,,,,,,,,,,,,,,,,,,,,,,,,,,,,,,,,,,,,,very_weak,,,,,,,,,very_weak,,,,,,,,,,,,,,,,,,,,,very_weak,,,,,,,,,,,weak,very_weak,2.665,36.65,59.29,31.79,24.32,66.595,39.43,66.03,68.815,51.75,70.36500000000001,42.865,11.955,37.305,45.71,71.41,24.99,31.78,40.03,56.21,31.1,17.235,55.23,36.355,63.415,540.527230001107,3843.37397598977,9368.76235562329,5657.881315687,2352.8316878542,14786.8402091221,6998.00900150267,9337.28991024637,7834.10616929802,5488.68773337966,20888.5740019015,5745.72936981494,1501.92895867836,4493.4495384938,9944.6074493223,7041.30099739868,1978.71773211013,6420.45781122415,7933.22288530719,6646.3606668293,3050.66370092986,2538.33791127472,6871.35893975213,3330.12618840615,Ubiquitin protein ligase E3 component n-recognin 4,Q5T4S7,609890.0,gene,23352.0,UBR4,ENSG00000127481,bacteria
sp|Q5T4S7|UBR4_HUMAN,sp,Q5T4S7,UBR4,HUMAN,0644875|tr|A0A934UE33|A0A934UE33_9STRE,644875,tr,A0A934UE33,A0A934UE33,ELASTT,1073,1078,ELASTT,367,372,GVRYNELASTTNNNNA,6,,,,,,,,,,,,,,,,,weak,very_weak,,,,,,,,,,,,,,,very_weak,,,,,,,,,,,,,,,,,,,,weak,very_weak,,,,,,,,,,,weak,very_weak,,,,,,very_weak,,,,,weak,very_weak,,,,,weak,very_weak,49.015,36.22,21.925,41.845,48.4,4.945,44.285,26.62,21.785,23.105,10.125,38.95,30.055,35.575,39.965,5.655,22.46,36.52,58.855,7.314999999999999,45.44499999999999,15.265,24.865,9.105,25.835,7201.71888999827,1839.57494910266,1762.49689873423,6136.74954197737,3947.68594942782,568.184296940854,5265.54434140324,1662.45242002622,352.459794472302,1049.54414104553,3419.84214280757,2996.19827378164,3514.71208743565,3030.6610032334,7137.41121769993,83.4330942180378,1417.45702767129,5643.26934845644,8386.10066213162,419.076302715859,3168.16532767335,1190.487701566,1281.58788648909,480.73853554173,Ubiquitin protein ligase E3 component n-recognin 4,Q5T4S7,609890.0,gene,23352.0,UBR4,ENSG00000127481,bacteria
sp|Q5T4S7|UBR4_HUMAN,sp,Q5T4S7,UBR4,HUMAN,0644875|tr|A0A934P8T9|A0A934P8T9_9STRE,644875,tr,A0A934P8T9,A0A934P8T9,KSLLAS,2526,2531,KSLLAS,82,87,QQKTMKSLLASPVKRL,6,,,,,,very_weak,,,very_weak,,,,,weak,very_weak,,weak,very_weak,,,,,weak,very_weak,,,very_weak,,,very_weak,,weak,very_weak,,weak,very_weak,,weak,very_weak,,,,,weak,very_weak,,weak,very_weak,,,very_weak,strong,weak,very_weak,,,very_weak,,weak,very_weak,strong,weak,very_weak,,,very_weak,,weak,very_weak,,,very_weak,,weak,very_weak,,,very_weak,,,very_weak,strong,weak,very_weak,20.065,10.85,14.485,20.3,3.325,7.555,23.21,2.58,11.735,16.939999999999998,3.055,9.955,21.605,5.595000000000001,7.35,0.315,12.62,9.845,0.54,13.35,7.59,14.865,4.325,11.385000000000002,13.5,2695.90077306818,96.0672430228812,170.249190249211,1320.16517018626,35.4339504353121,384.306605146008,672.336059142677,17.2011138709136,64.0867227887341,401.239096948018,223.118617479682,206.517553033332,2644.70556097296,166.152803481581,494.021262942768,3.93999589804918,230.739216243856,469.338975163526,51.3024900020267,144.150082839312,249.497829838854,155.142326776701,26.8557113758829,109.421820605211,Ubiquitin protein ligase E3 component n-recognin 4,Q5T4S7,609890.0,gene,23352.0,UBR4,ENSG00000127481,bacteria
sp|Q5T4S7|UBR4_HUMAN,sp,Q5T4S7,UBR4,HUMAN,0644875|tr|A0A934UDF4|A0A934UDF4_9STRE,644875,tr,A0A934UDF4,A0A934UDF4,QLHNAAV,1555,1561,QLHNAAV,231,237,KKEISQLHNAAVNHIK,7,,,very_weak,,weak,very_weak,,weak,very_weak,,,very_weak,strong,weak,very_weak,,weak,very_weak,,,,,weak,very_weak,,weak,very_weak,,weak,very_weak,,,very_weak,,,,,,very_weak,,,,,,very_weak,,,,,,,strong,weak,very_weak,,weak,very_weak,,,,strong,weak,very_weak,,weak,very_weak,,,,,weak,very_weak,strong,weak,very_weak,,weak,very_weak,,,very_weak,strong,weak,very_weak,12.31,4.805,6.715,17.195,0.6950000000000001,5.7,20.31,2.7,2.7350000000000003,5.895,11.885,26.77,23.255000000000003,19.2,20.02,0.73,8.75,26.635,0.295,3.91,27.005,4.635,1.205,4.105,11.81,2213.18738053096,233.635765074208,361.603017273053,2455.83272270945,50.2189209226723,415.752301254455,2290.88453557585,77.165146444758,47.2935799740974,271.330045015124,2456.04530443418,1875.95589036169,2987.07027375005,1378.68941527273,3253.02514648228,11.5152076382561,401.821255488518,3258.55577330625,104.17219537091,196.860837933111,1652.24904895355,237.22227978334,68.9140145493652,190.027822677738,Ubiquitin protein ligase E3 component n-recognin 4,Q5T4S7,609890.0,gene,23352.0,UBR4,ENSG00000127481,bacteria
sp|Q5T4S7|UBR4_HUMAN,sp,Q5T4S7,UBR4,HUMAN,0644875|tr|A0A934PBB0|A0A934PBB0_9STRE,644875,tr,A0A934PBB0,A0A934PBB0,KGHAAD,3146,3151,KGHAAD,81,86,PTRTYKGHAADDKKTR,6,,,,,,,,,,,,,,,,,,,,,,,,,,,,,,,,,,,,,,weak,very_weak,,,,,,,,,,,,,,,,,,,,,,,,,,,,,,,strong,weak,very_weak,,,,,,,,,,strong,weak,very_weak,47.24,42.475,40.17,45.940000000000005,22.5,31.91,31.72,41.285,38.495000000000005,21.895,33.87,50.815,44.65,54.275,39.77,37.705,55.72,50.125,72.85,40.605,51.955,0.3349999999999999,29.78,50.165,33.36,13657.9318059627,4835.62910034972,6189.83081873527,11032.6276425473,1642.2859835861,9752.59300511127,5302.76405584963,4707.29421097241,6235.74253529321,1562.1259611933,12168.3819469332,14182.6097003151,7647.01520818795,14900.5483335769,12975.4138959844,1551.63151437135,7575.53393429968,18007.8730121364,16328.1409577981,4704.59559518145,11706.053927276,341.953115215273,2298.13374495534,7033.76268923225,Ubiquitin protein ligase E3 component n-recognin 4,Q5T4S7,609890.0,gene,23352.0,UBR4,ENSG00000127481,bacteria
sp|Q5T4S7|UBR4_HUMAN,sp,Q5T4S7,UBR4,HUMAN,0644875|tr|A0A934UD73|A0A934UD73_9STRE,644875,tr,A0A934UD73,A0A934UD73,GLSGQA,2842,2847,GLSGQA,80,85,GFFNIGLSGQAMAGWF,6,,,,,,,,,,,,,,,,,,very_weak,,,,,,,,,,,,very_weak,,,,,,,,,,,,,,,,,,,,,,,weak,very_weak,,,,,,,,,,,,very_weak,,,,,,,,weak,very_weak,,,,,,,,weak,very_weak,52.05,30.86,22.03,57.395,42.12,19.675,43.895,24.045,46.915,11.155,52.405,69.07,36.76,60.75,64.655,8.485,23.355,66.48,41.68,13.385,68.24,30.15,9.02,23.64,23.525,3159.77813179435,390.024548593654,300.049984692446,4719.02313124278,405.893733425714,975.360552054218,2488.9226945324,172.237236916377,607.147083211091,71.4561646043753,4145.36851434801,3242.6936663034,1949.72989440388,2000.8060360418,4905.98377314134,12.7237483993729,227.959957175703,4450.0500221303,1165.31798037357,145.395370158992,2700.86407459274,190.381794078686,51.6477974854305,298.056806147731,Ubiquitin protein ligase E3 component n-recognin 4,Q5T4S7,609890.0,gene,23352.0,UBR4,ENSG00000127481,bacteria
sp|Q5T4S7|UBR4_HUMAN,sp,Q5T4S7,UBR4,HUMAN,0644875|tr|A0A934P9M8|A0A934P9M8_9STRE,644875,tr,A0A934P9M8,A0A934P9M8,LDESIL,1372,1377,LDESIL,284,289,WKPGVLDESILPDGYQ,6,,,,,,,,,,,,very_weak,,,,,,,,,very_weak,,,,,,,,,,,,,,,,,,,,weak,very_weak,,,,,,,,weak,very_weak,,,,,,,,,,,,,,,,,,very_weak,,,,,,,,,very_weak,,,,,weak,very_weak,23.835,26.435,62.84,16.015,70.66,59.85,18.095,69.41499999999999,60.29,33.91,47.88,42.760000000000005,3.655,22.415,39.73,72.89,39.75,27.08,46.935,32.11,17.095,52.675,62.875,16.419999999999998,65.62,2946.33718547595,2301.21911113812,8586.99910236278,1505.72011086494,9992.82045114333,13549.8939441054,2315.35500422597,8851.89238148803,5232.94373925688,2208.06882254919,15182.743832013,4629.20843085888,1053.45782711207,2438.06776766644,8415.4595810514,4279.02893752989,3608.46376814449,5259.90713090419,7956.08807280468,2746.36298962316,1453.20515716925,5199.92605810267,6101.39509922375,1195.4442232862,Ubiquitin protein ligase E3 component n-recognin 4,Q5T4S7,609890.0,gene,23352.0,UBR4,ENSG00000127481,bacteria
sp|Q5T4S7|UBR4_HUMAN,sp,Q5T4S7,UBR4,HUMAN,0644875|tr|A0A934UCX8|A0A934UCX8_9STRE,644875,tr,A0A934UCX8,A0A934UCX8,AGGGVS,2107,2112,AGGGVS,229,234,SSAQGAGGGVSTTADL,6,,,,,,,,,,,,,,,,,,,,,,,,,,,,strong,weak,very_weak,,,,,,,,,,,,,,,,,,,,,,,,,,,,,,,,,,,,,,,,,,,,,,,,,,,,strong,weak,very_weak,95.0,95.0,95.0,95.0,94.64,92.76,95.0,90.475,95.0,0.5700000000000001,91.8,95.0,44.52,95.0,95.0,87.435,41.91,95.0,95.0,95.0,95.0,46.645,84.71000000000001,95.0,95.0,38216.6212647538,36090.6527600473,35665.9719673797,38671.2546556391,20245.9503597259,26426.5765693573,41651.6868700427,13669.3152833575,37980.8323050749,25.6035453197851,28416.5267662933,37826.2218941518,3718.00784744787,38891.9680975561,38860.0002551249,7674.11878302567,3425.02633897141,39188.0721357346,39821.9452864194,37577.7950232126,37527.8185262677,3064.12737831206,9654.63726724625,38398.1620631822,Ubiquitin protein ligase E3 component n-recognin 4,Q5T4S7,609890.0,gene,23352.0,UBR4,ENSG00000127481,bacteria
sp|Q5T4S7|UBR4_HUMAN,sp,Q5T4S7,UBR4,HUMAN,0644875|tr|A0A934UE11|A0A934UE11_9STRE,644875,tr,A0A934UE11,A0A934UE11,ELSIAG,4172,4177,ELSIAG,76,81,QWVKEELSIAGKKILE,6,,,,,,,,,very_weak,,,,,,,,,,,,very_weak,,,very_weak,,,very_weak,,,,,,,,,,,,very_weak,,,,,,,,,,,,,,,very_weak,,,,,,,,,very_weak,,,very_weak,,,,,,,,,,,,,,weak,very_weak,,weak,very_weak,67.68,27.405,14.81,44.575,21.515,42.04,12.01,14.68,12.5,59.81,33.195,52.92,75.43,34.05,37.75,18.965,65.765,49.915000000000006,14.16,13.37,46.775,33.84,32.88,34.825,8.395,10986.4089382215,585.534330704855,867.70883613158,3188.73053687412,675.763795014742,4815.52762953597,1431.28090586616,231.011500412837,717.687348125994,2629.01397634486,2796.22635661838,3109.17900085165,8118.70303212006,1395.39253400071,2149.0260789159,79.1506282357515,3465.35874779255,3727.5137916978,1336.00023814771,381.481209825975,1724.5057068279,928.95853002503,399.791713569817,1142.44666557295,Ubiquitin protein ligase E3 component n-recognin 4,Q5T4S7,609890.0,gene,23352.0,UBR4,ENSG00000127481,bacteria
sp|Q5T4S7|UBR4_HUMAN,sp,Q5T4S7,UBR4,HUMAN,0644875|tr|A0A934PAH5|A0A934PAH5_9STRE,644875,tr,A0A934PAH5,A0A934PAH5,TKNLLP,1155,1160,TKNLLP,216,221,TFKMVTKNLLPQLISV,6,,,,,,very_weak,,weak,very_weak,,,very_weak,,,,,weak,very_weak,,,very_weak,,,very_weak,,,very_weak,,,,,,,,weak,very_weak,,,very_weak,,,,,weak,very_weak,,weak,very_weak,,,,,,very_weak,,,,,,very_weak,,,very_weak,,,,,,very_weak,,,very_weak,,,,,,,,weak,very_weak,,weak,very_weak,36.870000000000005,10.225,3.85,19.785,25.685,7.79,19.955,15.86,15.775,59.375,26.76,4.574999999999999,60.99,9.435,6.205,16.28,27.38,13.025,11.785,32.65,16.975,17.584999999999997,23.83,32.555,4.205,2052.442803587,125.094896855609,74.2686666032479,1107.26408170011,145.093639706147,72.5625003582793,658.342066761435,59.2298681765609,34.3531386510741,2116.51249665261,1156.5879502016,181.167644448204,4493.93574607401,160.620102004033,432.396853478423,24.0990526812734,778.329459020637,439.305374019024,230.215536505646,281.914973748455,276.800892776475,211.384847513995,122.789735520005,258.376995315453,Ubiquitin protein ligase E3 component n-recognin 4,Q5T4S7,609890.0,gene,23352.0,UBR4,ENSG00000127481,bacteria
sp|Q5T4S7|UBR4_HUMAN,sp,Q5T4S7,UBR4,HUMAN,0644875|tr|A0A934UDB6|A0A934UDB6_9STRE,644875,tr,A0A934UDB6,A0A934UDB6,GIDGNG,4079,4084,GIDGNG,291,296,IVGIAGIDGNGQSELV,6,,,,,,,,,,,,,,,,,,,,,,,,,,,,,,,,,,,,,,,,,,very_weak,,,,,,,,,,,,,,,,,,,,,,,,very_weak,,,,,,,,,,,,,,,,,,very_weak,43.18,26.735,26.44,35.58,26.635,38.675,34.985,48.760000000000005,30.865,22.625,67.64,80.4,16.330000000000002,70.55,82.44,25.635,28.47,76.6,35.395,12.815,80.195,23.06,46.55,23.235,40.085,8702.88893861791,2153.2388120473,2243.85751149356,5267.25377949397,2425.22856919955,8292.71303628343,5812.50937474819,4463.2140098532,1615.48025006361,1106.94065944334,20261.2901366306,13042.1302116756,2371.00149750042,12832.5857137347,18833.4659916646,546.916037506079,2018.57108260474,17242.1474965343,5277.8075843708,979.209485709046,11829.1741206397,2092.8977213814,3132.5795760306,1764.23310746546,Ubiquitin protein ligase E3 component n-recognin 4,Q5T4S7,609890.0,gene,23352.0,UBR4,ENSG00000127481,bacteria
sp|Q5T4S7|UBR4_HUMAN,sp,Q5T4S7,UBR4,HUMAN,0644875|tr|A0A934P993|A0A934P993_9STRE,644875,tr,A0A934P993,A0A934P993,TIVEAL,4147,4152,TIVEAL,380,385,AIKKLTIVEALVEEKG,6,,,very_weak,,weak,very_weak,,,very_weak,,,,,,very_weak,,,,,,very_weak,,weak,very_weak,,,,,,,strong,weak,very_weak,,,very_weak,,,very_weak,strong,weak,very_weak,,weak,very_weak,,weak,very_weak,,weak,very_weak,,,very_weak,,,,,,very_weak,,weak,very_weak,,weak,very_weak,,weak,very_weak,,,very_weak,,,very_weak,strong,weak,very_weak,,,very_weak,strong,weak,very_weak,10.38,6.29,10.255,21.835,14.335,22.835,15.905,6.970000000000001,20.365,35.705,1.805,18.46,1.125,5.859999999999999,5.245,14.78,20.54,10.08,3.265,9.94,3.675,11.505,12.445,1.955,14.55,1543.91137365825,170.734341578849,410.811223286191,2975.84425712437,477.400422994525,4711.11565225691,1734.08550699687,246.842246979179,716.143732150947,1841.84538146447,446.570627423622,828.953691125073,422.367466894304,285.234746751263,684.772733941356,81.5975779601265,563.72640368367,813.581475580986,313.215914820769,441.688407553667,262.485272912396,758.624578985052,400.748827777516,131.253960894352,Ubiquitin protein ligase E3 component n-recognin 4,Q5T4S7,609890.0,gene,23352.0,UBR4,ENSG00000127481,bacteria
sp|Q5T4S7|UBR4_HUMAN,sp,Q5T4S7,UBR4,HUMAN,0644875|tr|A0A934UCN7|A0A934UCN7_9STRE,644875,tr,A0A934UCN7,A0A934UCN7,GSHTIS,3567,3572,GSHTIS,225,230,FVVYSGSHTISDLIQN,6,,,,,,,,,,,,,,,,,,very_weak,,,,,weak,very_weak,,,very_weak,,weak,very_weak,,,,,,,,,,,weak,very_weak,,,,,,,,,very_weak,,,,,,very_weak,,,,,,,,weak,very_weak,,,,,,very_weak,strong,weak,very_weak,strong,weak,very_weak,,,,strong,weak,very_weak,27.35,47.345,27.61,22.115,23.815,14.7,43.995,2.175,19.565,6.67,25.94,45.205,5.135,41.78,52.09,25.66,12.69,38.29,42.835,5.7700000000000005,42.985,12.76,1.845,0.885,28.75,3305.60756711944,1624.08534397504,1002.63500101203,1688.97731926319,124.315015570579,1086.20185565594,3188.38554196412,16.4228935632924,86.6316665185473,152.765353857829,4206.59061721168,2062.37105063002,1106.10259717543,1855.56709631847,4412.31798492515,62.9902317842971,621.053276283992,2986.65015060233,1706.33517772154,171.34689666596,1811.13561163731,338.426958803739,41.7178897218184,58.4721404107611,Ubiquitin protein ligase E3 component n-recognin 4,Q5T4S7,609890.0,gene,23352.0,UBR4,ENSG00000127481,bacteria
sp|Q5T4S7|UBR4_HUMAN,sp,Q5T4S7,UBR4,HUMAN,0644875|tr|A0A934PA47|A0A934PA47_9STRE,644875,tr,A0A934PA47,A0A934PA47,DKETLI,3404,3409,DKETLI,255,260,AVAAPDKETLIVEADW,6,,,,,,,,,,,,very_weak,,,,,,,,,,,,,,,,,,,,,,,,,,,,,weak,very_weak,,,,,,,,,very_weak,,,,,,very_weak,,,,,,,,,,,,,,,,,,,,,,,,,,weak,very_weak,45.935,71.565,73.625,14.685,85.075,83.4,34.4,76.825,75.505,54.035,36.785,73.43,4.55,64.39,57.57000000000001,81.28999999999999,14.07,63.385000000000005,73.845,69.85,37.29,38.46,79.2,57.82,75.065,5676.15342956586,7661.09378356443,9763.15080513541,2041.28094904005,13563.094986861,20815.7002693899,5192.22386758352,8744.7980412619,9464.84163238811,4402.3991674478,12130.5231153603,9164.83220283306,797.354720051398,6927.57059013137,10000.1753233833,5773.58555840577,1029.23457913419,10658.9086766008,11336.4760388249,7492.8750831778,3533.39548919244,4773.61194140619,7999.85213597705,5404.71118221719,Ubiquitin protein ligase E3 component n-recognin 4,Q5T4S7,609890.0,gene,23352.0,UBR4,ENSG00000127481,bacteria
sp|Q5T4S7|UBR4_HUMAN,sp,Q5T4S7,UBR4,HUMAN,0644875|tr|A0A934UDV4|A0A934UDV4_9STRE,644875,tr,A0A934UDV4,A0A934UDV4,TSDLQS,719,724,TSDLQS,365,370,ETIETTSDLQSVLYKH,6,,,,,,,,,,,,very_weak,,,,,,,,,,,,,,,,,,,,,,,,,,,,,weak,very_weak,,,,,,,,,very_weak,,,,,,very_weak,,,,,,very_weak,,,very_weak,,,,,,,,,,,,,,,,,weak,very_weak,21.365,55.83,49.385000000000005,16.56,59.665,71.77000000000001,21.995,56.48,55.035,27.695,61.355,50.465,5.835,54.095,61.58,58.155,11.510000000000002,48.96,14.87,12.485,41.035,39.885,66.135,20.655,71.31,2021.14990649498,1697.36774824008,3299.31875124509,1384.36958757253,3254.75025727321,10186.4781264713,1914.02942405365,2248.01289939303,2994.38340440169,1566.45883443368,10413.1413096863,2474.12863217573,912.679319554526,2258.17850646313,5140.51773656487,956.797024537463,529.316792674053,4111.82116784566,1171.38579475815,692.177113725363,1743.45441084008,1481.91286460663,2377.08922890323,1094.11645400685,Ubiquitin protein ligase E3 component n-recognin 4,Q5T4S7,609890.0,gene,23352.0,UBR4,ENSG00000127481,bacteria
sp|Q5T4S7|UBR4_HUMAN,sp,Q5T4S7,UBR4,HUMAN,0644875|tr|A0A934UDW7|A0A934UDW7_9STRE,644875,tr,A0A934UDW7,A0A934UDW7,TVLERL,2473,2478,TVLERL,813,818,EEEQQTVLERLSSLDV,6,,,,,,,,,,,,,,,,,,,,,,,,,,,,,,,,,,,,,,,,,,very_weak,,,very_weak,,,,,,,,,,,,,,,,,weak,very_weak,,,,,,,,,very_weak,,,,,,,,weak,very_weak,,weak,very_weak,30.315,21.33,20.405,40.88,26.67,61.225,35.975,22.34,30.955,68.91499999999999,44.6,36.035,18.645,16.740000000000002,21.925,20.575000000000003,20.72,35.245,8.325,42.565,21.74,18.605,40.455,27.345,8.515,2663.65913903405,663.555350909964,1176.53008219329,2786.0189949561,424.337111841504,9187.27011327952,3465.13378861469,261.14254361529,848.077806957785,5543.35612087641,6129.71535992811,1160.12229451842,2069.68078215168,500.038897579921,2393.91768236633,73.8999425195356,1458.93974447137,1506.17634358739,291.928853064041,1094.6729860815,630.586990909574,1262.2118236246,510.911103739655,410.344775229715,Ubiquitin protein ligase E3 component n-recognin 4,Q5T4S7,609890.0,gene,23352.0,UBR4,ENSG00000127481,bacteria
sp|Q5T4S7|UBR4_HUMAN,sp,Q5T4S7,UBR4,HUMAN,0644875|tr|A0A934UDR6|A0A934UDR6_9STRE,644875,tr,A0A934UDR6,A0A934UDR6,ALLEDD,4398,4403,ALLEDD,16,21,KAMSIALLEDDVLLAD,6,strong,weak,very_weak,,weak,very_weak,,,,,weak,very_weak,,,,,,,,weak,very_weak,,,,,,,,,,,,,,,,,,,,weak,very_weak,,,,,,,,weak,very_weak,,,,,,,,,,,,very_weak,,,very_weak,,,,,,,,,,,,very_weak,,,,strong,weak,very_weak,0.4349999999999999,4.025,65.795,3.415,23.615,37.06,2.34,52.30500000000001,43.83,45.625,44.98,40.475,4.315,28.84,50.43,28.305,36.94,33.72,11.65,10.11,21.585,57.575,46.72,19.205,67.64,128.269206436325,151.214605806942,3133.76608425363,144.039388655171,847.252367675634,5101.12416011421,91.2231054903425,1592.76132312468,743.011420446819,2726.23091452658,3310.61859317064,764.797461925625,388.903647926064,322.249842723284,2333.96762158811,352.642891781779,617.608958119771,879.771533932008,737.580773528578,331.350677456018,314.622077519818,2252.51716110017,1001.82170941213,423.534406170452,Ubiquitin protein ligase E3 component n-recognin 4,Q5T4S7,609890.0,gene,23352.0,UBR4,ENSG00000127481,bacteria
sp|Q5T4S7|UBR4_HUMAN,sp,Q5T4S7,UBR4,HUMAN,0644875|tr|A0A934P9Q6|A0A934P9Q6_9STRE,644875,tr,A0A934P9Q6,A0A934P9Q6,LLSSGA,3089,3094,LLSSGA,663,668,EEAVQLLSSGAVRFIP,6,,,very_weak,,,,,,,,weak,very_weak,,weak,very_weak,,weak,very_weak,,weak,very_weak,strong,weak,very_weak,,weak,very_weak,strong,weak,very_weak,,,very_weak,,,,,,very_weak,,weak,very_weak,,,very_weak,,,,,weak,very_weak,strong,weak,very_weak,,,very_weak,,,very_weak,strong,weak,very_weak,,,,,,very_weak,,,,strong,weak,very_weak,,,very_weak,,,,strong,weak,very_weak,13.935,22.675,20.205,4.49,2.625,6.995,6.0200000000000005,0.855,6.065,1.7400000000000002,10.67,23.275,8.69,16.4,26.57,1.23,17.310000000000002,15.17,0.3349999999999999,25.205,16.45,31.27,1.62,15.49,21.27,836.169158109938,236.394685091565,341.317331610874,193.498930564423,47.8784651733876,132.506784063229,157.48640633686,9.7555253135814,11.6299013253182,37.4636313229064,548.68230151232,322.588227432222,817.278209923584,259.393786967939,1130.80054686867,8.234487906738,154.300281600869,516.536123646035,47.2127994860651,244.077565750386,332.98954129439,150.959588160491,23.5410972267404,219.918966186003,Ubiquitin protein ligase E3 component n-recognin 4,Q5T4S7,609890.0,gene,23352.0,UBR4,ENSG00000127481,bacteria
sp|Q5T4S7|UBR4_HUMAN,sp,Q5T4S7,UBR4,HUMAN,0644875|tr|A0A934PAH0|A0A934PAH0_9STRE,644875,tr,A0A934PAH0,A0A934PAH0,AAQELA,2504,2509,AAQELA,190,195,QRKRVAAQELANADKI,6,,,,strong,weak,very_weak,,,very_weak,,,,,,,,,,,,,,,,,,,,,very_weak,strong,weak,very_weak,,,very_weak,,,,,weak,very_weak,,,very_weak,,,very_weak,,,very_weak,,,very_weak,,weak,very_weak,,,,,,,,,very_weak,,,very_weak,,weak,very_weak,,,,,,,,,,strong,weak,very_weak,27.555,0.195,18.15,41.52,32.79,27.35,29.715000000000003,42.405,38.71,19.745,0.54,17.975,5.12,14.645,14.09,17.925,9.86,22.03,22.29,13.760000000000002,15.895,2.62,32.645,22.34,27.16,4836.67562227161,62.8343522393807,1089.2028718481,6377.46283185017,2227.81876631099,5908.70086483686,4808.44684045498,2278.3273508649,2205.94356343985,1311.96323156509,470.111488064226,1783.19381908052,1062.09869839983,1319.60821582075,2938.53724306628,263.415608349753,730.939191552896,3825.57558432046,2609.85507202812,790.038120228976,1392.63236317412,822.174024041903,1189.45768237498,1253.02702918226,Ubiquitin protein ligase E3 component n-recognin 4,Q5T4S7,609890.0,gene,23352.0,UBR4,ENSG00000127481,bacteria
sp|Q5T4S7|UBR4_HUMAN,sp,Q5T4S7,UBR4,HUMAN,0644875|tr|A0A934UCL6|A0A934UCL6_9STRE,644875,tr,A0A934UCL6,A0A934UCL6,GFTIEI,2335,2340,GFTIEI,304,309,IAKQQGFTIEITHPGF,6,,weak,very_weak,,,very_weak,,weak,very_weak,,,,,,,,weak,very_weak,,,,,,,,,very_weak,,,,,,,,,,,weak,very_weak,,weak,very_weak,,,,,,,,,,,weak,very_weak,,weak,very_weak,,,,,,,strong,weak,very_weak,,,,strong,weak,very_weak,,,very_weak,,weak,very_weak,,weak,very_weak,strong,weak,very_weak,4.805,13.88,3.16,21.505,32.41,7.84,39.84,21.295,18.125,23.785,27.655,30.51,9.24,25.49,21.22,3.98,2.595,37.53,42.725,0.21,20.105,0.32,19.805,2.345,4.58,526.540732001753,804.521431407934,357.618766070614,3601.9884838254,873.416909826308,1812.95896482412,6654.05972255346,991.888116655116,1379.74893726482,1203.94637402815,5819.49436534025,2297.7856571534,1008.01930951854,2168.76409886559,3688.91671184834,50.2488144838906,214.550849178325,4417.47695120742,2501.36824921491,44.142848370813,1413.7351359292,257.319639241654,736.289071319041,172.688811485936,Ubiquitin protein ligase E3 component n-recognin 4,Q5T4S7,609890.0,gene,23352.0,UBR4,ENSG00000127481,bacteria
sp|Q5T4S7|UBR4_HUMAN,sp,Q5T4S7,UBR4,HUMAN,0644875|tr|A0A934UCV7|A0A934UCV7_9STRE,644875,tr,A0A934UCV7,A0A934UCV7,ALATNP,3889,3894,ALATNP,165,170,LEIVRALATNPKILFL,6,,,,,weak,very_weak,,,very_weak,,weak,very_weak,,,very_weak,,,very_weak,strong,weak,very_weak,,,very_weak,,weak,very_weak,,,,,weak,very_weak,,,,strong,weak,very_weak,,,,,,,,,very_weak,,,,,,very_weak,,,,,,,,weak,very_weak,,weak,very_weak,,,,,,,,,,,,very_weak,,,very_weak,strong,weak,very_weak,42.975,8.98,15.37,8.235,13.915,14.645,1.4899999999999998,10.97,4.78,27.155,8.185,47.325,46.09,36.225,16.73,12.63,40.99,40.13,4.87,9.795,32.75,24.805,21.74,15.22,14.33,3745.01803095962,123.485204776787,177.510104303836,521.878516902807,114.479265733644,354.732330262175,64.3354428630431,55.1668175336911,39.8524555967528,515.2411465749,492.809391263778,1177.68906397801,3655.54146974852,776.915956921255,1076.84045879986,22.6648115378941,782.627752340528,1683.86824140926,199.43780756156,115.123928381749,881.019398293814,125.728580512974,101.064678719282,177.111064540385,Ubiquitin protein ligase E3 component n-recognin 4,Q5T4S7,609890.0,gene,23352.0,UBR4,ENSG00000127481,bacteria
sp|Q5T4S7|UBR4_HUMAN,sp,Q5T4S7,UBR4,HUMAN,0644875|tr|A0A934PA62|A0A934PA62_9STRE,644875,tr,A0A934PA62,A0A934PA62,QLACVE,1455,1460,QLACVE,385,390,ICLGMQLACVEFARNV,6,,,,,,,,,,,,,,,,,,,,,,,,,,,,,,,,,,,weak,very_weak,,,,,,,,weak,very_weak,,weak,very_weak,,,,,,,,,,,weak,very_weak,,,,,,,,weak,very_weak,,,,,,,,,,,,,,weak,very_weak,30.095,41.515,52.68000000000001,59.69,57.1,43.69,50.22,54.03,58.985,21.76,25.65,2.975,23.705,4.785,8.969999999999999,46.34,22.025,2.475,49.21,41.9,4.465,42.505,42.72,41.045,54.44500000000001,696.587265906366,222.872515720581,995.059117421978,3404.88914565801,768.255907599243,3358.85822302264,2455.14195917017,619.797970454796,1433.91597269545,361.340977144518,2273.8944894748,88.2971846070349,1395.92105839275,150.109383046672,726.256546833718,83.7922478791298,115.034278998412,145.644139752977,1114.41538557975,468.729993353786,169.21709449735,388.827913978722,324.685726611558,341.871728050573,Ubiquitin protein ligase E3 component n-recognin 4,Q5T4S7,609890.0,gene,23352.0,UBR4,ENSG00000127481,bacteria
sp|Q5T4S7|UBR4_HUMAN,sp,Q5T4S7,UBR4,HUMAN,0644875|tr|A0A934UDY2|A0A934UDY2_9STRE,644875,tr,A0A934UDY2,A0A934UDY2,GKVSTA,3949,3954,GKVSTA,146,151,GKDLKGKVSTAIYIFS,6,,,,,,,,,very_weak,,,,,,very_weak,,,,,,,,weak,very_weak,,,very_weak,,,,,,very_weak,,,,,,,,,,,,,,,,,,,,,,,,,,,very_weak,,,,,,,,,very_weak,,,,,,very_weak,,,,,,,,weak,very_weak,58.2,48.765,10.405,34.385,18.94,29.56,44.265,4.05,14.355,29.2,16.245,20.69,57.04,20.73,30.38,25.24,37.09,17.805,24.36,53.135,15.95,35.465,13.84,54.355,29.225,5450.16303419068,841.724395298807,427.660336656926,2212.3254853178,340.704847488204,1783.54114061258,3554.75420451151,38.3067804178887,80.4456974530998,368.303798300951,1541.32430290151,524.635673566746,4256.08051683489,415.343153068531,1358.90350067931,81.8974196703987,1007.80120220941,648.64133326533,795.080388683017,1249.73688996711,438.294110974572,540.328421488737,114.007081626521,1172.80615826685,Ubiquitin protein ligase E3 component n-recognin 4,Q5T4S7,609890.0,gene,23352.0,UBR4,ENSG00000127481,bacteria
sp|Q5T4S7|UBR4_HUMAN,sp,Q5T4S7,UBR4,HUMAN,0644875|tr|A0A934UD64|A0A934UD64_9STRE,644875,tr,A0A934UD64,A0A934UD64,LVASVI,52,57,LVASVI,93,98,TFTLVLVASVISVILG,6,,,,,,,,,,,,,,,,,,,,,,,,,,,,,,,,,,,,,,,,,,,,,,,,,,,,,,,,,,,,,,,,,,,,,,,,,,,,,,,,,,,,,54.79,52.94499999999999,51.825,39.675,38.83,39.75,46.260000000000005,29.555,32.05,37.29,51.205,52.87,64.78,46.965,73.22999999999999,39.315,45.28,42.66,49.965,44.605,62.58,54.615,36.555,44.29,56.595,2868.67064985171,1336.69426921991,1648.30295871,2182.88922650311,835.039026905395,1872.77189944989,3888.46446798351,233.972216092384,177.792660083657,1146.07419126645,4524.67312179967,1208.30507359812,6603.42457539796,851.157349316587,6818.40622382301,216.65265212177,1121.32165975513,1529.76085329987,2310.725088386,1721.56013974061,1821.11783144575,1594.43383310073,485.096205075356,1195.9228934268,Ubiquitin protein ligase E3 component n-recognin 4,Q5T4S7,609890.0,gene,23352.0,UBR4,ENSG00000127481,bacteria
sp|Q5T4S7|UBR4_HUMAN,sp,Q5T4S7,UBR4,HUMAN,0644875|tr|A0A934UDQ4|A0A934UDQ4_9STRE,644875,tr,A0A934UDQ4,A0A934UDQ4,KLHASK,2631,2636,KLHASK,143,148,KEYSIKLHASKSRGYY,6,,,,,,very_weak,,weak,very_weak,,,very_weak,,weak,very_weak,,,very_weak,,weak,very_weak,,weak,very_weak,strong,weak,very_weak,,,,,,,,,,strong,weak,very_weak,,,,,,,,weak,very_weak,,,,,,very_weak,,,very_weak,,,,,weak,very_weak,,,,,,,strong,weak,very_weak,strong,weak,very_weak,,,,,weak,very_weak,strong,weak,very_weak,56.375,13.575,8.47,17.765,2.975,11.285,5.484999999999999,2.07,1.19,25.06,21.095,27.1,55.195,39.3,9.85,13.07,10.275,38.41,2.965,22.845,32.72,1.715,1.6,37.5,8.435,9157.39811062849,200.029942017937,258.569962482143,2165.90319080133,86.0133674544666,941.842135561826,350.099526398115,38.437145597969,71.4074733902884,397.48847255369,2868.98105044776,3006.29731616079,5617.43965830425,2716.60236879958,1554.74046201826,43.0434480763191,365.176994019956,5097.86881036615,335.412236964978,571.37770891694,2148.30538823047,61.4919121645091,53.0857297330113,1211.52546137142,Ubiquitin protein ligase E3 component n-recognin 4,Q5T4S7,609890.0,gene,23352.0,UBR4,ENSG00000127481,bacteria
sp|Q5T4S7|UBR4_HUMAN,sp,Q5T4S7,UBR4,HUMAN,0644875|tr|A0A934UDD8|A0A934UDD8_9STRE,644875,tr,A0A934UDD8,A0A934UDD8,ADKETL,3403,3408,ADKETL,741,746,LTKQLADKETLFQHLE,6,,,,,,,,,very_weak,,weak,very_weak,,,,,,,,,very_weak,,,,,,,,,,,,,,,very_weak,,,,,,,,,,,,,,,,,,,,,,,,very_weak,,,,,,,,,,,,,,,,,,,,,,,weak,very_weak,44.42,21.96,13.175,5.08,37.52,60.915,15.465,60.120000000000005,32.185,78.65,52.35,10.155,51.545,24.995,26.31,58.245000000000005,56.17,17.53,37.56,38.03,21.42,43.145,60.285,44.365,25.44,5132.07055676051,870.501681010697,1193.66060228632,278.48314166838,2628.98553115041,10737.387904414,964.916452842336,2554.42781577832,1967.85035718707,7883.42346132566,7414.9681058887,408.342866977079,4300.05347926191,921.919393761382,2010.0277403839,1482.16943031197,5680.57701233715,692.379351742635,3721.67040009811,2449.67585018715,661.83450095644,3664.2929534806,2868.01891790781,2521.06699116261,Ubiquitin protein ligase E3 component n-recognin 4,Q5T4S7,609890.0,gene,23352.0,UBR4,ENSG00000127481,bacteria
sp|Q5T4S7|UBR4_HUMAN,sp,Q5T4S7,UBR4,HUMAN,0644875|tr|A0A934PAI9|A0A934PAI9_9STRE,644875,tr,A0A934PAI9,A0A934PAI9,TLLQQL,730,735,TLLQQL,81,86,KGFGATLLQQLLNKPE,6,,,,,weak,very_weak,,,,,,,,,,,,,,,,,,very_weak,,,,,,,,weak,very_weak,strong,weak,very_weak,,,,,,,strong,weak,very_weak,,weak,very_weak,,,very_weak,,,,,,,strong,weak,very_weak,,,very_weak,,,,strong,weak,very_weak,,,,,,very_weak,,,,,,,strong,weak,very_weak,30.5,3.105,49.225,35.525,46.925,42.010000000000005,57.09,12.275,47.88,39.23,8.495000000000001,1.915,23.34,0.6,5.595,24.84,30.01,1.395,16.385,41.97,1.095,28.57,17.215,28.895,41.815,1935.54220580596,96.6667761537791,1409.44340293357,2017.06465108102,972.715296210721,2991.3071220647,4050.97009644162,92.6635557692247,1120.43634045583,1009.70031761305,589.30327230236,32.6244303575954,1910.20202171905,24.3393472347917,224.195479655712,92.1586239363293,276.764956018027,34.8537045260439,792.323746047997,788.475377045095,46.8646801398419,417.207809433406,152.260406720712,492.164630723576,Ubiquitin protein ligase E3 component n-recognin 4,Q5T4S7,609890.0,gene,23352.0,UBR4,ENSG00000127481,bacteria
sp|Q5T4S7|UBR4_HUMAN,sp,Q5T4S7,UBR4,HUMAN,0644875|tr|A0A934UCR2|A0A934UCR2_9STRE,644875,tr,A0A934UCR2,A0A934UCR2,DDDSEP,584,589,DDDSEP,355,360,IASFEDDDSEPLRVEP,6,,,very_weak,,,,,,,strong,weak,very_weak,,,,,,,,weak,very_weak,,,,,,,,,,,,,,,,,,,,weak,very_weak,,,,,,,strong,weak,very_weak,,,,,,,,,,,,,,,very_weak,,,,,,,,,,,,,,,,strong,weak,very_weak,10.585,60.975,67.97999999999999,0.42,57.47,20.18,7.03,35.71,41.85,37.185,48.805,48.765,7.59,42.19,59.74,38.335,62.41,36.34,63.370000000000005,18.88,35.81,49.455,44.975,34.34,65.215,943.58632804877,7205.38210842464,14218.716967622,64.3201305905374,9363.49270575249,5734.17783899623,1072.88633681801,4626.4044079382,4043.83200522611,4595.92065590365,15844.6628400739,5571.79837826902,1486.68261291721,5705.46224561537,11546.049914024,2744.07588450032,6456.19394509901,7712.65917570073,14232.5696140997,1608.50370264115,3731.87207186568,5659.0445586567,5808.48580398807,3637.03849838397,Ubiquitin protein ligase E3 component n-recognin 4,Q5T4S7,609890.0,gene,23352.0,UBR4,ENSG00000127481,bacteria
sp|Q5T4S7|UBR4_HUMAN,sp,Q5T4S7,UBR4,HUMAN,0644875|tr|A0A934P9B4|A0A934P9B4_9STRE,644875,tr,A0A934P9B4,A0A934P9B4,VTLEKD,4351,4356,VTLEKD,105,110,NQLNQVTLEKDYELKE,6,,weak,very_weak,,,,,,,,,very_weak,,,very_weak,,,,,,very_weak,,,,,,,,,,,,,,,,,,,,weak,very_weak,,,very_weak,,,,,weak,very_weak,,,,,,,,,,,,,,,,,,very_weak,,,,,,,,,,,,,,weak,very_weak,4.655,26.235,62.2,14.715,17.73,53.51,12.52,42.515,50.8,63.945,57.94,43.425,7.51,17.86,34.14,32.985,24.325,27.42,23.695,33.895,14.415,50.085,47.97,26.625,55.865,825.159504516183,1449.35803587192,6242.02034295752,1975.82958817123,1430.29013585082,12265.1391339284,1510.55014229346,3553.67744135873,3605.57575889472,7670.63222020829,13012.5301313506,3449.60949693007,1029.25685155507,1262.93584435919,4794.99088409106,1369.16062687508,1537.92599012501,3251.089886768,2743.06660020501,2343.12713810346,907.460553738755,3958.89265492392,3669.53007497396,1414.05639474049,Ubiquitin protein ligase E3 component n-recognin 4,Q5T4S7,609890.0,gene,23352.0,UBR4,ENSG00000127481,bacteria
sp|Q5T4S7|UBR4_HUMAN,sp,Q5T4S7,UBR4,HUMAN,0644875|tr|A0A934PA00|A0A934PA00_9STRE,644875,tr,A0A934PA00,A0A934PA00,EFIESL,4454,4459,EFIESL,476,481,ATHIHEFIESLPDKYQ,6,,weak,very_weak,,,very_weak,,,,,weak,very_weak,,,very_weak,,,,,,very_weak,,,very_weak,,,,,,,,,,,,very_weak,,,,,weak,very_weak,,,very_weak,,,very_weak,,,very_weak,,,,,,,,,very_weak,,,,,,,,weak,very_weak,,,very_weak,,weak,very_weak,,weak,very_weak,,,,,weak,very_weak,5.34,16.815,42.315,5.55,15.935,21.065,16.06,15.66,29.425,49.93,26.315,16.665,4.0,11.8,18.235,34.585,39.77,12.52,23.01,21.005,7.5,10.45,8.5,7.425,39.04,696.858647868024,676.078267584016,3109.91918274638,454.39830256712,981.373217987142,2849.98459264928,895.628500645215,549.121787371976,898.618153930885,4113.77914958587,4824.91529752177,616.487335972772,949.762719638326,421.769231134064,1873.6231378723,386.178139903536,2656.80875514442,884.754475317549,1972.027959387,947.617415768142,360.411682411488,1222.04450550758,288.631085380628,403.760610063445,Ubiquitin protein ligase E3 component n-recognin 4,Q5T4S7,609890.0,gene,23352.0,UBR4,ENSG00000127481,bacteria
sp|Q5T4S7|UBR4_HUMAN,sp,Q5T4S7,UBR4,HUMAN,0644875|tr|A0A934UDN7|A0A934UDN7_9STRE,644875,tr,A0A934UDN7,A0A934UDN7,LNKFAD,3399,3404,LNKFAD,47,52,ADYAYLNKFADIYALC,6,,weak,very_weak,,,,,weak,very_weak,,,,,weak,very_weak,,,very_weak,,,,,,,,weak,very_weak,,,,,,,,weak,very_weak,,,very_weak,,,,,,very_weak,,,very_weak,,,,,,,,,very_weak,,weak,very_weak,,,very_weak,,,very_weak,,,very_weak,,weak,very_weak,,,,,weak,very_weak,strong,weak,very_weak,strong,weak,very_weak,3.165,32.78,2.94,20.49,3.99,13.925,34.08,23.630000000000003,6.4350000000000005,49.5,28.855,4.640000000000001,31.395,12.03,10.26,24.2,16.215,5.22,15.325,18.965,10.305,8.895000000000001,20.97,7.205,1.905,186.237747417962,608.857479051465,325.209589878919,1435.04898975173,65.4362314432524,567.219938638517,3680.26569402754,348.587600796797,165.92823831302,1184.51316566572,3106.28725248809,79.9173636175207,1732.4726892962,214.082439932281,739.874725507934,163.165186159297,144.598404405873,194.342397026644,682.716101776729,494.347427798888,243.884858709007,251.158130109588,301.172111376377,188.673616068096,Ubiquitin protein ligase E3 component n-recognin 4,Q5T4S7,609890.0,gene,23352.0,UBR4,ENSG00000127481,bacteria
sp|Q5T4S7|UBR4_HUMAN,sp,Q5T4S7,UBR4,HUMAN,0644875|tr|A0A934PA66|A0A934PA66_9STRE,644875,tr,A0A934PA66,A0A934PA66,FTVLSL,1952,1957,FTVLSL,535,540,TLLTIFTVLSLLLFMK,6,,,,,,,,,,,,,,,,,,,,,,,,,,,,,,,,,,,,,,,,,,,,,,,,,,,,,,,,,,,,,,,,,,,,,,,,,,,,,,,,,,,,,51.495000000000005,71.855,81.52000000000001,60.72,42.2,79.265,69.72,46.01,75.03999999999999,93.845,69.215,57.295,84.155,44.38,57.185,60.705,84.21000000000001,38.065,36.53,81.03,61.795,62.39,77.37,71.445,69.995,3559.48813708787,2408.75331015974,6426.50436656172,6751.01724544394,849.041835912642,12186.5644868726,7768.68927252859,971.715976323946,3687.79930981139,11097.9968794536,7809.8168366124,1534.08694550628,10710.352951943,858.881984668113,2879.8974164418,683.447790432255,6063.7507037899,1499.57447803767,1818.89262972588,5257.68806899823,1754.86646381265,2661.00899973269,3438.54205797089,3163.60951985972,Ubiquitin protein ligase E3 component n-recognin 4,Q5T4S7,609890.0,gene,23352.0,UBR4,ENSG00000127481,bacteria
sp|Q5T4S7|UBR4_HUMAN,sp,Q5T4S7,UBR4,HUMAN,0644875|tr|A0A934UDL2|A0A934UDL2_9STRE,644875,tr,A0A934UDL2,A0A934UDL2,ALEEME,4863,4868,ALEEME,284,289,LAIVDALEEMEVLILT,6,,,,,,,,,,,,,,,,,,,,,,,,,,,,,,,,,,,,,,,,,weak,very_weak,,,,,,,,,very_weak,,,,,,,,,,,,,,,,,,,,,,,,,,,,,,,,weak,very_weak,20.6,59.8,76.34,39.175,56.955,87.14,47.115,69.66499999999999,69.11500000000001,71.56,66.695,55.335,9.37,27.23,55.885,52.445,66.975,39.375,26.91,71.85,39.755,73.24,58.355,56.045,80.42,566.894760603163,1292.14191073819,5591.54669185475,1284.28081215169,2462.03170804945,17187.5730775906,2001.08748344522,2590.10705148933,2992.56963433179,4657.594266247,7731.45813298765,1143.86906757538,580.481640599356,401.260804125519,2719.48441396204,839.659581428042,2265.00561025361,1101.6476091387,1397.16009958472,3311.26341882536,431.728354126112,4489.07603675728,1789.61086663603,1234.34985096316,Ubiquitin protein ligase E3 component n-recognin 4,Q5T4S7,609890.0,gene,23352.0,UBR4,ENSG00000127481,bacteria
sp|Q5T4S7|UBR4_HUMAN,sp,Q5T4S7,UBR4,HUMAN,0644875|tr|A0A934P9R7|A0A934P9R7_9STRE,644875,tr,A0A934P9R7,A0A934P9R7,LVRLTG,1291,1296,LVRLTG,93,98,DEDNWLVRLTGVDEEM,6,,,,,,,,,very_weak,,,,,,,,,,,,,,,,,,,,,,,,,,,,,,,,weak,very_weak,,,,,,,,,very_weak,,,very_weak,,weak,very_weak,,,,,,very_weak,,,,,,,strong,weak,very_weak,,,,,weak,very_weak,,,very_weak,strong,weak,very_weak,27.81,20.015,11.865,46.03,37.56,46.005,53.065,39.06,41.89,48.725,47.375,46.125,5.025,41.44,48.185,16.575000000000003,7.535,38.83,16.025,33.67,40.015,1.195,38.41,9.055,17.575,1651.56986378869,935.707128037808,1133.47092740129,5775.45993006304,2181.63781134346,10314.0177022448,6988.47517154225,2473.08484100956,3408.42763703444,2224.10976343762,9878.33343024727,3899.33429193679,439.02502549314,2582.74711517943,6348.68481484956,233.067682224534,429.705803571951,4858.2318687791,1255.80939606353,1872.14385250476,2130.32035986777,235.475690342067,1643.77927237821,364.170843466755,Ubiquitin protein ligase E3 component n-recognin 4,Q5T4S7,609890.0,gene,23352.0,UBR4,ENSG00000127481,bacteria
sp|Q5T4S7|UBR4_HUMAN,sp,Q5T4S7,UBR4,HUMAN,0644875|tr|A0A934PA19|A0A934PA19_9STRE,644875,tr,A0A934PA19,A0A934PA19,IIKEVD,689,694,IIKEVD,393,398,SRPEVIIKEVDGVKME,6,,,,,weak,very_weak,,,very_weak,,,very_weak,,,very_weak,,,,,,very_weak,,weak,very_weak,,,very_weak,,,,,,,,,,,weak,very_weak,,,,,,,,,,,,,,,very_weak,,,,,,,,weak,very_weak,,,,,,,,,,,,very_weak,,,,,,,,weak,very_weak,35.3,7.04,19.075,18.535,11.275,29.235,11.665,8.745,13.805,61.475,29.66,30.64,44.74,24.765,21.77,10.91,50.745000000000005,32.4,5.34,25.47,25.945,24.19,17.564999999999998,29.515,27.755,7421.38914932978,497.486358154453,1769.9689949033,2657.58501272974,531.859983788409,7485.17727158903,1635.47677744342,163.27114521746,462.978922136146,5403.65868473033,7096.36864124565,4341.33247936228,4888.86832288813,2828.78683960591,4177.20045119042,125.158527488546,4940.18083070469,6629.76970255929,673.646749929582,1700.40070329239,2381.43981405883,3062.50330310281,630.341417528067,1789.94007118889,Ubiquitin protein ligase E3 component n-recognin 4,Q5T4S7,609890.0,gene,23352.0,UBR4,ENSG00000127481,bacteria
sp|Q5T4S7|UBR4_HUMAN,sp,Q5T4S7,UBR4,HUMAN,0644875|tr|A0A934PA43|A0A934PA43_9STRE,644875,tr,A0A934PA43,A0A934PA43,ELFDYN,3908,3913,ELFDYN,378,383,GQNIFELFDYNIAYEI,6,strong,weak,very_weak,,,,,,very_weak,,weak,very_weak,,weak,very_weak,,weak,very_weak,,,,,weak,very_weak,,,very_weak,,,,,,,,weak,very_weak,,,,,,very_weak,,weak,very_weak,,,very_weak,,,,,,very_weak,,,,,weak,very_weak,,,very_weak,,,very_weak,,weak,very_weak,,,,,weak,very_weak,,,very_weak,,,,strong,weak,very_weak,0.5,36.535,18.71,5.465,7.824999999999999,4.86,22.455,6.24,13.92,52.165,22.995,2.13,19.225,3.345,10.1,13.5,52.585,2.245,12.775,18.815,3.02,29.59,9.495,15.01,26.795,62.1063993588789,679.451563032342,938.525877106689,123.825036494107,147.689624754754,89.725405276059,643.795939903451,39.4863385842927,48.1012184968806,2547.88591981529,1358.85939229142,64.7726775388235,858.956331186891,88.9925414201824,439.528830608415,56.9006182591901,1317.71062500753,88.8318857208122,616.213916115366,327.08339490741,93.7456136218646,595.559350190802,109.29048438603,191.932996040384,Ubiquitin protein ligase E3 component n-recognin 4,Q5T4S7,609890.0,gene,23352.0,UBR4,ENSG00000127481,bacteria
sp|Q5T4S7|UBR4_HUMAN,sp,Q5T4S7,UBR4,HUMAN,0644875|tr|A0A934P849|A0A934P849_9STRE,644875,tr,A0A934P849,A0A934P849,EGPWPL,742,747,EGPWPL,186,191,AQSANEGPWPLSEGLP,6,,,,,,,,,,,,,,,,,,,,,,,,,,,,,,,,,,,,,,,,,,,,,,,,,,,,,,,,,,,,,,,,,,,,,,,,,,,,,,,,,,,,,67.175,93.715,94.185,92.065,88.505,88.945,95.0,90.515,93.455,59.120000000000005,87.33500000000001,79.17500000000001,60.885000000000005,85.06,93.11,83.275,59.265,89.70500000000001,94.175,93.185,78.735,59.665000000000006,90.125,93.83,94.28,10020.6459863519,14380.5511784892,18219.5357702936,18786.249726407,15400.641381955,20418.4212837505,34615.5159931807,13854.2455713818,16638.8132232238,2448.96032106911,25068.2507052992,15152.7114464501,4304.94144594071,18166.5845357144,22666.0905096672,6042.85768896686,5518.8196518275,19840.85995617,23198.0355875194,14088.2447205477,14811.178747847,3537.37370483161,9927.83624939042,16035.4097944424,Ubiquitin protein ligase E3 component n-recognin 4,Q5T4S7,609890.0,gene,23352.0,UBR4,ENSG00000127481,bacteria
sp|Q5T4S7|UBR4_HUMAN,sp,Q5T4S7,UBR4,HUMAN,0644875|tr|A0A934P953|A0A934P953_9STRE,644875,tr,A0A934P953,A0A934P953,VVEKLN,1576,1581,VVEKLN,202,207,MELNQVVEKLNDLTPN,6,,,,,,,,,,,,,,,,,,,,,,,,,,,,,,,,,,,,,,,,,,,,,,,,,,,,,,,,,,,,,,,,,,,,,very_weak,,,,,,,,,,,,,,,very_weak,35.71,20.275,37.725,46.56,47.27,53.585,45.055,62.715,47.595,83.245,50.67,34.12,59.795,20.86,34.16,60.375,53.535,33.335,36.58,57.37,19.635,46.505,60.685,47.165,40.72,4581.62161542371,1109.66274643941,3148.72058082323,5385.79755382658,3622.38980029682,8124.41480722888,5647.05627173348,4782.5039135536,2755.50067427809,7949.29041280316,11665.4675817906,3452.26051976786,4245.41034987095,2000.95757972447,5285.40797780771,1464.09487272213,3869.95476819963,4967.35528930538,3494.12320374417,3967.89809348206,1546.6366550744,3145.58784208877,3632.28002797223,2463.15078506449,Ubiquitin protein ligase E3 component n-recognin 4,Q5T4S7,609890.0,gene,23352.0,UBR4,ENSG00000127481,bacteria
sp|Q5T4S7|UBR4_HUMAN,sp,Q5T4S7,UBR4,HUMAN,0644875|tr|A0A934P9Q6|A0A934P9Q6_9STRE,644875,tr,A0A934P9Q6,A0A934P9Q6,LSSGAV,3090,3095,LSSGAV,664,669,EAVQLLSSGAVRFIPC,6,,,,,,,,,,,weak,very_weak,,weak,very_weak,,weak,very_weak,,weak,very_weak,strong,weak,very_weak,,weak,very_weak,strong,weak,very_weak,,,very_weak,,,,,,very_weak,,,very_weak,,,very_weak,,,,,weak,very_weak,,weak,very_weak,,,,,,very_weak,strong,weak,very_weak,,,,,,very_weak,,,,strong,weak,very_weak,,,,,,,strong,weak,very_weak,26.295,32.13,31.455,4.49,7.5,6.995,6.0200000000000005,0.855,6.065,1.7400000000000002,10.67,22.05,15.14,16.865,26.57,4.115,22.2,16.314999999999998,1.52,25.205,16.12,28.975,1.62,22.72,34.795,1046.98085759397,248.54940910198,358.591294347262,193.498930564423,53.2076371698373,132.506784063229,157.48640633686,9.7555253135814,11.6299013253182,37.4636313229064,548.68230151232,329.841196737721,1135.29972286355,308.457105073843,1130.80054686867,9.3992002493999,200.463266621031,595.436930192166,51.6388571758274,244.077565750386,441.392210733363,124.12953567277,23.5410972267404,233.02481657593,Ubiquitin protein ligase E3 component n-recognin 4,Q5T4S7,609890.0,gene,23352.0,UBR4,ENSG00000127481,bacteria
sp|Q5T4S7|UBR4_HUMAN,sp,Q5T4S7,UBR4,HUMAN,0644875|tr|A0A934UD62|A0A934UD62_9STRE,644875,tr,A0A934UD62,A0A934UD62,ELFLGL,645,650,ELFLGL,308,313,EKIEEELFLGLRKKSG,6,,,,,,,,weak,very_weak,,,,,,,,,,,,,,,,,,,,,,,,very_weak,strong,weak,very_weak,,,very_weak,,,,strong,weak,very_weak,strong,weak,very_weak,,,,,,,,,,strong,weak,very_weak,,,,,,,strong,weak,very_weak,,,,,,,,,,strong,weak,very_weak,strong,weak,very_weak,53.815,40.2,4.975,47.81,30.58,53.86,38.095,53.595,28.22,84.995,16.93,0.47,80.895,0.13,0.4,45.05,75.07,0.095,34.015,54.915,0.245,27.76,61.09,58.235,1.445,4317.90976618615,884.773621219221,315.535711332629,4245.59409144185,597.18540864733,6619.80635989985,2716.10273315114,1742.64345652565,1752.22921747003,5874.59667169594,1666.86517101844,18.3133715295916,7606.41577370301,21.1541791703408,110.439963591747,369.961277386183,5049.72419284799,9.84331554307223,2082.41691634843,2317.93676022411,27.9862323527249,666.224306683211,1638.94877487373,1898.70404280906,Ubiquitin protein ligase E3 component n-recognin 4,Q5T4S7,609890.0,gene,23352.0,UBR4,ENSG00000127481,bacteria
sp|Q5T4S7|UBR4_HUMAN,sp,Q5T4S7,UBR4,HUMAN,0644875|tr|A0A934UE25|A0A934UE25_9STRE,644875,tr,A0A934UE25,A0A934UE25,GEKGNI,632,637,GEKGNI,186,191,FPIINGEKGNITEYLH,6,,,,,,,,,,,,,,,,,,,,,,,,,,,very_weak,,,,,,,,,,,,,,,,,,,,,,,,,,weak,very_weak,,,,,,,,,,,,,,,,,,,,,,,,,,,,,weak,very_weak,62.22,28.27,44.67,39.16,21.415,21.575,21.705,38.355,19.295,27.32,47.335,50.345,43.2,49.895,57.72,6.465,59.99,54.52,41.46,20.955,53.57000000000001,38.08,36.53,46.39,37.015,10603.809932623,1418.57703959631,2969.21886059071,4515.47875570655,999.731870856131,4044.3570797011,3085.31889744505,1713.84730572255,559.07357518172,1430.18181199795,11897.9755574949,6314.84180748341,3968.37037114007,6553.95473390191,10124.6154473002,61.0114357178913,4725.25641599387,9519.68551583159,5078.65503401479,989.786871610135,5956.00624905859,1992.57501940047,1113.1500431031,2910.62803277076,Ubiquitin protein ligase E3 component n-recognin 4,Q5T4S7,609890.0,gene,23352.0,UBR4,ENSG00000127481,bacteria
sp|Q5T4S7|UBR4_HUMAN,sp,Q5T4S7,UBR4,HUMAN,0644875|tr|A0A934UDF5|A0A934UDF5_9STRE,644875,tr,A0A934UDF5,A0A934UDF5,IITFTA,148,153,IITFTA,931,936,DEAKHIITFTATDETL,6,,weak,very_weak,,weak,very_weak,,,,,,,,weak,very_weak,,,,,,,,,very_weak,,,,,,,,,,,,,,,,strong,weak,very_weak,,,very_weak,,,very_weak,,weak,very_weak,,,,,,very_weak,,,,,,very_weak,,,very_weak,,,very_weak,,weak,very_weak,,,very_weak,,weak,very_weak,,,,strong,weak,very_weak,7.245,5.8,24.74,32.510000000000005,6.92,41.445,33.8,16.34,34.870000000000005,23.54,21.585,20.235,1.265,20.0,16.84,29.37,12.34,20.985,15.915,11.285,16.66,5.590000000000001,17.71,2.705,34.53,1011.83288957885,391.351875504412,1230.2565477761,3944.05700604874,298.818857089742,7174.42048737442,4678.30175892947,641.327849020464,1916.10148221181,1309.49559880455,4900.94360653987,1249.34481707555,381.048063994462,1224.51956942264,2568.201071223,376.759868641332,680.378485645544,1830.28351809745,1644.93572526178,471.905350642832,875.37528879662,406.39029678462,592.333321553036,130.839934754012,Ubiquitin protein ligase E3 component n-recognin 4,Q5T4S7,609890.0,gene,23352.0,UBR4,ENSG00000127481,bacteria
sp|Q5T4S7|UBR4_HUMAN,sp,Q5T4S7,UBR4,HUMAN,0644875|tr|A0A934PA45|A0A934PA45_9STRE,644875,tr,A0A934PA45,A0A934PA45,LLDKAD,3742,3747,LLDKAD,215,220,GVIENLLDKADKVLIG,6,,,very_weak,,weak,very_weak,,,,,weak,very_weak,,,,,,,,,very_weak,,,,,,,,,,,,,,,,,,,,,,,,,,,,,,,,,,,,,,,,,,very_weak,,,,,,,,,,,,,,,very_weak,,,,,weak,very_weak,19.955,9.28,29.985,5.135,26.42,23.86,11.36,44.44,22.0,74.065,54.44,56.870000000000005,32.43,48.79,49.78,38.705,55.35,56.395,17.884999999999998,32.795,53.955,46.945,49.010000000000005,12.185,23.795,1752.77910695337,325.491207395575,1494.66633364423,186.600810050696,1295.48761942071,1977.94714785843,329.555815576553,901.686076548506,230.849090470802,5375.5512410188,8524.23699813543,3275.13326188385,3640.8970348155,2512.57079543989,3961.37782638861,508.545110737318,3168.57670053551,4925.55676362211,1332.50664914631,1033.34082969502,2154.7770005879,2240.60661125835,1199.30490748315,653.494911158673,Ubiquitin protein ligase E3 component n-recognin 4,Q5T4S7,609890.0,gene,23352.0,UBR4,ENSG00000127481,bacteria
sp|Q5T4S7|UBR4_HUMAN,sp,Q5T4S7,UBR4,HUMAN,0644875|tr|A0A934P8V5|A0A934P8V5_9STRE,644875,tr,A0A934P8V5,A0A934P8V5,FLGLAS,647,652,FLGLAS,195,200,AAAGIFLGLASVLQNP,6,,,,,,,,weak,very_weak,,,,,,very_weak,,,very_weak,,,,,,very_weak,,,,,weak,very_weak,,,,,,,,,very_weak,,,very_weak,,,,,,,,,,strong,weak,very_weak,,,,,,,,,,strong,weak,very_weak,,,,,,,,weak,very_weak,,weak,very_weak,,weak,very_weak,strong,weak,very_weak,20.635,31.520000000000003,4.83,25.04,12.22,13.915,44.165,12.61,23.015,6.865,23.57,47.825,18.095,20.9,38.72,1.97,23.505,31.655,20.54,1.85,32.075,24.435,9.855,2.29,5.185,1174.57132615736,445.508896632084,181.821566293644,2075.71340498093,151.60614176392,1169.94183412859,3350.9449811443,134.382301827127,156.996427360317,90.6710678624178,1392.27077876168,913.449893723837,1301.27546841497,469.47102547141,2088.96125208295,10.7858009905524,229.501762447094,1231.36186556813,824.900631888245,71.3534109538026,788.893513186094,415.352141007434,87.1836333857909,57.0368401675343,Ubiquitin protein ligase E3 component n-recognin 4,Q5T4S7,609890.0,gene,23352.0,UBR4,ENSG00000127481,bacteria
sp|Q5T4S7|UBR4_HUMAN,sp,Q5T4S7,UBR4,HUMAN,0644875|tr|A0A934P8S9|A0A934P8S9_9STRE,644875,tr,A0A934P8S9,A0A934P8S9,IKDHLI,1054,1059,IKDHLI,396,401,YRIEFIKDHLIELHRA,6,strong,weak,very_weak,,weak,very_weak,,,,strong,weak,very_weak,strong,weak,very_weak,,weak,very_weak,,weak,very_weak,,weak,very_weak,,weak,very_weak,,,,,,very_weak,,weak,very_weak,,weak,very_weak,,,very_weak,strong,weak,very_weak,strong,weak,very_weak,,weak,very_weak,,weak,very_weak,,,very_weak,,weak,very_weak,strong,weak,very_weak,,weak,very_weak,strong,weak,very_weak,,weak,very_weak,,,very_weak,,weak,very_weak,,,,strong,weak,very_weak,0.14,4.65,23.435,0.42,0.5449999999999999,4.045,2.78,3.245,6.255,46.535,12.71,4.635,10.585,0.655,1.415,6.305,11.62,2.05,1.805,7.25,1.51,6.92,10.275,9.175,21.01,79.3366836872659,131.173037941535,776.386555694707,23.3890196080872,29.1419482949666,499.065989484958,112.565638713704,76.3198719909117,84.5298322309012,2932.15352854356,1587.58253009038,135.756023273907,1097.69740676284,55.4816782302444,324.622498272475,40.1376283924049,317.391549958787,125.47852411941,191.335845243994,171.99700424359,94.1348991465201,176.992293630258,248.025558269074,176.428264127886,Ubiquitin protein ligase E3 component n-recognin 4,Q5T4S7,609890.0,gene,23352.0,UBR4,ENSG00000127481,bacteria
sp|Q5T4S7|UBR4_HUMAN,sp,Q5T4S7,UBR4,HUMAN,0644875|tr|A0A934UCW9|A0A934UCW9_9STRE,644875,tr,A0A934UCW9,A0A934UCW9,SLFLMA,3995,4000,SLFLMA,7,12,TQKNGSLFLMAIGFFL,6,,,,,,,,,,,,,,,,,,,,,,,,,,,,,,,,,,,weak,very_weak,,,,,,,,,,,,,,,,,,,,,,,,very_weak,,,,,,,,,very_weak,,,,,,,,,,,,,,weak,very_weak,31.185,60.94,63.915,55.93,54.845,62.925,73.07,29.285,62.555,51.235,36.055,7.255,39.51,25.895000000000003,22.33,24.22,30.32,18.505000000000003,37.675,67.41,19.915,44.24,37.095,60.645,58.575,1075.57122930727,1015.69386554413,1856.43060063247,4464.66297458331,634.872567976457,4592.6895474697,6596.71191611897,382.713202460614,1301.83877078452,915.696165966217,1179.76789711236,65.2121781511334,2704.05123342102,123.101011907942,326.238673786309,114.934750448191,220.923009968629,168.265883611277,865.158940632847,2032.02578705571,157.546056510654,495.750783108066,482.150206416243,1269.9515781821,Ubiquitin protein ligase E3 component n-recognin 4,Q5T4S7,609890.0,gene,23352.0,UBR4,ENSG00000127481,bacteria
sp|Q5T4S7|UBR4_HUMAN,sp,Q5T4S7,UBR4,HUMAN,0644875|tr|A0A934UD09|A0A934UD09_9STRE,644875,tr,A0A934UD09,A0A934UD09,IAELGM,3029,3034,IAELGM,357,362,ELPIRIAELGMMHRYE,6,,,,strong,weak,very_weak,,,very_weak,,,,,,very_weak,,,,,,very_weak,,,,,,,,,,strong,weak,very_weak,,,very_weak,,,very_weak,,,,,weak,very_weak,,weak,very_weak,,,,,,,,,,,,very_weak,,weak,very_weak,,,,,,very_weak,,,,,weak,very_weak,,,,,,,strong,weak,very_weak,31.815,1.2699999999999998,19.89,20.625,18.985,20.75,10.14,21.805,27.88,24.475,1.255,14.955,27.125,5.654999999999999,4.635000000000001,20.32,21.355,11.62,4.37,23.595,10.565,30.975,7.57,27.065,20.2,2249.98392606608,29.942923596154,261.411104535843,1456.4792984188,143.29946193859,1680.90114838809,369.417283461771,187.574470558028,312.177240330411,620.724100272325,288.902907714986,416.058301454713,2508.03492297331,175.879352369079,331.677085939182,55.1465269131315,451.247971531249,568.916335855392,163.934950070106,286.899951736968,324.861425511554,268.212730172868,82.7095540783702,357.220444420863,Ubiquitin protein ligase E3 component n-recognin 4,Q5T4S7,609890.0,gene,23352.0,UBR4,ENSG00000127481,bacteria
sp|Q5T4S7|UBR4_HUMAN,sp,Q5T4S7,UBR4,HUMAN,0644875|tr|A0A934PA89|A0A934PA89_9STRE,644875,tr,A0A934PA89,A0A934PA89,SVDGEE,1622,1627,SVDGEE,173,178,IDFVGSVDGEEFDGGK,6,,,,,,,,,,,,,,,,,,,,,,,,,,,,,,,,,,,,,,,,strong,weak,very_weak,,,,,,,strong,weak,very_weak,,,,,,,,,,,,,,,,,,,,,,,,,,,very_weak,,,,strong,weak,very_weak,24.995,57.525000000000006,63.85,40.745,61.17,57.115,57.53,39.295,73.92,28.285,67.805,51.915,1.21,47.285,63.925,53.985,52.13,42.11,42.47,34.02,43.69,47.760000000000005,33.075,11.155,66.50999999999999,3496.05182336628,8192.02935825547,10440.7815591713,7461.8890425661,9525.55837715985,16455.3037126238,11199.4432165791,4492.96338351734,10681.7679053746,2656.06146213788,19290.4860181605,7358.30385339903,532.285995237196,7163.48361698086,13744.6548155894,3375.32508589667,4407.16504356012,9085.64877045396,9859.43352980687,3090.59783809216,4789.5464997804,5740.82023427505,2691.23776266921,738.890730919215,Ubiquitin protein ligase E3 component n-recognin 4,Q5T4S7,609890.0,gene,23352.0,UBR4,ENSG00000127481,bacteria
sp|Q5T4S7|UBR4_HUMAN,sp,Q5T4S7,UBR4,HUMAN,0644875|tr|A0A934PAP6|A0A934PAP6_9STRE,644875,tr,A0A934PAP6,A0A934PAP6,GVSPVL,3314,3319,GVSPVL,32,37,GASLFGVSPVLADQTE,6,,,very_weak,,,very_weak,,weak,very_weak,,,very_weak,,,very_weak,,,very_weak,,,,,weak,very_weak,,,,,weak,very_weak,,,very_weak,,,,,,,,weak,very_weak,,,very_weak,,,,,weak,very_weak,,weak,very_weak,,weak,very_weak,,,very_weak,,,,,weak,very_weak,,,very_weak,,weak,very_weak,,weak,very_weak,strong,weak,very_weak,,,very_weak,strong,weak,very_weak,15.36,13.17,5.51,16.485,14.005,10.725,31.345,6.145,22.015,7.585000000000001,10.26,22.285,3.105,15.74,32.71,3.1100000000000003,2.7,17.84,20.66,4.59,19.45,6.3,4.315,1.29,14.39,1083.05675762988,444.897137990108,226.995146006267,1988.39691726453,478.880005951164,1766.81195292188,3430.4782032014,171.47301066349,717.741706710375,170.54048440726,2212.20580419892,1307.03260734133,559.485062082571,999.364164670426,3905.37212202993,27.6365757901431,126.488586282739,2088.14773501725,1579.30753973309,204.533989427549,1074.17564243214,134.226815271062,137.486989188055,99.9608510947642,Ubiquitin protein ligase E3 component n-recognin 4,Q5T4S7,609890.0,gene,23352.0,UBR4,ENSG00000127481,bacteria
sp|Q5T4S7|UBR4_HUMAN,sp,Q5T4S7,UBR4,HUMAN,0644875|tr|A0A934UDX7|A0A934UDX7_9STRE,644875,tr,A0A934UDX7,A0A934UDX7,VEKAVE,1848,1853,VEKAVE,679,684,VLSEGVEKAVEKACYY,6,,,,,,,,,,,,,,,,,,,,,,,,,,,,,,,,,,,,,,,,,,,,,,,,,,,,,,,,,,,,,,,,,,,,,,,,,,,,,,,,,,,,,76.19,73.68,54.400000000000006,66.785,52.445,73.11500000000001,59.44,53.055,65.755,45.305,52.53,75.09,59.02,67.56,64.71000000000001,58.715,55.53,64.005,48.620000000000005,68.145,70.045,39.54,44.015,76.95,52.625,10055.9448925563,3702.63239531811,4672.48428735121,7333.82318027213,6495.9935220947,16986.4286143955,6915.58820041434,4333.30764976402,5842.14298820624,2426.01591003766,8556.1159325922,7304.36417888409,4014.1454666847,5494.1540009032,7380.86948992341,1989.77429098392,3737.04404008581,8801.08617224102,4416.52113220488,4112.93354311907,4048.122109145,2545.81919143058,3219.13223926485,6020.47309485495,Ubiquitin protein ligase E3 component n-recognin 4,Q5T4S7,609890.0,gene,23352.0,UBR4,ENSG00000127481,bacteria
sp|Q5T4S7|UBR4_HUMAN,sp,Q5T4S7,UBR4,HUMAN,0644875|tr|A0A934P967|A0A934P967_9STRE,644875,tr,A0A934P967,A0A934P967,VDIIHG,2661,2666,VDIIHG,729,734,NNMAQVDIIHGIGTGV,6,,,,,,very_weak,,,,,weak,very_weak,,,very_weak,,,,,,very_weak,,,,,,,,,very_weak,,,,,,,,,,,,,,,,,,,,,,,weak,very_weak,,,very_weak,,,,,,,,,,,,,,,,,,,,,,,,,,weak,very_weak,51.195,13.005,26.65,8.92,15.515,39.845,17.15,25.75,27.4,17.28,66.82000000000001,73.83000000000001,40.665,59.445,57.34,7.295,11.885,68.42999999999999,24.545,27.505,66.735,40.825,21.39,38.875,37.900000000000006,5126.35437236319,609.107863232208,1311.86386926894,1075.48977029649,597.883649208868,3934.93537240557,2087.15386660882,500.028077076986,303.747591509593,311.667625777065,10523.6878247976,7047.09346264104,3874.94075162626,4994.89539644811,8460.19423026575,61.2210562736995,586.631372951307,8781.11145542579,2059.18255908462,1601.57461244163,5349.96277532408,1029.44618659316,262.789332358494,2246.11650563957,Ubiquitin protein ligase E3 component n-recognin 4,Q5T4S7,609890.0,gene,23352.0,UBR4,ENSG00000127481,bacteria
sp|Q5T4S7|UBR4_HUMAN,sp,Q5T4S7,UBR4,HUMAN,0644875|tr|A0A934PB95|A0A934PB95_9STRE,644875,tr,A0A934PB95,A0A934PB95,LDAAIS,1124,1129,LDAAIS,452,457,LPEAQLDAAISRNFPL,6,,,,,,,,,,,weak,very_weak,,,very_weak,,,,strong,weak,very_weak,,weak,very_weak,,,,,,very_weak,,,,,,,,,,,,,,,,,,,,,,,,,,,very_weak,,,,,,very_weak,,,,,,,,,,,weak,very_weak,,,,,,,strong,weak,very_weak,47.595,52.295,45.865,6.17,18.365,37.775,1.69,3.415,21.87,19.65,23.55,56.985,27.265,57.37,46.43,27.94,11.235,53.46,12.815,33.510000000000005,53.2,21.15,2.72,34.129999999999995,49.205,4332.18254557868,1626.79372523681,1676.7777702064,571.037790160732,493.561789500331,4383.38714513242,110.043956553788,58.8402344296321,393.057787681562,743.614606563872,4536.7814163291,3565.92560097175,1798.38446611003,3336.83474478086,5345.33394604464,192.967882274553,625.2537649446,4870.02070703657,957.43908443216,992.994129810758,2752.78894400314,565.020959514208,77.9244512430337,964.71810977073,Ubiquitin protein ligase E3 component n-recognin 4,Q5T4S7,609890.0,gene,23352.0,UBR4,ENSG00000127481,bacteria
sp|Q5T4S7|UBR4_HUMAN,sp,Q5T4S7,UBR4,HUMAN,0644875|tr|A0A934PA19|A0A934PA19_9STRE,644875,tr,A0A934PA19,A0A934PA19,KMVDGV,1683,1688,KMVDGV,93,98,VERIMKMVDGVVLVVD,6,,weak,very_weak,,,very_weak,,,,,weak,very_weak,,weak,very_weak,,,,,,,,weak,very_weak,,,,,,very_weak,,,very_weak,,,,,,very_weak,,,very_weak,,,,,,,,,very_weak,,weak,very_weak,,,,,,,,weak,very_weak,,,,,,,,,,,weak,very_weak,,,very_weak,,,,,weak,very_weak,6.32,17.97,29.02,8.695,5.275,21.28,20.495,2.225,20.46,13.215,14.95,38.76,12.155,30.675,33.805,2.1,31.645000000000003,25.705,4.545,20.435,25.5,41.195,8.09,16.935000000000002,29.475,333.025571973653,127.59648434554,446.609283458013,271.903116883465,52.7667645040137,914.795015391627,593.430260509377,24.6470207512998,60.5334036171815,335.866179622945,1279.03898914512,610.143437239598,1200.82408579861,359.496446459681,1238.4165745366,12.350470631323,446.131150452488,1007.96477826642,119.529671384463,325.367969737207,565.510243362009,420.925837338955,95.1476229720805,215.847768960749,Ubiquitin protein ligase E3 component n-recognin 4,Q5T4S7,609890.0,gene,23352.0,UBR4,ENSG00000127481,bacteria
sp|Q5T4S7|UBR4_HUMAN,sp,Q5T4S7,UBR4,HUMAN,0283361|tr|A0A416A388|A0A416A388_9BACT,283361,tr,A0A416A388,A0A416A388,KEKEKD,3375,3380,KEKEKD,38,43,KLRQEKEKEKDRLEHI,6,,,,,,,,,,,,,,,,,,,,,,,,,,,,,,,,,,,,,,,,,,,,,,,,,,,,,,,,,,,,,,,,,,,,,,,,,,,,,,,,,,,,,75.67,65.74,82.21000000000001,47.540000000000006,80.615,89.1,56.2,95.0,69.475,95.0,70.02000000000001,74.735,94.015,73.25999999999999,57.005,95.0,95.0,68.255,85.55,82.685,61.43,95.0,95.0,82.55,65.28,19770.3578648387,8064.51016268492,16725.6325426037,6899.81810596707,16438.2204834976,25448.6644622325,9178.62601471949,33533.8974415185,11564.0532362215,32128.4820658486,19188.8996792594,11469.9720592749,16774.3837479008,9866.26321482301,11189.511232781,27292.2372386732,35513.4833076157,13490.5021083401,17949.5154178,15605.6171910788,6316.68685705412,31919.2023237699,31914.3676682582,15708.4460271012,Ubiquitin protein ligase E3 component n-recognin 4,Q5T4S7,609890.0,gene,23352.0,UBR4,ENSG00000127481,bacteria
sp|Q5T4S7|UBR4_HUMAN,sp,Q5T4S7,UBR4,HUMAN,0283361|tr|A0A3R6LT06|A0A3R6LT06_9BACT,283361,tr,A0A3R6LT06,A0A3R6LT06,VLGIYT,4852,4857,VLGIYT,319,324,LFPTVVLGIYTNEASL,6,,weak,very_weak,,,very_weak,,weak,very_weak,,,,strong,weak,very_weak,,,,,,,,,,,,,,,,,,,,,,,,,,weak,very_weak,,,,,,,,,,,,very_weak,,weak,very_weak,,,,,,,,weak,very_weak,,,,,,very_weak,,,,,weak,very_weak,,,,strong,weak,very_weak,7.815,10.14,9.99,42.795,1.955,29.505000000000003,37.63,26.21,31.71,23.92,49.98,37.335,8.49,30.11,45.51,16.985,7.125,34.58,21.14,2.615,38.28,15.19,28.815,4.725,23.18,470.411687494843,468.648855503484,446.802613827901,4627.95642497548,84.934131999527,4383.76657977014,4402.68497462228,486.283847682062,826.73233714683,1014.55159176769,6100.93300652767,1178.10963609723,1069.09709978058,913.459777102629,3026.99062661925,119.911799845586,341.664648119803,1823.04985649906,1268.59198762401,133.28757128976,947.04342110069,415.356635049822,625.571805838432,173.002997332423,Ubiquitin protein ligase E3 component n-recognin 4,Q5T4S7,609890.0,gene,23352.0,UBR4,ENSG00000127481,bacteria
sp|Q5T4S7|UBR4_HUMAN,sp,Q5T4S7,UBR4,HUMAN,0283361|tr|A0A415ZWG7|A0A415ZWG7_9BACT,283361,tr,A0A415ZWG7,A0A415ZWG7,KDLLNS,5176,5181,KDLLNS,328,333,SVYGTKDLLNSVKDNL,6,,,,,,,,,,,,,,,,,,,,,,,,,,,,,,,,,,,,very_weak,,,,,,,,,,,,,,,,,,,,,,,,,,,,,,,,,,,,very_weak,,,,,,,,,,,,very_weak,49.085,46.08,26.15,29.47,63.645,46.345,22.515,56.29,45.365,61.315,41.745,16.97,55.900000000000006,26.76,41.025,63.08,38.535,30.31,48.010000000000005,38.485,32.105,18.385,66.74,35.44,49.7,4813.96479495432,1671.65133385004,2535.20891651926,2547.69295419761,3528.81079946199,5742.37330436664,2092.24112840735,2546.86612420959,1859.24479497138,4006.1185526062,9315.19110045179,1866.72305902668,4485.04646937184,2294.43180045576,5026.71998063288,981.224573876639,1961.30342703622,4836.15233300283,4080.84066231334,1401.76322236099,2309.15052850586,1715.70265405055,3071.59593077811,1181.68417578108,Ubiquitin protein ligase E3 component n-recognin 4,Q5T4S7,609890.0,gene,23352.0,UBR4,ENSG00000127481,bacteria
sp|Q5T4S7|UBR4_HUMAN,sp,Q5T4S7,UBR4,HUMAN,0283361|tr|A0A415ZMT1|A0A415ZMT1_9BACT,283361,tr,A0A415ZMT1,A0A415ZMT1,EAAAAAP,8,14,EAAAAAP,165,171,AKQAEEAAAAAPAEEAP,7,,,,,,,,,,,,,,,,,,,,,,,,,,,,strong,weak,very_weak,,weak,very_weak,,,,,,,strong,weak,very_weak,,,,,,,strong,weak,very_weak,,,,strong,weak,very_weak,,,,,,,,,,,,,,weak,very_weak,,,,,,,,,,strong,weak,very_weak,34.9,67.685,57.61,75.55,75.945,54.08,86.85,44.095,80.39,0.285,9.78,62.86,0.11,72.405,63.3,32.405,1.16,64.59,88.265,47.190000000000005,66.95,4.57,31.525,54.65,67.99,9086.04199778423,10119.0301376411,8419.28469319652,18920.2693359087,16789.0912959757,17487.1410401053,22376.8495158311,7197.97965298799,14716.4525341732,32.1969618449684,3258.83784032164,11448.8940160131,191.532616440377,12064.9449810668,12909.3182129174,1464.6018783092,142.127475305871,15668.7252460642,21251.4982343691,6511.96787387429,9249.20798723326,1207.79531103142,2625.3754918662,8973.78423870371,Ubiquitin protein ligase E3 component n-recognin 4,Q5T4S7,609890.0,gene,23352.0,UBR4,ENSG00000127481,bacteria
sp|Q5T4S7|UBR4_HUMAN,sp,Q5T4S7,UBR4,HUMAN,0283361|tr|A0A416A9W7|A0A416A9W7_9BACT,283361,tr,A0A416A9W7,A0A416A9W7,AAVAEQ,4556,4561,AAVAEQ,490,495,MLVLNAAVAEQLKIFK,6,,,very_weak,,,,,,,,,very_weak,,,very_weak,,weak,very_weak,,,,,weak,very_weak,,,very_weak,,weak,very_weak,,,very_weak,,,,,,,,weak,very_weak,,,,,,,,weak,very_weak,,weak,very_weak,,weak,very_weak,,,,,,very_weak,,,,,,,,,,,weak,very_weak,,,,,,,,weak,very_weak,15.975,28.355,28.425,15.75,18.835,4.324999999999999,23.97,5.715,13.865,4.23,13.395,33.34,3.11,24.125,36.19,3.55,8.68,27.5,19.74,25.215,24.885,38.285,4.35,25.49,44.775000000000006,482.975159170647,296.525695831402,339.325266556952,659.70398853804,272.34771161838,25.2552231471657,809.61233653384,60.076014818017,21.5919232892821,90.0395251518719,800.241418122319,638.530600972252,517.621490789162,364.766307179973,1527.61064833862,15.3331016417711,105.205217223798,971.200939044902,515.408417570025,259.702694917796,510.960857665873,434.023322843116,57.9826275558957,270.673237537806,Ubiquitin protein ligase E3 component n-recognin 4,Q5T4S7,609890.0,gene,23352.0,UBR4,ENSG00000127481,bacteria
sp|Q5T4S7|UBR4_HUMAN,sp,Q5T4S7,UBR4,HUMAN,0283361|tr|A0A3R6LTY9|A0A3R6LTY9_9BACT,283361,tr,A0A3R6LTY9,A0A3R6LTY9,DEKDKG,3014,3019,DEKDKG,136,141,LSPVQDEKDKGKQKEE,6,,,,,,,,,,,,,,,,,,,,,,,,,,,,,,,,,,,,,,,,,,,,,,,,,,,,,,,,,,,,,,,,,,,,,,,,,,,,,,,,,,,,,68.565,53.27,81.79,54.57,68.47,95.0,31.375,95.0,69.465,95.0,95.0,95.0,79.25,95.0,78.19500000000001,95.0,89.94,95.0,74.33,72.72,95.0,95.0,95.0,82.095,68.16,11051.9826351148,10859.0109413135,19844.5097448207,15686.3665115298,17218.2848291581,38277.453448172,6963.86851082802,35376.5713585253,16880.1645446557,25720.2203653035,41179.3872858044,33196.003052615,10564.0729620578,33085.2037956125,24819.954269776,29616.9175365968,14586.1468179432,33839.3310112007,20922.2766125501,14878.4774693333,30058.2261832605,26888.9197515472,32898.5118149753,12019.8625696729,Ubiquitin protein ligase E3 component n-recognin 4,Q5T4S7,609890.0,gene,23352.0,UBR4,ENSG00000127481,bacteria
sp|Q5T4S7|UBR4_HUMAN,sp,Q5T4S7,UBR4,HUMAN,0283361|tr|A0A415ZMT1|A0A415ZMT1_9BACT,283361,tr,A0A415ZMT1,A0A415ZMT1,EAAAAA,8,13,EAAAAA,165,170,AKQAEEAAAAAPAEEA,6,,,,,,,,,,,,,,,,,,,,,,,,,,,,strong,weak,very_weak,,weak,very_weak,,,,,,,strong,weak,very_weak,,,,,,,,weak,very_weak,,,,strong,weak,very_weak,,,,,,,,,,,,,,weak,very_weak,,,,,,,,,,strong,weak,very_weak,35.730000000000004,67.685,56.185,75.55,75.945,54.08,86.85,44.095,80.39,0.285,9.78,62.86,0.11,72.405,60.395,32.405,1.29,64.59,88.265,47.190000000000005,68.01,4.57,31.525,54.65,67.99,9667.0761365065,10119.0301376411,8986.02647051156,18920.2693359087,16789.0912959757,17487.1410401053,22376.8495158311,7197.97965298799,14716.4525341732,32.1969618449684,3258.83784032164,11448.8940160131,191.532616440377,12064.9449810668,13136.4508690848,1464.6018783092,155.565912591179,15668.7252460642,21251.4982343691,6511.96787387429,9250.00861692111,1207.79531103142,2625.3754918662,8973.78423870371,Ubiquitin protein ligase E3 component n-recognin 4,Q5T4S7,609890.0,gene,23352.0,UBR4,ENSG00000127481,bacteria
sp|Q5T4S7|UBR4_HUMAN,sp,Q5T4S7,UBR4,HUMAN,0283361|tr|A0A415ZMT1|A0A415ZMT1_9BACT,283361,tr,A0A415ZMT1,A0A415ZMT1,EEAAAAA,7,13,EEAAAAA,164,170,AAKQAEEAAAAAPAEEA,7,,,,,,,,,,,,,,,,,,,,,,,,,,,,strong,weak,very_weak,,weak,very_weak,,,,,,,strong,weak,very_weak,,,,,,,,weak,very_weak,,,,strong,weak,very_weak,,,,,,,,,,,,,,weak,very_weak,,,,,,,,,,strong,weak,very_weak,35.730000000000004,56.44,54.515,76.89,76.38,54.55,81.565,44.095,78.88499999999999,0.285,5.565,60.985,0.11,65.65,52.120000000000005,35.754999999999995,1.29,60.615,85.725,45.655,55.97,4.57,31.525,54.65,66.415,9667.0761365065,8134.88216408609,7374.80267241838,17737.9185897391,15607.8123865941,16768.5769096017,19923.6817148663,7197.97965298799,12915.0461977173,32.1969618449684,2169.91421550517,11354.1525803462,191.532616440377,11163.0287220306,11636.8513038184,1416.16934097985,155.565912591179,14905.547011349,19566.2779373335,5684.08146014717,8427.39603465825,1207.79531103142,2625.3754918662,8973.78423870371,Ubiquitin protein ligase E3 component n-recognin 4,Q5T4S7,609890.0,gene,23352.0,UBR4,ENSG00000127481,bacteria
sp|Q5T4S7|UBR4_HUMAN,sp,Q5T4S7,UBR4,HUMAN,0283361|tr|A0A3R6LMN1|A0A3R6LMN1_9BACT,283361,tr,A0A3R6LMN1,A0A3R6LMN1,TISDGK,1771,1776,TISDGK,91,96,GTYQATISDGKSDKAV,6,,,,,,,,,,,,,,,,,,,,,very_weak,,,,,,,,,very_weak,,,,,,,,weak,very_weak,,,,,,,,,,,,,,,,,,,,,,,,,,,,,,,,,very_weak,,,,,,,,,,,weak,very_weak,54.835,34.085,46.34,56.8,60.040000000000006,33.57,10.6,32.34,64.24,13.58,47.05,80.145,27.875,71.615,53.4,40.38,24.155,81.325,75.275,20.87,68.12,19.695,32.055,34.415,42.18,15761.3932113802,4203.76967207518,6316.0717806405,9034.47835364818,8935.12709398037,9492.73749746116,1504.28713608715,3430.81227258876,8081.19333175877,860.770519178898,14359.4059047837,18284.9032248882,4203.54225894759,16584.3539755964,14721.2301721326,1785.04698248214,2065.63152725546,19650.0794875381,16669.2658343145,1708.55207678771,11499.919803335,2914.28343882855,2619.9838993297,3420.02715748083,Ubiquitin protein ligase E3 component n-recognin 4,Q5T4S7,609890.0,gene,23352.0,UBR4,ENSG00000127481,bacteria
sp|Q5T4S7|UBR4_HUMAN,sp,Q5T4S7,UBR4,HUMAN,0283361|tr|A0A415ZUY1|A0A415ZUY1_9BACT,283361,tr,A0A415ZUY1,A0A415ZUY1,AALAAS,3334,3339,AALAAS,330,335,VTMKGAALAASDVFTF,6,,,,,,very_weak,,,,,,,,,,,,,,,,,,,,,,strong,weak,very_weak,strong,weak,very_weak,,,,,,,,weak,very_weak,,,,,,,,,very_weak,,,very_weak,strong,weak,very_weak,,,,,,,,,,,,,,,very_weak,,,very_weak,,,,,,,strong,weak,very_weak,34.095,16.39,23.825,28.380000000000003,53.99,46.115,37.06,28.175,49.105,0.845,1.335,50.17,6.125,37.935,45.64,19.615,0.04,45.9,31.395000000000003,31.285,38.885000000000005,14.31,17.24,43.09,41.41,1715.88829931676,350.190450184982,412.490367775477,1255.83657151602,1522.19893879752,4034.91616191948,2776.38956020861,357.487232170134,1083.60766409151,14.5720737550981,469.598031958075,1410.78603014793,478.978462205224,1106.52154896747,3300.99697909995,83.104248420412,17.1020164918389,2308.40111523741,1425.73216433113,643.238922663938,1147.32730297383,124.397091368139,162.22517480736,1155.51224458562,Ubiquitin protein ligase E3 component n-recognin 4,Q5T4S7,609890.0,gene,23352.0,UBR4,ENSG00000127481,bacteria
sp|Q5T4S7|UBR4_HUMAN,sp,Q5T4S7,UBR4,HUMAN,0283361|tr|A0A3R6LSZ1|A0A3R6LSZ1_9BACT,283361,tr,A0A3R6LSZ1,A0A3R6LSZ1,EEDRKK,3729,3734,EEDRKK,118,123,LFSVAEEDRKKENIFA,6,,,,,,,,,,,,,,,,,,,,,very_weak,,,,,,,,,,,,,,,,,,,,,,,,,,,,,,,,,,,,,,,,,,,,,,,,,,,,,,,,,,,,,,,very_weak,81.52,56.150000000000006,71.18,60.620000000000005,75.35499999999999,67.955,19.51,87.44,57.365,88.65,76.265,86.28999999999999,85.33500000000001,68.93,56.38,77.11500000000001,92.95,76.735,66.485,64.305,67.995,78.045,70.465,68.16499999999999,44.16,12790.1691758593,4276.48329710408,8886.53495352839,8353.04742364088,8960.29826689273,16816.5435064534,2942.06853285419,10918.152439858,8728.35020978933,10562.8157266763,19767.3633392034,13377.2738127535,9300.78951735235,9757.02588980297,9851.32941903645,4232.43079685448,12889.9178465962,13680.8562715708,10888.8949775691,5623.82512722979,6738.82982636681,7620.00735818714,6655.35576687158,6209.88805148231,Ubiquitin protein ligase E3 component n-recognin 4,Q5T4S7,609890.0,gene,23352.0,UBR4,ENSG00000127481,bacteria
sp|Q5T4S7|UBR4_HUMAN,sp,Q5T4S7,UBR4,HUMAN,0283361|tr|A0A3R6IM45|A0A3R6IM45_9BACT,283361,tr,A0A3R6IM45,A0A3R6IM45,EEATLS,4224,4229,EEATLS,17,22,CAEKKEEATLSGLMKS,6,,,,,,,,,,,,,,,,,,,,,,,,very_weak,,,,,,,,,very_weak,,,,,,,,,,,,,,,,,,,,,,,,,,,,,,,,,,,,,,,,,,,,,,,,,,,very_weak,79.605,67.28,63.485,70.87,68.425,69.17,78.905,12.98,72.49000000000001,41.705,15.015,65.69,46.465,61.540000000000006,40.875,40.47,26.42,60.065,64.515,55.9,54.275000000000006,35.42,30.21,55.46,58.84,13335.0766782272,2989.9480891279,3707.12202116468,9259.52139409979,4016.96955029376,10841.4014213955,10383.3270841433,489.435120000227,5172.20675229052,1167.38760712581,3386.99517986248,5049.72419284799,3487.62668084133,3433.18881553115,3755.48686435995,484.949265599621,611.637228233397,6534.97775463312,6187.95587004287,2945.34911102375,2635.90677070214,1010.22484101808,833.739008966889,3469.82345663769,Ubiquitin protein ligase E3 component n-recognin 4,Q5T4S7,609890.0,gene,23352.0,UBR4,ENSG00000127481,bacteria
sp|Q5T4S7|UBR4_HUMAN,sp,Q5T4S7,UBR4,HUMAN,0283361|tr|A0A416A8C3|A0A416A8C3_9BACT,283361,tr,A0A416A8C3,A0A416A8C3,LSVFMS,3059,3064,LSVFMS,53,58,AEFGELSVFMSVIGIG,6,,,,,,,,,,,,,,,very_weak,,,,,,,,,,,,,,,,,,,,,,,,,,,,,,,,,,,,,,,,,,,,,,,,,,,,,,,,,,,,,,,,,,,,,very_weak,30.8,56.97,35.32,64.38,16.675,61.905,74.295,50.18,60.35,38.59,57.83,32.135,24.49,38.355,50.92,22.02,41.02,32.855,49.615,25.59,41.295,45.21,46.05,25.72,37.34,1401.29313141726,1017.06849271092,757.427135164781,4551.03899391094,484.189040789403,5524.61479563823,8125.82139884792,547.448872820112,1449.85993819775,643.113660216653,3914.97585514562,327.862895641064,1331.48340494497,281.936326359629,1892.57144450959,53.0002166832931,475.035397214524,355.273918926004,1937.34406782041,354.364061539689,424.24988737154,706.852076968451,492.15398061444,298.137439766679,Ubiquitin protein ligase E3 component n-recognin 4,Q5T4S7,609890.0,gene,23352.0,UBR4,ENSG00000127481,bacteria
sp|Q5T4S7|UBR4_HUMAN,sp,Q5T4S7,UBR4,HUMAN,0283361|tr|A0A3R6NEI3|A0A3R6NEI3_9BACT,283361,tr,A0A3R6NEI3,A0A3R6NEI3,ELATLL,2507,2512,ELATLL,5,10,MLSGELATLLSGRYV,6,,,,,,,,,,,,,,,,,,,,,,,,,,,,,,,,,,,,,,,,,,,,,,,,,,,,,,,,,,,,,strong,weak,very_weak,,,,,,,,,,,,,,,,,,,strong,weak,very_weak,51.175,38.465,46.125,35.82,26.795,59.845,33.805,36.8,47.325,33.614999999999995,33.345,46.295,39.835,29.35,28.525,25.58,24.945,33.8,0.3299999999999999,45.105,27.86,36.88,38.32,36.545,42.015,5283.80698594428,551.115759847707,1111.09241691214,2671.85666450369,279.213273590372,5893.82374123207,2008.85368845499,346.493114680225,1102.13642044971,821.213845162636,2371.46330925853,959.098004527967,3594.66905988206,497.131227291719,1588.47600054393,41.3802781205817,362.904291275479,1605.04410144043,44.937991071189,838.688056347672,719.156475950783,368.894045649346,367.396345942478,602.722506933412,Ubiquitin protein ligase E3 component n-recognin 4,Q5T4S7,609890.0,gene,23352.0,UBR4,ENSG00000127481,bacteria
sp|Q5T4S7|UBR4_HUMAN,sp,Q5T4S7,UBR4,HUMAN,0283361|tr|A0A3R6N600|A0A3R6N600_9BACT,283361,tr,A0A3R6N600,A0A3R6N600,SDEMNP,1302,1307,SDEMNP,178,183,NLYHLSDEMNPELLPV,6,,,,,,,,,,,,,,,,,,,,,,,,,,,,,,,,,,,,,,,,,,,,,,,,,,,,,,,,,,,,,,,,,,,,,,,,,,,,,,,,,,,,,28.775,62.345,74.655,24.26,66.03999999999999,62.495000000000005,51.49,57.655,69.18,70.355,78.705,65.435,22.285,63.95,64.41,58.29,71.435,65.995,74.735,34.68,54.56999999999999,67.195,30.155,31.015,73.515,1312.74419723418,2750.25841970603,6111.96676598264,1943.64277486449,5056.77727348172,9166.7164641022,4703.01787667101,2512.86985328434,3546.87830359798,4453.27714485797,13043.8236770977,3604.48360149133,1650.64090491569,3350.40117804812,7624.79077276742,946.080711564803,3971.80680919071,5154.60868740844,7719.17096555962,1283.25294680425,2262.70313662754,3543.88620428172,965.480387403228,761.231029792601,Ubiquitin protein ligase E3 component n-recognin 4,Q5T4S7,609890.0,gene,23352.0,UBR4,ENSG00000127481,bacteria
sp|Q5T4S7|UBR4_HUMAN,sp,Q5T4S7,UBR4,HUMAN,0283361|tr|A0A416AEV8|A0A416AEV8_9BACT,283361,tr,A0A416AEV8,A0A416AEV8,VSTALK,3951,3956,VSTALK,712,717,GHISDVSTALKWQFSD,6,,,,,,,,,,,,very_weak,,,,,,,,,very_weak,,,,,,,,,,,,,,,,,,very_weak,,,,,,,,,,,,,,,,,,very_weak,,,,,,very_weak,,,,,,,,,,,,,,,,,,,,,very_weak,57.785,43.42,40.775,17.345,39.07,52.925,17.415,29.27,41.51,44.495000000000005,38.815,56.495,49.135,49.985,42.905,54.06,13.78,51.505,18.65,37.84,48.04,39.535,41.69,46.0,39.815,6754.59737537699,903.023645599296,1147.21558397006,537.430641616057,953.077433965682,5038.91766703769,939.531725270238,433.347620166659,1073.26948216101,1106.16243771838,4433.03803427261,2321.6263892254,3330.16221982809,1899.81371901729,2677.99238495388,380.442485941799,721.767878834018,2824.59680787598,1049.35110960541,948.099429802795,1663.47801614611,633.973342768251,539.113772179944,1412.22161291346,Ubiquitin protein ligase E3 component n-recognin 4,Q5T4S7,609890.0,gene,23352.0,UBR4,ENSG00000127481,bacteria
sp|Q5T4S7|UBR4_HUMAN,sp,Q5T4S7,UBR4,HUMAN,0283361|tr|A0A3R6L055|A0A3R6L055_9BACT,283361,tr,A0A3R6L055,A0A3R6L055,KGQVVT,4814,4819,KGQVVT,8,13,KLYSNKGQVVTRKQLL,6,,,,,,,,weak,very_weak,,,very_weak,,,,strong,weak,very_weak,,,,,,,,weak,very_weak,,,,,,,,,,,,,,,,,,,,,,,,,,,very_weak,,,,,,,,,,,,,,,,,weak,very_weak,,,,,,,,,,strong,weak,very_weak,67.595,42.31,7.505,12.395,24.92,0.835,22.115,20.375,5.215000000000001,46.65,33.72,26.3,76.83000000000001,43.94,43.26,11.68,39.47,35.215,28.39,38.97,49.925,7.515,30.695,57.915,28.51,7270.22353198049,486.862955409322,650.20827152462,860.277053333905,474.095748468353,18.6359889283728,1379.73400876799,285.676411612135,16.31044583239,1152.44074702076,4312.96040933853,1753.86042719416,8113.43418853082,1834.42708305265,3190.97391388117,50.0989823492348,1156.52538176812,3647.71852700258,1356.01008761074,907.882848413246,2060.36373235616,314.741245021574,449.114538245922,2279.65889364292,Ubiquitin protein ligase E3 component n-recognin 4,Q5T4S7,609890.0,gene,23352.0,UBR4,ENSG00000127481,bacteria
sp|Q5T4S7|UBR4_HUMAN,sp,Q5T4S7,UBR4,HUMAN,0283361|tr|A0A416A8I3|A0A416A8I3_9BACT,283361,tr,A0A416A8I3,A0A416A8I3,VLLQLL,3318,3323,VLLQLL,85,90,GITGEVLLQLLEGRLD,6,,,,,,very_weak,,,,,,,,,,,,,,,,,,,,,,,,,,,,,,,,,,,,,,weak,very_weak,,,,,,,,,,,,,,,very_weak,,weak,very_weak,,,,,,very_weak,,,,,,,,,,,,,,weak,very_weak,26.815,12.9,50.2,55.88,23.47,75.955,28.75,51.335,65.345,68.72,52.89,28.270000000000003,31.205,6.995,26.4,23.11,36.885000000000005,14.395,6.43,50.415,15.21,48.445,40.71,29.285,37.865,1304.82834686279,159.653289842615,2170.38382612832,3299.06887542617,697.205567572545,10285.1549578404,1524.58894208523,1916.08075053076,2309.82520846163,2930.44086536142,4188.83208600226,249.832793880242,2033.1693842969,80.5589296683654,749.46260135432,163.33475367808,967.446287503255,210.900530105536,364.561136993075,1959.20368585965,168.568374705427,1331.93007686275,1113.75240785792,495.707873656715,Ubiquitin protein ligase E3 component n-recognin 4,Q5T4S7,609890.0,gene,23352.0,UBR4,ENSG00000127481,bacteria
sp|Q5T4S7|UBR4_HUMAN,sp,Q5T4S7,UBR4,HUMAN,0283361|tr|A0A415ZX97|A0A415ZX97_9BACT,283361,tr,A0A415ZX97,A0A415ZX97,LLGTLT,1514,1519,LLGTLT,700,705,FINPGLLGTLTDFRNR,6,,,,,,very_weak,,,,,,,,,,,,,,,very_weak,,,,,,,,,,,,,,,,,,,,,,,,,,,,,,,,,,,,,,,,,,,,,,,,,,,,,,,,,,,,,,,very_weak,36.675,12.96,49.755,47.72,54.435,65.38,11.555,60.78,46.08,40.565,50.68,46.715,29.57,38.57,35.94,58.065,49.535,50.27,48.75,25.32,46.345,45.98,52.47,22.235,47.475,4558.92441468241,673.442697003112,3375.65378432201,5394.42888681799,2495.44819514173,9868.93234531122,1154.61242330935,2031.25642034457,3405.22072311267,609.97181934548,8075.16244957228,3070.26685892611,2709.08816322342,2313.47689427188,4242.60927601463,483.445699807526,2186.8607223604,4930.6222425761,3378.94252961542,1199.57743892073,2232.42748728654,1160.49892362105,1032.65904307272,916.816412785679,Ubiquitin protein ligase E3 component n-recognin 4,Q5T4S7,609890.0,gene,23352.0,UBR4,ENSG00000127481,bacteria
sp|Q5T4S7|UBR4_HUMAN,sp,Q5T4S7,UBR4,HUMAN,0283361|tr|A0A416A4B5|A0A416A4B5_9BACT,283361,tr,A0A416A4B5,A0A416A4B5,LIDSVP,524,529,LIDSVP,27,32,EDFAALIDSVPNIVED,6,,,very_weak,,,,,,,,weak,very_weak,,,,,weak,very_weak,,,very_weak,,weak,very_weak,,,very_weak,,,very_weak,,,,,,,,,,,weak,very_weak,,,,,,,,weak,very_weak,,,very_weak,,,,,,,,,,,,very_weak,,,,,,,,weak,very_weak,,weak,very_weak,,,,,weak,very_weak,11.89,30.995,33.105000000000004,3.225,40.42,9.155,10.42,4.0,10.425,12.805,20.84,34.675,2.905,31.05,53.28,17.294999999999998,21.075,38.52,29.495,11.22,31.91,28.675,4.38,5.355,46.95,757.82880612193,690.792996915174,1018.69845684306,145.420542668516,1133.77756647467,460.879777027425,644.060692040897,65.2742988754641,29.9484316912141,510.988500829559,2520.41241889298,1218.01836592286,445.359492157552,1169.384992192,4580.82852999277,87.2128808255855,664.705069282865,2337.78394310702,1322.15212527867,252.40582267989,1182.95062446097,696.768175468714,108.991721291381,149.627784640954,Ubiquitin protein ligase E3 component n-recognin 4,Q5T4S7,609890.0,gene,23352.0,UBR4,ENSG00000127481,bacteria
sp|Q5T4S7|UBR4_HUMAN,sp,Q5T4S7,UBR4,HUMAN,0283361|tr|A0A3R6LNR2|A0A3R6LNR2_9BACT,283361,tr,A0A3R6LNR2,A0A3R6LNR2,VLAALA,3332,3337,VLAALA,227,232,TPLGMVLAALAAGLAA,6,,,,,weak,very_weak,,,very_weak,,,,,weak,very_weak,,,,,,,,,very_weak,,,,,weak,very_weak,,,very_weak,,,,,,very_weak,,,,,,,,,,,,,strong,weak,very_weak,,weak,very_weak,,,,,weak,very_weak,,,very_weak,,,,,,,,,very_weak,,,,,,very_weak,strong,weak,very_weak,27.515,7.95,11.32,46.24,8.85,31.05,39.49,16.98,38.245000000000005,8.685,12.645,44.38,25.43,32.3,50.57,1.165,6.83,50.285,4.005,17.205000000000002,57.495,37.55,12.16,21.935,12.515,1545.13130422116,140.187841723928,133.665948540856,3979.37745137314,112.989056602646,2093.71308898426,2721.78047173211,101.238694449052,368.208171546878,71.8896594073367,873.04843066035,1678.50218084932,1771.0417575053,839.06926854879,2938.44186164994,7.23379888483625,117.221744848944,2375.59796132422,220.392991740064,330.731028203829,1697.90042094341,240.869062894485,78.624844726174,341.683132298486,Ubiquitin protein ligase E3 component n-recognin 4,Q5T4S7,609890.0,gene,23352.0,UBR4,ENSG00000127481,bacteria
sp|Q5T4S7|UBR4_HUMAN,sp,Q5T4S7,UBR4,HUMAN,0283361|tr|A0A3R6QWJ2|A0A3R6QWJ2_9BACT,283361,tr,A0A3R6QWJ2,A0A3R6QWJ2,EEALQA,2392,2397,EEALQA,544,549,KGNRYEEALQAEKGAY,6,,,,,,,,,,,,,,,,,,,,,,,,,,,,,,,,,very_weak,,,,,weak,very_weak,,,very_weak,,,,,,very_weak,,,,,,,,weak,very_weak,,,,,,,,,,,,,,,very_weak,,,,,,,,,,,weak,very_weak,32.625,28.615,29.595,49.52,51.385000000000005,39.68,47.565,41.87,47.71,34.48,10.82,34.05,15.365,28.485,17.63,21.745,9.965,36.41,60.05,24.795,22.7,10.655,22.83,40.120000000000005,25.465,5134.23660048957,1792.32376781747,3388.16807207838,9469.24617889958,5258.88283213045,11549.9232602773,8512.07128103128,4570.13530368483,7120.82709512197,2685.0426431597,3482.38540983973,4205.54391676569,1783.83062689882,3279.88515873085,3768.63445688204,432.392175065647,782.69549814254,6665.87745835152,8264.67651314998,1697.07393138983,1942.06618084931,1604.22809653756,1651.89154826813,3217.46081906726,Ubiquitin protein ligase E3 component n-recognin 4,Q5T4S7,609890.0,gene,23352.0,UBR4,ENSG00000127481,bacteria
sp|Q5T4S7|UBR4_HUMAN,sp,Q5T4S7,UBR4,HUMAN,0283361|tr|A0A416ADN9|A0A416ADN9_9BACT,283361,tr,A0A416ADN9,A0A416ADN9,GFKEVE,910,915,GFKEVE,328,333,FEMPFGFKEVEGVHSR,6,,,,,,,,weak,very_weak,,,,,,,,,very_weak,,,,,weak,very_weak,,,,,,,,,very_weak,,weak,very_weak,,weak,very_weak,,,,,,very_weak,,,very_weak,,,,strong,weak,very_weak,,,,,,very_weak,,,,,weak,very_weak,,,very_weak,strong,weak,very_weak,,weak,very_weak,,,very_weak,,,very_weak,strong,weak,very_weak,24.71,38.645,7.455,33.33,24.185,15.84,63.545,5.035,28.65,41.945,17.05,9.725,38.620000000000005,17.005000000000003,18.325,1.745,54.265,16.945,49.325,5.08,17.775,1.375,7.645,10.59,10.385,2143.24412662405,1856.26991824677,564.184043944858,5270.902435789,1102.00525466659,3382.27107420829,9364.40454838388,160.914071377573,2137.15397669784,2966.55357548907,4472.59230038756,860.928860625727,3147.08571938101,1656.50925031155,3314.74047531895,18.2791242268232,4167.31416093574,2822.9775121177,6114.0171437092,223.401245327976,1543.49381066619,347.728726568682,268.250458855766,425.026356020601,Ubiquitin protein ligase E3 component n-recognin 4,Q5T4S7,609890.0,gene,23352.0,UBR4,ENSG00000127481,bacteria
sp|Q5T4S7|UBR4_HUMAN,sp,Q5T4S7,UBR4,HUMAN,0283361|tr|A0A415ZXH7|A0A415ZXH7_9BACT,283361,tr,A0A415ZXH7,A0A415ZXH7,EQSFSA,4971,4976,EQSFSA,128,133,PEEDFEQSFSAYREFD,6,,weak,very_weak,,,,,,,,,very_weak,,,,,,very_weak,,,,,,very_weak,,,,,,,,,,,,,strong,weak,very_weak,strong,weak,very_weak,,,,,,very_weak,,,very_weak,,,,,,,,,,,,,,,very_weak,,,very_weak,,weak,very_weak,,weak,very_weak,,,,,,,strong,weak,very_weak,5.47,68.64,35.675,14.82,38.6,12.61,21.805,13.635,30.925,33.155,23.880000000000003,31.395,1.305,27.075000000000003,19.405,25.475,40.6,25.91,55.21,16.990000000000002,17.689999999999998,3.18,7.0600000000000005,21.805,26.68,887.871127206123,4868.75625015442,2865.44447376879,2201.4371546438,2537.5415728673,2462.00506955635,2856.52937066082,584.496254312932,2505.75650244348,2527.07516400109,4923.37221748569,1672.51973037757,531.906022637724,1825.49739741747,2574.18230918891,376.433893081403,3038.24521666389,2235.08604980018,6909.30574478052,752.26544096936,1027.59887505625,491.541986788071,272.129739993655,966.703376535841,Ubiquitin protein ligase E3 component n-recognin 4,Q5T4S7,609890.0,gene,23352.0,UBR4,ENSG00000127481,bacteria
sp|Q5T4S7|UBR4_HUMAN,sp,Q5T4S7,UBR4,HUMAN,0283361|tr|A0A416AE34|A0A416AE34_9BACT,283361,tr,A0A416AE34,A0A416AE34,DKDDDD,2728,2733,DKDDDD,145,150,AMDEKDKDDDDFILDL,6,,,,,,,,,,,,,,,,,,,,,,,,,,,,,,,,,,,,,,,,,,,,,,,,,,,,,,,,,,,,,,,,,,,,,,,,,,,,,,,,,,,,,44.525,90.175,95.0,33.65,85.15,95.0,58.675,95.0,89.83500000000001,95.0,90.75,59.54,64.16,76.565,56.53,95.0,95.0,53.915,90.43,82.735,54.05,95.0,95.0,90.165,95.0,7377.43633565229,16110.3627419767,39286.1400828556,4826.27280581379,20199.5635617822,41509.5208474949,9033.40315605342,41530.6350348106,16130.2464052913,35457.8110280127,25531.6795897936,7746.86555470618,6255.40705780421,8897.02152284388,11865.4505301096,38286.1516610699,38598.9366685068,9674.08658379475,22877.9829951296,16421.5103398443,5524.19638573292,36119.1699995005,41228.4271654852,16970.2628452108,Ubiquitin protein ligase E3 component n-recognin 4,Q5T4S7,609890.0,gene,23352.0,UBR4,ENSG00000127481,bacteria
sp|Q5T4S7|UBR4_HUMAN,sp,Q5T4S7,UBR4,HUMAN,0283361|tr|A0A415ZZ94|A0A415ZZ94_9BACT,283361,tr,A0A415ZZ94,A0A415ZZ94,APVYLFE,872,878,APVYLFE,55,61,FEKIEAPVYLFESPNFL,7,,weak,very_weak,,,,,,,,weak,very_weak,,weak,very_weak,,,,,,,,,very_weak,,,,,,,,,very_weak,,weak,very_weak,,,,,,very_weak,,,very_weak,,,very_weak,,,very_weak,,weak,very_weak,,weak,very_weak,,weak,very_weak,,weak,very_weak,,,,,weak,very_weak,,,,,,,,,very_weak,,,,,weak,very_weak,9.825,47.870000000000005,57.77,6.385,2.4450000000000003,22.86,37.19,12.76,31.04,51.435,12.93,8.665,11.91,11.63,18.32,6.75,5.99,6.375,8.945,21.395,5.165,27.935,20.39,15.345,58.78,542.531082803727,1078.39118057681,2520.16699811045,227.366310735536,67.9669165260166,2004.20770403827,2946.59222623452,170.361592906359,502.349009465731,2513.95763644562,2306.95293916533,305.57707630402,930.527829602914,252.944398544921,1040.74638227083,30.6496261435501,411.589815282164,293.084023568083,728.901618024213,318.189263383852,179.55573805754,634.941263496986,245.120287596415,196.543725015828,Ubiquitin protein ligase E3 component n-recognin 4,Q5T4S7,609890.0,gene,23352.0,UBR4,ENSG00000127481,bacteria
sp|Q5T4S7|UBR4_HUMAN,sp,Q5T4S7,UBR4,HUMAN,0283361|tr|A0A3R6QR24|A0A3R6QR24_9BACT,283361,tr,A0A3R6QR24,A0A3R6QR24,LKSLTGL,4238,4244,LKSLTGL,1305,1311,TLYRKLKSLTGLNSSAF,7,,,,,weak,very_weak,,weak,very_weak,,,,,weak,very_weak,,,very_weak,,,,,,very_weak,,,,,,,,weak,very_weak,,,,,weak,very_weak,,,,,,very_weak,,,very_weak,,,,strong,weak,very_weak,,,,,,,,weak,very_weak,,weak,very_weak,,,,,,very_weak,,,very_weak,,weak,very_weak,,weak,very_weak,strong,weak,very_weak,32.56,5.5600000000000005,3.31,42.37,3.4000000000000004,11.465,33.739999999999995,14.955,21.995,40.385000000000005,7.08,23.49,46.59,17.335,15.32,0.4599999999999999,25.235,21.695,2.895,2.175,30.29,10.235,17.915,4.165,2.05,3801.10877473054,80.8120992800914,89.9674626349142,2965.36620745316,52.9749908622852,978.362266068742,2715.30938304606,160.640957844637,359.617046511157,783.102096120798,468.182585351908,747.486610156268,3675.29160109253,492.122031669781,623.81445629215,4.94931799679049,705.148632685185,1470.5564505805,152.950589443735,39.6614642617513,776.042218529995,147.196676833769,149.963280672138,74.3249378454696,Ubiquitin protein ligase E3 component n-recognin 4,Q5T4S7,609890.0,gene,23352.0,UBR4,ENSG00000127481,bacteria
sp|Q5T4S7|UBR4_HUMAN,sp,Q5T4S7,UBR4,HUMAN,0283361|tr|A0A3R6LX86|A0A3R6LX86_9BACT,283361,tr,A0A3R6LX86,A0A3R6LX86,YAGVSV,338,343,YAGVSV,110,115,ELPLLYAGVSVKERVD,6,,,,,,,,,very_weak,,,,,weak,very_weak,,,very_weak,,,very_weak,,,very_weak,,,very_weak,,weak,very_weak,,weak,very_weak,,,,strong,weak,very_weak,,,very_weak,,,,,,very_weak,,,,,,,,,very_weak,,,,,,,,,very_weak,,,very_weak,,weak,very_weak,,weak,very_weak,,,very_weak,,,very_weak,strong,weak,very_weak,37.315,24.315,15.595,35.08,8.57,15.005,16.07,13.065,18.675,6.23,9.575,31.47,18.75,22.905,10.435,20.375,13.94,36.895,29.575,15.0,19.32,6.85,6.045,11.265,17.189999999999998,3005.93953527772,394.519207556902,439.780949928527,3216.52102660369,104.539154203555,1341.98360522256,1068.98143210234,165.033008668135,472.55424709956,175.942161776261,1008.21564645466,1392.34610110478,1860.53270428981,877.176699436938,1217.2937536716,54.9018386890453,566.588159763453,2435.66842796034,1332.60757495379,265.136967590607,954.873427095813,178.341754243406,83.909282683052,203.006107092851,Ubiquitin protein ligase E3 component n-recognin 4,Q5T4S7,609890.0,gene,23352.0,UBR4,ENSG00000127481,bacteria
sp|Q5T4S7|UBR4_HUMAN,sp,Q5T4S7,UBR4,HUMAN,0283361|tr|A0A415ZVQ3|A0A415ZVQ3_9BACT,283361,tr,A0A415ZVQ3,A0A415ZVQ3,EVFQRL,2568,2573,EVFQRL,177,182,LVYHSEVFQRLEKGEH,6,,,,,,very_weak,,,,,,very_weak,,,,,,,,,,,,very_weak,,,,,,,,weak,very_weak,strong,weak,very_weak,,,very_weak,,,,strong,weak,very_weak,strong,weak,very_weak,,,,,,very_weak,,,,strong,weak,very_weak,,,,,,,strong,weak,very_weak,,weak,very_weak,,,very_weak,,,,,weak,very_weak,strong,weak,very_weak,21.855,15.455,28.855,10.72,32.005,23.55,20.57,16.165,25.520000000000003,38.975,2.13,0.05,39.455,0.01,0.015,15.72,32.965,0.015,27.03,29.255000000000003,0.01,7.155,18.175,29.525,9.055,2702.82270871958,554.069343688562,1350.60701285466,888.707292174593,627.157652825497,2526.39169661776,524.539182932722,352.101504242313,924.806669976993,2454.7966502643,680.400570637066,9.67270341911659,3339.0016768031,11.8897117726914,82.7990924125944,131.930263207008,2014.86161161507,6.97010892746443,1539.04127554686,862.924592935467,16.1642771894531,571.513733068358,320.365596890411,813.93366263449,Ubiquitin protein ligase E3 component n-recognin 4,Q5T4S7,609890.0,gene,23352.0,UBR4,ENSG00000127481,bacteria
sp|Q5T4S7|UBR4_HUMAN,sp,Q5T4S7,UBR4,HUMAN,0283361|tr|A0A415ZRW6|A0A415ZRW6_9BACT,283361,tr,A0A415ZRW6,A0A415ZRW6,GGSAVD,2898,2903,GGSAVD,147,152,NLLAGGGSAVDILENT,6,,,,,,,,,,,,,,,,,,,,,,,,,,,,strong,weak,very_weak,,,,,,,,,,,weak,very_weak,,,,,,,,,,,,,,,,,,,,,,,,,,,,,,,,,,,,,,,,strong,weak,very_weak,61.58,81.97,79.005,67.09,71.6,56.43,78.82499999999999,58.16,62.845,1.375,73.315,80.485,8.725,75.72999999999999,82.98,41.115,22.9,79.375,82.485,70.81,80.325,45.41,36.035,58.5,82.38,5750.45604428588,5712.31859586611,5923.93601081216,7468.91638023348,3431.36912719723,4935.2657245699,11318.2146973305,1845.7155434304,1412.45083038468,29.6078773706293,13455.6617213238,8462.39141374941,688.591615022772,8434.32875897045,14461.3753487512,200.495803782782,906.763706372056,11954.3652855673,10417.8744360128,4201.2688041974,7011.04443502609,1112.40356323709,591.519948282313,3992.79041602094,Ubiquitin protein ligase E3 component n-recognin 4,Q5T4S7,609890.0,gene,23352.0,UBR4,ENSG00000127481,bacteria
sp|Q5T4S7|UBR4_HUMAN,sp,Q5T4S7,UBR4,HUMAN,0283361|tr|A0A3R6LPN4|A0A3R6LPN4_9BACT,283361,tr,A0A3R6LPN4,A0A3R6LPN4,DPESFL,5170,5175,DPESFL,169,174,TQLTDDPESFLIPRSS,6,,,very_weak,,,,,,,,weak,very_weak,,,,,,,,,very_weak,,,,,,,,,,,,,,,,,,,,,very_weak,,,,,,,,,very_weak,,,,,,,,,,,,,,,,,,,strong,weak,very_weak,,,,,,,,,,strong,weak,very_weak,19.52,79.78999999999999,79.82499999999999,6.73,72.4,70.15,12.98,77.525,75.60499999999999,32.53,73.675,64.34,19.755,65.225,65.315,66.41999999999999,41.64,58.725,66.415,70.58500000000001,61.335,0.945,76.63499999999999,67.57,83.78,1844.31815636991,7081.7185873499,8763.93153141928,736.99842992724,6990.13887208582,16549.5793126131,1796.90625675073,8179.89522977926,8241.54864458603,1660.06182075452,16645.4756027057,5238.15530745021,1591.62432973071,5951.69015497612,10028.8893839291,2413.91915261578,2483.40824616387,6874.55658649812,12037.4324519314,6367.12081641515,4138.33273288664,255.08537760585,5643.94103658163,5902.5028270527,Ubiquitin protein ligase E3 component n-recognin 4,Q5T4S7,609890.0,gene,23352.0,UBR4,ENSG00000127481,bacteria
sp|Q5T4S7|UBR4_HUMAN,sp,Q5T4S7,UBR4,HUMAN,0283361|tr|A0A416AE71|A0A416AE71_9BACT,283361,tr,A0A416AE71,A0A416AE71,KDDDDD,2729,2734,KDDDDD,21,26,AVSSCKDDDDDKKAVE,6,,,,,,,,,,,,,,,,,,,,,,,,,,,,,,,,,,,,,,,,,,,,,,,,,,,,,,,,,,,,,,,,,,,,,,,,,,,,,,,,,,,,,49.260000000000005,82.14,95.0,67.455,95.0,95.0,64.0,95.0,95.0,70.03999999999999,95.0,95.0,49.045,95.0,95.0,95.0,89.94,95.0,95.0,95.0,95.0,91.13,95.0,83.03,95.0,13546.0827021543,16510.7682694957,36812.3762493133,15054.4977829407,33372.1042954973,39982.1173212441,12836.0573265455,37424.8252756447,35674.8487237527,23800.3350162486,41772.1876009294,34687.1256128901,9185.878559517,34801.4067879676,36034.0756877813,34030.6255228655,28156.383403298,35060.6766405125,35019.7309036994,31468.6116582656,31925.0739615235,29262.3973009524,36282.1098097833,16890.9437234541,Ubiquitin protein ligase E3 component n-recognin 4,Q5T4S7,609890.0,gene,23352.0,UBR4,ENSG00000127481,bacteria
sp|Q5T4S7|UBR4_HUMAN,sp,Q5T4S7,UBR4,HUMAN,0283361|tr|A0A3R6QUR6|A0A3R6QUR6_9BACT,283361,tr,A0A3R6QUR6,A0A3R6QUR6,AGQGAG,1547,1552,AGQGAG,870,875,TNYYYAGQGAGNYEKI,6,,,,,,,,,very_weak,,,,,,,,,very_weak,,,,,,,,,,strong,weak,very_weak,,,,,,,,,very_weak,,,,,,,,,,,,,,weak,very_weak,,,,,,,,,,,,very_weak,,,,strong,weak,very_weak,,weak,very_weak,,,,,,very_weak,strong,weak,very_weak,48.705,56.925,15.685,27.43,30.21,11.39,71.015,25.775,42.745,1.27,27.345,49.07,34.225,56.685,53.63,5.824999999999999,42.43,48.685,36.925,14.875,51.735,1.735,4.61,24.905,13.52,6237.56447390047,5072.33972285304,1548.61255950997,4636.47674716581,1400.64133077158,2665.56195164397,13370.7621369655,1689.2880119582,3804.19456315751,67.155519167445,8914.65525009328,6786.53694764346,4323.23899839455,9436.92563759759,12030.9220955933,68.8253411588723,3150.25403474001,11417.7201616907,5769.58893172765,962.903600068714,7209.1251908939,306.938981732103,220.977994583613,1675.10950319605,Ubiquitin protein ligase E3 component n-recognin 4,Q5T4S7,609890.0,gene,23352.0,UBR4,ENSG00000127481,bacteria
sp|Q5T4S7|UBR4_HUMAN,sp,Q5T4S7,UBR4,HUMAN,0283361|tr|A0A415ZUM9|A0A415ZUM9_9BACT,283361,tr,A0A415ZUM9,A0A415ZUM9,FDELSK,3811,3816,FDELSK,66,71,VHAANFDELSKFLKNE,6,,,,,,,,,,,weak,very_weak,,,,,,,,,very_weak,,,,,,,,,,,,,,,very_weak,,,very_weak,,,,,,,,,very_weak,,,very_weak,,,,,,,,,,,,,,,,,,very_weak,,,,,,,,,,,weak,very_weak,,weak,very_weak,33.254999999999995,66.49,25.925,8.38,60.29,48.55,19.2,61.17,25.12,60.73,51.175,17.3,40.93,32.225,13.995,51.935,58.28,30.6,47.32,52.795,14.829999999999998,46.81,64.24,62.77,7.26,1553.10958911598,2582.63533859363,1869.77537873931,504.844557296637,2508.631994432,5236.68194704337,1697.973906158,2039.71343048713,1697.75346005501,3757.27516555445,5723.02105086531,290.844312368386,1965.57346305198,729.532815473315,876.816120986859,852.816644665669,2696.74680820357,907.018827793761,3957.09402131935,2244.87742092768,511.154391220107,1394.92457951117,2079.89494033642,2596.81354678897,Ubiquitin protein ligase E3 component n-recognin 4,Q5T4S7,609890.0,gene,23352.0,UBR4,ENSG00000127481,bacteria
sp|Q5T4S7|UBR4_HUMAN,sp,Q5T4S7,UBR4,HUMAN,0283361|tr|A0A3R6LNR2|A0A3R6LNR2_9BACT,283361,tr,A0A3R6LNR2,A0A3R6LNR2,VLAALAA,3332,3338,VLAALAA,227,233,TPLGMVLAALAAGLAAV,7,,,,,weak,very_weak,,,very_weak,,,,,weak,very_weak,,,,,,,,,very_weak,,,,,weak,very_weak,,,very_weak,,,,,,very_weak,,,,,,,,,,,,,strong,weak,very_weak,,weak,very_weak,,,,,weak,very_weak,,,very_weak,,,,,,,,,very_weak,,,,,,very_weak,strong,weak,very_weak,27.515,7.95,11.32,46.24,8.85,31.05,39.49,16.98,38.245000000000005,8.685,12.645,44.38,25.43,32.3,50.57,1.165,6.83,50.285,4.005,17.205000000000002,57.495,37.55,12.16,21.935,12.515,1545.13130422116,140.187841723928,133.665948540856,3979.37745137314,112.989056602646,2093.71308898426,2721.78047173211,101.238694449052,368.208171546878,71.8896594073367,873.04843066035,1678.50218084932,1771.0417575053,839.06926854879,2938.44186164994,7.23379888483625,117.221744848944,2375.59796132422,220.392991740064,330.731028203829,1697.90042094341,240.869062894485,78.624844726174,341.683132298486,Ubiquitin protein ligase E3 component n-recognin 4,Q5T4S7,609890.0,gene,23352.0,UBR4,ENSG00000127481,bacteria
sp|Q5T4S7|UBR4_HUMAN,sp,Q5T4S7,UBR4,HUMAN,0283361|tr|A0A3R6JB29|A0A3R6JB29_9BACT,283361,tr,A0A3R6JB29,A0A3R6JB29,SDSGEL,1402,1407,SDSGEL,117,122,MVGGTSDSGELKKLDL,6,,,,,,,,,,,,,,,,,,,,,,,,,,,,,,,,,,,,,,,,,,,,,,,,,,,,,,,,,,,,,,,,,,,,,,,,,,,,,,,,,,,,,85.18,91.235,92.075,38.215,91.38,81.285,35.65,88.19,90.12,39.915,93.415,87.245,53.375,91.995,88.4,91.13,75.36,91.695,86.555,88.95500000000001,90.76,74.305,87.1,92.645,81.83000000000001,14747.2157926127,11325.9323435199,17093.3616380717,5816.40986676622,14785.2403923461,21652.3318453015,5134.90325938737,13442.4197992297,16951.7279118979,1452.98504683406,26537.4633565518,15148.9410891056,4711.31954957644,17272.7698762847,19623.7335865996,7674.11878302567,7985.32383095416,21114.8969968137,15025.0442075954,11911.6291321187,14071.4872094441,5856.63618433035,10983.7940982509,13961.9906847398,Ubiquitin protein ligase E3 component n-recognin 4,Q5T4S7,609890.0,gene,23352.0,UBR4,ENSG00000127481,bacteria
sp|Q5T4S7|UBR4_HUMAN,sp,Q5T4S7,UBR4,HUMAN,0283361|tr|A0A416A6A8|A0A416A6A8_9BACT,283361,tr,A0A416A6A8,A0A416A6A8,LLVNNK,4408,4413,LLVNNK,622,627,YRLINLLVNNKPVANG,6,,,,,weak,very_weak,,weak,very_weak,,,very_weak,,weak,very_weak,strong,weak,very_weak,,weak,very_weak,,,,strong,weak,very_weak,,,,,,,,,,,weak,very_weak,,,,,,,,,very_weak,,,,,weak,very_weak,,,,,,,,weak,very_weak,,weak,very_weak,,,,,,,,,,,weak,very_weak,,weak,very_weak,strong,weak,very_weak,25.885,6.05,4.485,15.555,3.715,0.19,3.8,27.68,1.455,57.27,23.585,30.39,62.415000000000006,23.12,15.105,7.2,27.18,31.16,4.82,2.595,28.675,27.955,35.435,3.41,3.665,1960.24267057938,77.9750551840822,129.043173588857,1260.08315168272,45.93742629662,14.7460645547368,364.36396679766,236.65827896596,19.0842932296772,2148.04971737757,948.438011690511,511.414394451729,5415.36462350727,232.294792200117,432.523189759395,19.6474825730017,782.729373242592,787.716472041573,172.295017236163,40.5953442288878,416.499697968528,230.82161701001,419.697964186532,49.9706787313529,Ubiquitin protein ligase E3 component n-recognin 4,Q5T4S7,609890.0,gene,23352.0,UBR4,ENSG00000127481,bacteria
sp|Q5T4S7|UBR4_HUMAN,sp,Q5T4S7,UBR4,HUMAN,0283361|tr|A0A415ZQM3|A0A415ZQM3_9BACT,283361,tr,A0A415ZQM3,A0A415ZQM3,VLRRVA,1893,1898,VLRRVA,13,18,QRIREVLRRVAPEAQA,6,,,,strong,weak,very_weak,strong,weak,very_weak,,,,,,very_weak,,,,,,very_weak,,,,,weak,very_weak,,,,,,very_weak,,,,,,very_weak,,,,,,,,,very_weak,,,,,,,,,very_weak,,,,,,very_weak,,,very_weak,,,,,weak,very_weak,,,very_weak,,,very_weak,strong,weak,very_weak,strong,weak,very_weak,48.73,1.845,1.675,59.755,10.225,24.625,16.895,22.950000000000003,9.905,36.825,10.475,24.045,24.235,36.48,11.2,22.145,19.555,38.5,11.11,10.12,36.86,4.015,19.52,15.25,0.7550000000000001,5583.14361027174,98.9825371175321,111.476022848276,6558.49469517932,364.778147443843,3758.0476497544,1371.85943387204,724.718023541832,539.207109722603,2109.19710540235,1785.8197021863,1861.90208547756,2533.01543410544,1581.05145311978,1173.31384822491,205.85052480461,1101.61185097041,3482.91295072634,685.083986401906,496.44321107323,1643.53029665386,224.987668952936,497.787880249797,648.80277092625,Ubiquitin protein ligase E3 component n-recognin 4,Q5T4S7,609890.0,gene,23352.0,UBR4,ENSG00000127481,bacteria
sp|Q5T4S7|UBR4_HUMAN,sp,Q5T4S7,UBR4,HUMAN,0283361|tr|A0A416AAA5|A0A416AAA5_9BACT,283361,tr,A0A416AAA5,A0A416AAA5,DQLDVI,1480,1485,DQLDVI,36,41,TRFLRDQLDVIPGVEV,6,,,very_weak,,weak,very_weak,,,,strong,weak,very_weak,,,,,,very_weak,,weak,very_weak,,,very_weak,,,,,,,,,,,,,,,,,,,,,very_weak,,,,,,very_weak,,,very_weak,,,,,,very_weak,,,,,,very_weak,,,,,,,,,,,,,,,,strong,weak,very_weak,13.525,7.21,54.335,1.225,30.45,19.68,8.63,14.06,26.335,60.155,20.935,33.445,20.95,15.38,31.405,16.835,55.83,13.395,20.47,19.06,21.105,50.77,32.239999999999995,24.505,54.54,663.971893859487,285.704231565552,2523.57776009097,36.0464700652607,1320.25087633483,1793.08023669583,323.703567386329,468.577871405908,242.687164307522,3679.31014628659,4261.65619741385,1068.28768878604,1178.73439906543,524.749214684562,2311.5002659082,192.238509788924,2475.06574291647,846.977399821341,1479.2536146457,479.408797989437,605.009297511996,2010.46274853905,795.390142372352,670.643229046074,Ubiquitin protein ligase E3 component n-recognin 4,Q5T4S7,609890.0,gene,23352.0,UBR4,ENSG00000127481,bacteria
sp|Q5T4S7|UBR4_HUMAN,sp,Q5T4S7,UBR4,HUMAN,0283361|tr|A0A3R6NDR3|A0A3R6NDR3_9BACT,283361,tr,A0A3R6NDR3,A0A3R6NDR3,SVLSRL,755,760,SVLSRL,233,238,QDATLSVLSRLKDSTG,6,,,,,,very_weak,,weak,very_weak,,,,,,,,,,,,very_weak,,,,,,,,,,,,,,,,,,very_weak,,,,,,,,,very_weak,,,,,,,,,very_weak,,,,,weak,very_weak,,,,,,,,,very_weak,,,,,,,strong,weak,very_weak,strong,weak,very_weak,45.47,15.405,6.225,53.025,25.52,39.68,16.59,38.435,20.71,52.115,29.58,33.035000000000004,47.225,26.065,11.925,39.08,13.795,27.0,8.14,35.345,27.445,15.81,37.135,21.98,1.875,7782.73922990753,487.991559844559,580.852319177557,6738.53818209943,979.686369123336,6883.48812484764,2610.2504347168,875.488952573847,1639.40989935258,1459.52392136479,4182.62753954935,2438.83288892554,3610.57269418114,1332.96808667233,1796.05100674541,347.706153215059,458.036240378554,2973.94518281278,919.548406546836,1707.18464884094,1270.87253178501,326.835760809421,704.416575965322,1113.90907607943,Ubiquitin protein ligase E3 component n-recognin 4,Q5T4S7,609890.0,gene,23352.0,UBR4,ENSG00000127481,bacteria
sp|Q5T4S7|UBR4_HUMAN,sp,Q5T4S7,UBR4,HUMAN,0283361|tr|A0A416AEA2|A0A416AEA2_9BACT,283361,tr,A0A416AEA2,A0A416AEA2,VLDMLN,1811,1816,VLDMLN,244,249,QQNTNVLDMLNGTVAG,6,,,,,,,,,,,,,,,very_weak,,,,,,,,,,,,,,,,,,,,,,,,,,,,,,,,,,,,,,weak,very_weak,,,,,,,,,very_weak,,,,,,,,,,,,,,,,,,,,weak,very_weak,32.875,35.055,37.8,38.125,15.02,28.915,40.71,56.635000000000005,33.86,65.605,71.58,63.92999999999999,45.865,53.81,62.475,2.705,22.915,61.565,14.975,26.79,60.77,48.135000000000005,45.42,35.025,41.15,2566.39552740217,1051.57880516569,1662.50638300179,2478.87137775877,570.432617837527,3024.04443825136,2856.06580306277,1753.87940367778,610.916315490482,2952.62399012052,12361.5956439622,4432.89414314196,3548.10656219658,2853.16249184972,6633.71617179488,20.3605740489192,819.261392465787,6734.45648740007,1188.0685699596,1034.38114124473,3398.0805352462,1365.99409514954,1251.11688267747,1017.69594014173,Ubiquitin protein ligase E3 component n-recognin 4,Q5T4S7,609890.0,gene,23352.0,UBR4,ENSG00000127481,bacteria
sp|Q5T4S7|UBR4_HUMAN,sp,Q5T4S7,UBR4,HUMAN,0283361|tr|A0A3R6N3Y9|A0A3R6N3Y9_9BACT,283361,tr,A0A3R6N3Y9,A0A3R6N3Y9,VQAIVE,3599,3604,VQAIVE,343,348,TRIPAVQAIVEKFFGK,6,,,,,,very_weak,,,,,,,,,very_weak,,,,,,,,,,,,,,,,,,very_weak,,,,,,,,,very_weak,,,,,,,,,very_weak,,,,,,very_weak,,,,strong,weak,very_weak,,,,,,very_weak,,,,,,very_weak,,,,,,very_weak,strong,weak,very_weak,24.86,18.535,44.095,26.575,19.745,58.6,28.130000000000003,24.25,46.285,20.895,17.634999999999998,27.665,10.215,24.885,21.635,46.065,14.74,21.92,1.63,54.9,19.285,34.775000000000006,14.385000000000002,38.995,19.895,3133.32532874711,450.750241127399,1316.10053042801,2543.50644583926,945.538338763502,6845.23871532705,2609.4033022819,516.636731956761,1324.61494379365,735.230290871284,1465.99704915176,1119.261038654,1104.94233101079,894.718056542048,1413.21515735336,371.236391644816,679.57655028637,1578.5387778155,294.316998228328,1781.70881810502,652.774100636376,620.683804997452,284.738304822089,968.598403954321,Ubiquitin protein ligase E3 component n-recognin 4,Q5T4S7,609890.0,gene,23352.0,UBR4,ENSG00000127481,bacteria
sp|Q5T4S7|UBR4_HUMAN,sp,Q5T4S7,UBR4,HUMAN,0283361|tr|A0A416AF65|A0A416AF65_9BACT,283361,tr,A0A416AF65,A0A416AF65,LSGLVE,3516,3521,LSGLVE,308,313,EQLNHLSGLVEQILTL,6,,,very_weak,,,,,,,,,,,,,,,,,,,,,,,,,,,very_weak,,,,,,,,,,,,very_weak,,,,,,,,weak,very_weak,,,,,weak,very_weak,,,,,,very_weak,,,,,,,,,,,,,,,,,,,,weak,very_weak,20.0,47.760000000000005,51.120000000000005,59.870000000000005,32.515,63.935,65.615,39.775,59.45,16.035,50.905,37.275,14.68,28.74,52.19500000000001,21.235,5.324999999999999,30.475,15.155,47.75,39.71,35.625,36.14,21.66,54.605,652.265771947432,746.58134316323,1944.3158444616,3662.15264958146,878.420883296061,6570.35597160636,5622.97331217275,651.045988722848,1688.84940358646,265.200087013124,3537.33543143948,682.967300431413,925.527397297503,333.097645028552,2424.12672128813,89.4675413363752,106.703540830605,904.637220578034,624.023726943589,1375.54549437082,508.226074822769,550.132750769317,390.88637511531,372.012423846314,Ubiquitin protein ligase E3 component n-recognin 4,Q5T4S7,609890.0,gene,23352.0,UBR4,ENSG00000127481,bacteria
sp|Q5T4S7|UBR4_HUMAN,sp,Q5T4S7,UBR4,HUMAN,0283361|tr|A0A3R6J5Q5|A0A3R6J5Q5_9BACT,283361,tr,A0A3R6J5Q5,A0A3R6J5Q5,LLTVLL,4504,4509,LLTVLL,9,14,TRIYILLTVLLLLTAC,6,,,,,,,,,,,,,,,,,,,,,,,,,,,,,,,,,,,,,,,,,,,,,,,,,,,,,,very_weak,,,,,,,,,,,,,,,,,,,,,,,,,,,,,,very_weak,56.415,66.375,57.55,44.29,47.8,36.48,71.295,42.010000000000005,63.11,95.0,57.71,35.935,91.92,34.57,55.48,10.025,85.78,21.175,39.32,40.915,52.275,65.325,64.54,37.185,38.005,4958.92437993373,2140.94960254273,3702.27185791833,6908.25922385678,1405.63608826153,5204.99210854573,9147.99024989193,1208.06977183814,2317.00900215458,23323.6221108686,4403.11372017466,612.842850713884,15438.5132274594,496.137135353514,2445.43872689328,93.3276395007397,6758.25252628601,860.230514557863,2336.06456302916,2233.65970012102,1163.52895059645,3093.30763160633,2598.44368114423,1490.51591352674,Ubiquitin protein ligase E3 component n-recognin 4,Q5T4S7,609890.0,gene,23352.0,UBR4,ENSG00000127481,bacteria
sp|Q5T4S7|UBR4_HUMAN,sp,Q5T4S7,UBR4,HUMAN,0283361|tr|A0A3R6MDS5|A0A3R6MDS5_9BACT,283361,tr,A0A3R6MDS5,A0A3R6MDS5,LSVILA,472,477,LSVILA,38,43,QQIEGLSVILASKTVQ,6,,weak,very_weak,,weak,very_weak,,weak,very_weak,,,,,,very_weak,,,,,,,,,,,,,,weak,very_weak,,,very_weak,,,,,,very_weak,,weak,very_weak,,,very_weak,,,,,,,,weak,very_weak,strong,weak,very_weak,,,,,weak,very_weak,,weak,very_weak,,,,,,very_weak,,,,,weak,very_weak,,,very_weak,strong,weak,very_weak,9.2,3.575,6.405,48.13,15.835,29.285,24.715,22.445,31.43,8.34,14.165,32.06,8.594999999999999,14.18,26.44,4.965,1.695,30.04,3.165,5.58,26.695,16.65,24.095,9.125,15.075,1152.50309447406,109.637506310214,116.381343544948,4242.4256636211,129.445911684162,2203.2243093129,1497.6611422298,134.428837457501,399.52793550726,130.060819893803,999.980689990067,951.521580213177,1042.09853729471,366.955369483209,1302.23322752472,12.9217252613255,30.8095521938837,1594.38207967898,185.788932685001,151.923059099078,715.857094423013,171.383979386716,185.469586442141,188.037771016993,Ubiquitin protein ligase E3 component n-recognin 4,Q5T4S7,609890.0,gene,23352.0,UBR4,ENSG00000127481,bacteria
sp|Q5T4S7|UBR4_HUMAN,sp,Q5T4S7,UBR4,HUMAN,0283361|tr|A0A3R6IDM9|A0A3R6IDM9_9BACT,283361,tr,A0A3R6IDM9,A0A3R6IDM9,VLSRLL,756,761,VLSRLL,74,79,HIKPEVLSRLLYFTEI,6,,,,,,,,,,,,,,,,,,,,,very_weak,,,,,,,,,,,,,,,very_weak,,,,,,,,,,,,,,,,,,,,,,,,very_weak,,weak,very_weak,,,,,,,,,,,,,,,,,,,,weak,very_weak,35.555,22.62,37.745000000000005,28.53,32.665,59.81,17.85,35.525,32.38,78.985,45.175,10.419999999999998,53.735,20.595,21.205,50.48,53.565000000000005,16.145,3.455,62.015,20.38,47.625,46.78,57.645,26.380000000000003,1291.55485519889,216.800382886719,1142.16239749384,1604.76626594904,404.762259923891,5024.59929626653,939.338600147629,316.863137958411,610.163242411166,4177.65243946936,2474.90507015639,162.726190406142,3241.29056089054,100.244620329123,444.579547966076,243.397172644276,1333.93473908891,168.741731666956,249.192971476328,1468.72781258399,130.225569971986,1117.38553753932,546.578843410017,917.014829259403,Ubiquitin protein ligase E3 component n-recognin 4,Q5T4S7,609890.0,gene,23352.0,UBR4,ENSG00000127481,bacteria
sp|Q5T4S7|UBR4_HUMAN,sp,Q5T4S7,UBR4,HUMAN,0283361|tr|A0A416A676|A0A416A676_9BACT,283361,tr,A0A416A676,A0A416A676,TIRQLI,1884,1889,TIRQLI,58,63,SRNSMTIRQLIKEIEA,6,,,,,weak,very_weak,,,very_weak,,,,,,,,,,,,,,,,,,,,,,,,,,,,,,,,,,,,,,,,,,,,,,,,,,,,,weak,very_weak,,,,,,,,,very_weak,,,,,,,,weak,very_weak,,weak,very_weak,39.56,9.235,10.364999999999998,61.74,26.72,50.55,24.16,48.38,28.725,69.79,28.8,25.73,50.46,31.5,20.57,51.385,40.885,26.885,5.405,59.94,32.47,16.24,53.835,31.455,6.15,3858.29008059472,233.277080708431,673.304267719746,6106.08401771287,839.441571402978,5517.3867401604,1712.67946657897,660.360997765539,888.428483058376,2857.95144718704,2348.66042256495,2122.26825794413,4286.11842005761,1281.76816362561,1437.86211448931,302.674810932301,886.613558145032,2669.34277386354,515.274596430461,1979.87417141853,1079.60533072582,216.151587832527,1033.40791498456,1057.64927553371,Ubiquitin protein ligase E3 component n-recognin 4,Q5T4S7,609890.0,gene,23352.0,UBR4,ENSG00000127481,bacteria
sp|Q5T4S7|UBR4_HUMAN,sp,Q5T4S7,UBR4,HUMAN,0283361|tr|A0A415ZN65|A0A415ZN65_9BACT,283361,tr,A0A415ZN65,A0A415ZN65,IKKLLE,3240,3245,IKKLLE,146,151,ADLSHIKKLLEDSKQG,6,,,,,,very_weak,,,very_weak,,,,,,,,,,,,very_weak,,,,,,,,,,,,,,,,,,,,,,,,,,,very_weak,,,,,,,,,,,,,,,very_weak,,,,,,,,,,,,,,,,,weak,very_weak,,weak,very_weak,61.295,13.645,13.535,72.8,36.27,52.91,16.155,59.015,29.355,87.41,50.435,30.285,73.205,31.38,13.585,58.67,53.14,33.32,12.935,53.695,25.75,24.29,64.595,37.21,3.91,10712.3231550862,541.69817343607,1081.40571816155,10515.8341429423,1757.26049084409,11064.4259549462,2168.85796308355,3409.64484255869,2855.78769861483,7958.49876500126,10238.6328738182,3616.47642058288,8935.61048752627,2702.47180419093,2329.09887550464,1411.62582156088,5207.80871338235,4790.22023096756,1342.20142237363,3904.48486236321,1864.542999815,2449.83488504667,3465.32125358206,1707.16617758148,Ubiquitin protein ligase E3 component n-recognin 4,Q5T4S7,609890.0,gene,23352.0,UBR4,ENSG00000127481,bacteria
sp|Q5T4S7|UBR4_HUMAN,sp,Q5T4S7,UBR4,HUMAN,0283361|tr|A0A3R6MG66|A0A3R6MG66_9BACT,283361,tr,A0A3R6MG66,A0A3R6MG66,LRQYVK,3141,3146,LRQYVK,84,89,SPFKVLRQYVKNIGNE,6,,,,,weak,very_weak,,weak,very_weak,,,,,weak,very_weak,,,,,,,,,,,weak,very_weak,,,,,weak,very_weak,,,,strong,weak,very_weak,,,,,,,,weak,very_weak,,,,,,very_weak,,,,,,,,weak,very_weak,,,,,,,,,very_weak,,,,,,,,weak,very_weak,strong,weak,very_weak,39.33,6.359999999999999,7.21,42.010000000000005,6.4350000000000005,28.385,21.46,30.625,7.59,67.53,4.9350000000000005,25.055,73.52,20.06,5.53,14.425,62.545,31.12,5.9,29.775,23.235,16.959999999999997,31.49,31.07,4.465,5679.10210183268,203.838077104449,348.953641980365,4503.91460342922,150.538771676313,3468.96008149851,2411.72623141509,623.902206406745,323.721079864172,5895.16306057194,1768.72463883725,1514.39582647434,10178.9862333021,927.51229492194,569.464443542853,80.3595735310733,4641.99825384209,2177.53443343972,456.774240241115,971.179922914633,989.958234834598,470.376060592896,651.095299802952,873.955736070581,Ubiquitin protein ligase E3 component n-recognin 4,Q5T4S7,609890.0,gene,23352.0,UBR4,ENSG00000127481,bacteria
sp|Q5T4S7|UBR4_HUMAN,sp,Q5T4S7,UBR4,HUMAN,0283361|tr|A0A3R6N5D8|A0A3R6N5D8_9BACT,283361,tr,A0A3R6N5D8,A0A3R6N5D8,QLIAEL,3027,3032,QLIAEL,9,14,KETKEQLIAELIRLAF,6,,,very_weak,,weak,very_weak,,,very_weak,,,,,,,,,,,,very_weak,,,,,,,,,,,weak,very_weak,,weak,very_weak,,,,,,,,weak,very_weak,,weak,very_weak,,,,,,very_weak,,,very_weak,,weak,very_weak,,weak,very_weak,,,very_weak,,weak,very_weak,,,,,,,,,,,,,,weak,very_weak,18.75,5.595,18.895,30.86,29.515,29.76,18.17,30.06,29.875,54.25,2.055,5.32,34.685,2.775,5.815,15.025,18.97,6.96,8.295,16.35,6.42,33.055,35.355000000000004,22.41,21.290000000000003,825.222003183146,55.1351912876438,304.929732811683,1596.85086213771,263.700772440445,1735.47448210626,597.799558532167,343.711352152388,381.638088674437,2252.17598263345,535.121295128098,115.71711870131,2039.84585026783,66.7411829577761,331.311243253237,44.1079961807666,335.288870732603,247.104122074323,214.302603894638,191.565776757698,136.822166498689,440.657355186471,372.032549850432,321.87001950897,Ubiquitin protein ligase E3 component n-recognin 4,Q5T4S7,609890.0,gene,23352.0,UBR4,ENSG00000127481,bacteria
sp|Q5T4S7|UBR4_HUMAN,sp,Q5T4S7,UBR4,HUMAN,0283361|tr|A0A3R6IET1|A0A3R6IET1_9BACT,283361,tr,A0A3R6IET1,A0A3R6IET1,VRDILS,444,449,VRDILS,150,155,LSPEKVRDILSEYYLL,6,,,very_weak,,,,,,,,,very_weak,,,,,,,,,,,,,,,,,,,,,,,,,,,,,,very_weak,,,,,,,,,very_weak,,,,,,,,,,strong,weak,very_weak,,,,,,very_weak,,,,,,,,,,,,,strong,weak,very_weak,18.82,36.975,55.995000000000005,17.88,23.9,58.71,20.63,21.705,35.235,63.46,36.325,33.385000000000005,17.075,23.725,24.255000000000003,51.46,61.295,22.135,1.15,50.81,17.09,39.7,35.480000000000004,34.97,57.955,1409.26041643158,1060.68616282336,2896.49091930399,771.805145692676,553.925484588783,7388.69985900963,1129.49215818774,427.988993370187,755.095102388057,4565.04501199307,5038.53604168608,351.671275698458,1644.17059615082,410.442463324592,967.613782870264,492.090084799137,2764.39955697011,392.263318429199,154.065062298553,1877.66164924508,330.366229027724,1069.45574912617,794.297937935994,998.607548323235,Ubiquitin protein ligase E3 component n-recognin 4,Q5T4S7,609890.0,gene,23352.0,UBR4,ENSG00000127481,bacteria
sp|Q5T4S7|UBR4_HUMAN,sp,Q5T4S7,UBR4,HUMAN,0283361|tr|A0A3R6IJZ5|A0A3R6IJZ5_9BACT,283361,tr,A0A3R6IJZ5,A0A3R6IJZ5,RMRGLL,4443,4448,RMRGLL,522,527,SAFEDRMRGLLS,6,,,,,,,,,,,,,,,,,,,,,,,,,,,,,,,,,,,,,,,,,,,,,,,,,,,,,,,,,,,,,,,,,,,,,,,,,,,,,,,,,,,,,91.42,91.47,81.12,89.45,91.72,91.52,86.70500000000001,92.385,61.94500000000001,95.0,93.07,90.725,94.14,90.355,87.525,86.84,95.0,90.915,91.73,93.375,91.525,84.64,92.15,92.36,57.895,19507.7240538687,11225.890652623,10784.6591752567,14664.3180673985,15227.9864354916,25114.4027329208,16966.4073791282,14166.04648877,9557.04495299627,19343.9920943275,25400.7988234492,15167.8022620506,16461.358279294,14981.701282252,17623.7113954664,5364.10547595619,23572.5022544455,19382.5412319921,19073.6033122096,14046.5402884774,13595.7125738452,7758.77705304033,11767.6439861237,13392.9147762526,Ubiquitin protein ligase E3 component n-recognin 4,Q5T4S7,609890.0,gene,23352.0,UBR4,ENSG00000127481,bacteria
sp|Q5T4S7|UBR4_HUMAN,sp,Q5T4S7,UBR4,HUMAN,0283361|tr|A0A3R6NE86|A0A3R6NE86_9BACT,283361,tr,A0A3R6NE86,A0A3R6NE86,YLSFGE,4622,4627,YLSFGE,173,178,IRQGFYLSFGEHFNPA,6,,weak,very_weak,,,,,,,strong,weak,very_weak,,,very_weak,,weak,very_weak,,,,strong,weak,very_weak,,,very_weak,,,,,weak,very_weak,,weak,very_weak,,weak,very_weak,,,very_weak,,weak,very_weak,,weak,very_weak,,,very_weak,,weak,very_weak,,,,,weak,very_weak,,,,,,very_weak,,weak,very_weak,,weak,very_weak,strong,weak,very_weak,,weak,very_weak,,,very_weak,strong,weak,very_weak,6.555,47.09,21.41,1.99,10.585,3.54,20.985,0.8,11.585,34.725,9.02,7.655,12.065,3.37,6.069999999999999,3.805,53.04,3.33,21.2,10.415,3.155,3.21,0.54,6.07,17.83,309.28255464277,866.311088955111,1273.55672142635,109.93922911271,258.33226987807,276.002401919154,1129.85884333807,24.045919075014,166.694804268936,1533.09135986456,1168.8790022401,100.087473070902,1144.74813027053,102.823943734555,339.876427316329,22.2970429041049,1754.33490088661,105.750732696655,1014.92488601737,201.167245501215,87.827448055034,233.767252193163,28.7949828043829,132.445149559017,Ubiquitin protein ligase E3 component n-recognin 4,Q5T4S7,609890.0,gene,23352.0,UBR4,ENSG00000127481,bacteria
sp|Q5T4S7|UBR4_HUMAN,sp,Q5T4S7,UBR4,HUMAN,0283361|tr|A0A3R6LVK0|A0A3R6LVK0_9BACT,283361,tr,A0A3R6LVK0,A0A3R6LVK0,DRFLST,784,789,DRFLST,53,58,LANEPDRFLSTIQIGI,6,,,,,,,,,,,,very_weak,,,,,,,,,,,weak,very_weak,,,,,,,,weak,very_weak,,,,,,,,,,,,,,,,,,,,,very_weak,,,,,,very_weak,,,very_weak,,,,,,,,,,,weak,very_weak,,,very_weak,,,,,weak,very_weak,24.64,41.095,36.21,16.795,26.130000000000003,38.94,60.665000000000006,2.72,34.31,46.595,4.145,25.950000000000003,33.825,22.575,23.03,12.055,28.755,14.695,14.34,32.33,22.595,22.915,5.885,19.495,32.245000000000005,2737.64064856718,1077.29495050982,1132.66179866493,1188.0171525182,710.886385041027,3539.28790252456,5426.97848216565,31.0646168342075,611.736502977159,1936.02393490692,1073.93160097009,431.219492896611,2266.99153590093,327.731667968097,1676.88662792204,68.2100279850023,868.80797650844,464.338442564764,911.455642115622,787.103060937942,391.512813527023,663.540992021772,95.1548295782797,373.852401098051,Ubiquitin protein ligase E3 component n-recognin 4,Q5T4S7,609890.0,gene,23352.0,UBR4,ENSG00000127481,bacteria
sp|Q5T4S7|UBR4_HUMAN,sp,Q5T4S7,UBR4,HUMAN,0283361|tr|A0A415ZGZ9|A0A415ZGZ9_9BACT,283361,tr,A0A415ZGZ9,A0A415ZGZ9,GSEKLL,252,257,GSEKLL,59,64,ESMMMGSEKLLFTLGI,6,,,,,,,,,,,,,,,,,,,,weak,very_weak,,,,,,,,,,,,,,,,,,,,,,,,very_weak,,,,,,,,,,,,,,,,,,,,,,,,,,,,,,,,,,,,,,weak,very_weak,52.485,32.325,58.1,24.08,37.505,51.07000000000001,3.625,47.835,26.305,50.015,46.38,29.495,59.540000000000006,11.08,31.87,41.25,51.56,23.225,31.595,58.21,22.015,42.92,21.71,55.205,32.655,2531.39895685524,288.496830866995,1386.48317804968,1183.15543040374,437.119610664751,3478.95834120096,94.1389733096329,290.668140970963,624.956171075252,1112.15083679158,3574.53989205588,473.014635117801,3668.41854530258,171.248666255803,863.952236157,60.5144128145711,1122.47483523168,621.288508877886,485.127697897894,1238.49697350283,316.479390963875,494.850464143427,152.785189792623,810.795777138542,Ubiquitin protein ligase E3 component n-recognin 4,Q5T4S7,609890.0,gene,23352.0,UBR4,ENSG00000127481,bacteria
sp|Q5T4S7|UBR4_HUMAN,sp,Q5T4S7,UBR4,HUMAN,0283361|tr|A0A3R6LNW7|A0A3R6LNW7_9BACT,283361,tr,A0A3R6LNW7,A0A3R6LNW7,HQYSKA,867,872,HQYSKA,583,588,NLAEVHQYSKADGMKN,6,,,,,,,,,,,,,,,,,,,,,,,,very_weak,,,,,,,,,,,,,,,,,,,,,,,,,,,,,,,,,,,,,,,,,,,,,,,,very_weak,,,very_weak,,,,,,very_weak,,,very_weak,49.24,37.49,24.18,41.615,21.12,31.12,43.7,18.96,31.79,26.57,33.435,47.665,48.17,65.545,51.985,23.44,39.77,58.27,39.86,28.225,55.435,11.62,11.525,37.695,19.2,10188.2417260781,2454.66385207901,2611.12609382245,7536.61860702223,1651.5162557995,5063.01842759928,9140.47092070454,883.950721453535,3938.00197596652,2038.3235416809,10599.2216906722,7922.32923605463,6880.28632366577,9393.8337212058,8977.47458281883,269.425599203501,4122.20018059537,13604.1000079124,5846.06336589933,1328.49025238595,6588.00991559793,1664.39619108036,366.887879302797,1862.36548659328,Ubiquitin protein ligase E3 component n-recognin 4,Q5T4S7,609890.0,gene,23352.0,UBR4,ENSG00000127481,bacteria
sp|Q5T4S7|UBR4_HUMAN,sp,Q5T4S7,UBR4,HUMAN,0283361|tr|A0A3R6NB04|A0A3R6NB04_9BACT,283361,tr,A0A3R6NB04,A0A3R6NB04,LVKLEM,4525,4530,LVKLEM,221,226,ELKEFLVKLEMFLNGT,6,,,,,,very_weak,,,,,,,,,,,,,,,,,,,,,,,,,,,,,,very_weak,,,,,,,,,very_weak,,,,,,,,,,,,,,,very_weak,,,very_weak,,,,,,very_weak,,,,,,,,,,,,,,,very_weak,25.095,19.495,31.845,46.79,35.6,57.09,62.75,53.24,52.33,88.715,49.395,18.57,36.9,13.39,21.545,24.075,59.615,13.41,16.135,47.37,18.71,44.015,55.995000000000005,41.775,29.885,632.541337239173,213.414067658309,957.035157794929,2752.16353916982,334.191461957532,6254.52725215435,4726.02337163073,924.756640314654,1659.70262960283,7420.18478028759,3618.15937939199,177.604239634073,1914.6922387591,88.624521605095,365.528814323033,101.434957503755,1615.84735366851,203.298449369324,303.888943097555,1110.13109113707,130.160771556201,727.853460701818,972.620579747897,432.284585541572,Ubiquitin protein ligase E3 component n-recognin 4,Q5T4S7,609890.0,gene,23352.0,UBR4,ENSG00000127481,bacteria
sp|Q5T4S7|UBR4_HUMAN,sp,Q5T4S7,UBR4,HUMAN,0283361|tr|A0A3R6LU11|A0A3R6LU11_9BACT,283361,tr,A0A3R6LU11,A0A3R6LU11,LSRLLL,757,762,LSRLLL,136,141,GTLLGLSRLLLKTQDI,6,,,,,,,,,very_weak,,,,,,,,,,,,very_weak,,,,,,very_weak,,,,,,,,,,,,,,,,,,very_weak,,,very_weak,,,,,,,,,,,,,,weak,very_weak,,,,,,,,,,,,,,,,,weak,very_weak,,weak,very_weak,52.095,21.125,12.555,45.885,21.6,45.355,12.59,42.645,15.785,62.065000000000005,31.805,20.06,78.68,18.46,12.425,34.379999999999995,46.86,24.93,5.99,49.94499999999999,26.57,44.625,41.760000000000005,51.02,4.985,3259.78999677173,115.555719034138,194.266713068211,3855.20212456773,112.888854703512,2488.94962426981,436.670535461001,259.110476886824,322.347484324797,1305.74633660122,1572.81050483458,367.336723575781,6458.4296789045,185.399363846223,317.755774039714,65.3626402818379,933.735001207373,654.351022519863,141.19098590017,798.226543657796,397.045743370644,382.945161558245,297.245236100734,527.92122560851,Ubiquitin protein ligase E3 component n-recognin 4,Q5T4S7,609890.0,gene,23352.0,UBR4,ENSG00000127481,bacteria
sp|Q5T4S7|UBR4_HUMAN,sp,Q5T4S7,UBR4,HUMAN,0283361|tr|A0A3R6MGP6|A0A3R6MGP6_9BACT,283361,tr,A0A3R6MGP6,A0A3R6MGP6,TGSTSS,360,365,TGSTSS,704,709,YGDYFTGSTSSVLLLD,6,,,,,,,,,,,weak,very_weak,,,,,weak,very_weak,,,,strong,weak,very_weak,,,,,weak,very_weak,,,,,,,,,,,weak,very_weak,,,,,,,,,very_weak,,weak,very_weak,,,,,,,,,,,,very_weak,,,,,,,strong,weak,very_weak,,,very_weak,,,,strong,weak,very_weak,36.08,70.1,45.01,8.629999999999999,42.43,9.225,57.475,0.655,30.175,4.195,22.01,34.145,8.23,33.114999999999995,55.225,9.595,27.065,28.795,61.865,12.61,35.74,35.915,0.585,12.95,49.995000000000005,3213.25129747015,2468.13951959747,1325.48948680418,528.29835162678,833.3241521383,290.759359261509,4598.80571793074,10.9627536189238,301.644981457948,57.8867210071998,1959.22488412383,1073.49014306039,817.083692156915,862.252615713091,4250.32817670793,23.0027787979899,437.318296371162,1295.88015176403,4048.95439058063,151.499556833507,882.183123206379,322.539366469597,16.7279463218723,184.050259825173,Ubiquitin protein ligase E3 component n-recognin 4,Q5T4S7,609890.0,gene,23352.0,UBR4,ENSG00000127481,bacteria
sp|Q5T4S7|UBR4_HUMAN,sp,Q5T4S7,UBR4,HUMAN,0283361|tr|A0A416AC18|A0A416AC18_9BACT,283361,tr,A0A416AC18,A0A416AC18,GRRAIL,825,830,GRRAIL,110,115,HFADFGRRAILNLRQT,6,,,,,,,,,very_weak,,,,,,,,,,,,,,,,,,,,,,,weak,very_weak,,,very_weak,,,,,,,,,,,,very_weak,,,,,,,,,,,,,,,,,,,,,,,,very_weak,,,,,,,,,,,weak,very_weak,52.23,31.46,14.72,57.115,45.475,49.645,52.275,39.2,24.785,62.435,4.915,13.4,69.62,32.565,18.425,39.400000000000006,50.69,37.355,45.88,41.965,39.64,15.02,44.91,42.655,22.8,4028.59087473784,346.691867531946,455.806596216688,4329.98006267234,659.432805956639,3537.90957580536,2980.06518250275,484.168085970583,726.893318546936,1990.11878346835,1071.28557405254,886.853414636573,6229.40364029821,1067.6174982118,1365.01897964427,239.142193235535,1608.66034314859,2678.91975457084,2100.02024604573,891.751027162571,1223.10274348578,134.453566065352,535.248687952388,752.289859401508,Ubiquitin protein ligase E3 component n-recognin 4,Q5T4S7,609890.0,gene,23352.0,UBR4,ENSG00000127481,bacteria
sp|Q5T4S7|UBR4_HUMAN,sp,Q5T4S7,UBR4,HUMAN,0283361|tr|A0A3R6LHZ0|A0A3R6LHZ0_9BACT,283361,tr,A0A3R6LHZ0,A0A3R6LHZ0,KIAAGI,4664,4669,KIAAGI,71,76,AAYLIKIAAGIRKREK,6,,,,,weak,very_weak,,weak,very_weak,,,very_weak,,weak,very_weak,,weak,very_weak,,weak,very_weak,,weak,very_weak,,weak,very_weak,,,,,weak,very_weak,,,very_weak,strong,weak,very_weak,,,,,,very_weak,strong,weak,very_weak,,,,,weak,very_weak,,,,,,very_weak,,weak,very_weak,,,very_weak,,,very_weak,,weak,very_weak,,weak,very_weak,,,,,weak,very_weak,strong,weak,very_weak,54.98,6.75,2.0700000000000003,19.020000000000003,3.745,5.275,4.495,5.42,2.56,35.16,4.42,10.725,55.97,15.195,1.91,3.515,25.125,16.2,3.3200000000000003,13.68,18.130000000000003,6.965,8.58,20.31,5.835,7947.05447876353,85.5021072516391,71.5931414796482,2125.07152929968,49.4056515286206,331.569443234224,171.246813393226,65.3152744307729,56.9757774068057,532.142034297083,289.165599766438,697.069795820281,6350.60846436195,700.835919153122,369.161563172272,13.3367771153145,298.392385408871,1430.4139445863,225.843738649894,245.382990838959,788.628952317185,127.269709433099,100.821122740862,426.717430882115,Ubiquitin protein ligase E3 component n-recognin 4,Q5T4S7,609890.0,gene,23352.0,UBR4,ENSG00000127481,bacteria
sp|Q5T4S7|UBR4_HUMAN,sp,Q5T4S7,UBR4,HUMAN,0283361|tr|A0A3R6J5S5|A0A3R6J5S5_9BACT,283361,tr,A0A3R6J5S5,A0A3R6J5S5,FLSRRG,4108,4113,FLSRRG,289,294,LAQFVFLSRRGQACPI,6,,,,,,,strong,weak,very_weak,,,,,,,,,,,,very_weak,,,,,weak,very_weak,,,,,,,,,very_weak,,weak,very_weak,,,,,,,,weak,very_weak,,,,,weak,very_weak,,,,,,,,,very_weak,,,very_weak,,,,,weak,very_weak,,,,,,,strong,weak,very_weak,strong,weak,very_weak,44.705,31.52,0.215,49.125,21.2,21.22,13.795,25.94,5.53,26.87,35.615,13.475,74.155,28.88,9.12,8.61,62.865,25.16,18.905,19.09,32.815,9.425,32.89,25.205,0.07,3581.85708390822,274.177866665489,56.6892275882705,5098.3652548294,201.611759232688,1527.90818866493,783.09362317558,339.894814751633,301.853932631849,252.711877287623,3501.80618274827,628.713506367851,6352.32650110007,725.769518249273,699.207492762129,45.4096505362855,1745.45511968223,1306.97604135332,958.226713397362,596.229884674766,873.038984521,66.8821459477421,289.494300751933,654.506799584979,Ubiquitin protein ligase E3 component n-recognin 4,Q5T4S7,609890.0,gene,23352.0,UBR4,ENSG00000127481,bacteria
sp|Q5T4S7|UBR4_HUMAN,sp,Q5T4S7,UBR4,HUMAN,0283361|tr|A0A3R6KTM2|A0A3R6KTM2_9BACT,283361,tr,A0A3R6KTM2,A0A3R6KTM2,QLSALL,1925,1930,QLSALL,393,398,ESIAEQLSALLLHLDA,6,,,very_weak,,,,,,,,,,,,,,,,,,,,,,,,,,,,,,,,,very_weak,,,,,,very_weak,,weak,very_weak,,,very_weak,,,,,weak,very_weak,,,very_weak,,weak,very_weak,,,very_weak,,,,,weak,very_weak,,,,,,,,,,,,,,weak,very_weak,11.355,27.965,39.61,46.485,20.845,57.325,49.715,23.55,42.0,53.1,20.67,16.835,15.295,6.53,14.17,7.234999999999999,15.405,9.995,13.405,42.635,8.94,32.4,38.57,23.28,42.855,620.918897648942,212.885939934328,1124.95513701366,2788.70311269418,182.629938285345,4799.8182210685,2776.87024052581,289.51622743131,355.001100792103,1944.63142606511,1182.75865108754,222.376314083157,1169.6001042427,85.4836069765338,527.333218284864,28.3259045289869,255.737562183717,296.689366441192,376.226230887219,670.374802970696,161.217300219675,601.699528197996,371.819269594561,311.145376757963,Ubiquitin protein ligase E3 component n-recognin 4,Q5T4S7,609890.0,gene,23352.0,UBR4,ENSG00000127481,bacteria
sp|Q5T4S7|UBR4_HUMAN,sp,Q5T4S7,UBR4,HUMAN,0283361|tr|A0A3R6IKB1|A0A3R6IKB1_9BACT,283361,tr,A0A3R6IKB1,A0A3R6IKB1,ILGPAE,1337,1342,ILGPAE,11,16,TEKDHILGPAEAPIEI,6,,,,,,,,,,,,,,,,,,,,,,,,,,,,,,very_weak,,,,,,,,,,,weak,very_weak,,,,,,,,,,,,,,,,,,,,,,,,,,,,,,,,,,,,,,,,,weak,very_weak,48.865,65.89,55.715,57.445,58.035,53.85,69.11,40.74,62.93000000000001,17.51,44.585,51.510000000000005,7.385,63.91499999999999,68.59,25.895000000000003,32.895,55.015,65.85,52.315,55.400000000000006,23.4,24.305,46.735,59.08,7113.04972263552,7730.87258652241,7481.77655008674,11675.8220318296,8360.55217698006,14609.5227226238,16487.5610238857,4147.20785299072,7272.42640743582,754.270386972906,11256.1753800512,7388.06033393383,950.276669748911,9874.48644992718,14811.4992586553,676.275801893727,2770.65786013088,11372.7180036282,11732.3012893074,5869.32340767523,6614.57981114189,1913.73951477551,1559.7446163577,5142.18658526411,Ubiquitin protein ligase E3 component n-recognin 4,Q5T4S7,609890.0,gene,23352.0,UBR4,ENSG00000127481,bacteria
sp|Q5T4S7|UBR4_HUMAN,sp,Q5T4S7,UBR4,HUMAN,0283361|tr|A0A415ZYZ4|A0A415ZYZ4_9BACT,283361,tr,A0A415ZYZ4,A0A415ZYZ4,SAYRSS,5088,5093,SAYRSS,465,470,VFGEISAYRSSPDSAY,6,,weak,very_weak,,,,,,,,weak,very_weak,,weak,very_weak,,,,,,,,,very_weak,,,,,,,,,,,,,,,very_weak,,weak,very_weak,,,,,,,,,,,,very_weak,,,,,,,,,,,,very_weak,,,,strong,weak,very_weak,,,very_weak,,weak,very_weak,,,,strong,weak,very_weak,6.24,38.71,25.755000000000003,9.825,2.22,23.535,35.43,19.4,33.879999999999995,25.95,50.795,44.46,9.435,50.44,44.24,13.165,35.32,44.870000000000005,27.735,14.165,49.405,1.035,14.695,4.050000000000001,28.62,1071.80729931122,1938.41340612536,1424.02089439435,1138.36248587454,128.824153358132,4147.92586505027,5468.06013037696,766.130888166476,2025.59406927639,744.886921518292,8046.29421831755,5027.75345877636,1373.84986723676,4700.47428422604,6080.70132869326,75.5140813924491,1585.09377567161,6713.64921435221,3505.55918029894,637.591700636698,3558.64095472757,159.751782763446,537.227159333576,237.82621999239,Ubiquitin protein ligase E3 component n-recognin 4,Q5T4S7,609890.0,gene,23352.0,UBR4,ENSG00000127481,bacteria
sp|Q5T4S7|UBR4_HUMAN,sp,Q5T4S7,UBR4,HUMAN,0283361|tr|A0A415ZS36|A0A415ZS36_9BACT,283361,tr,A0A415ZS36,A0A415ZS36,EDDFSS,571,576,EDDFSS,169,174,DDEDDEDDFSSRRESP,6,,,,,,,,,,,,,,,,,,,,,,,,,,,,,,,,,,,,,,,,,,,,,,,,,,,,,,,,,,,,,,,,,,,,,,,,,,,,,,,,,,,,,48.370000000000005,95.0,95.0,59.935,95.0,95.0,55.72,95.0,95.0,95.0,95.0,87.115,43.6,95.0,86.045,95.0,74.28,84.95,95.0,95.0,90.6,49.575,95.0,95.0,79.765,11656.8879298436,35524.6282484675,41228.8732503394,15937.6815517518,36402.8274568349,41439.9649977593,13954.4394453115,41169.1408684655,38624.8385354412,32497.6771464549,42526.4681872162,21314.5943168424,6720.84444668164,36168.4445574885,25082.6301723195,37931.1405938606,14882.6635856259,25095.3886754537,39818.9293483001,36460.3779970188,19703.3038153456,8780.73142493338,41083.7049738844,36377.6284691521,Ubiquitin protein ligase E3 component n-recognin 4,Q5T4S7,609890.0,gene,23352.0,UBR4,ENSG00000127481,bacteria
sp|Q5T4S7|UBR4_HUMAN,sp,Q5T4S7,UBR4,HUMAN,0283361|tr|A0A3R6MFZ2|A0A3R6MFZ2_9BACT,283361,tr,A0A3R6MFZ2,A0A3R6MFZ2,DILSRT,446,451,DILSRT,129,134,VSPKGDILSRTEYETG,6,,,,,,,,,,,,,,,,,,,,,,,,,,,,,,,,,,,,,,,,,,,,,,,,,,,,,,,,,,,,,,,,,,,,,,,,,,,,,,,,,,,,,58.285,63.955,46.49,48.325,32.635,73.04499999999999,43.63,63.63,62.25,42.38,66.18,43.72,20.275,59.74,56.885,76.75,59.875,58.870000000000005,28.22,57.13,56.15,34.28,67.085,50.545,50.455,11243.3947625029,4989.5479385321,6120.56973119336,5417.76747125939,4012.62562874001,15481.0000700931,6751.74773005954,7548.53351864572,6669.12379782021,3463.59695836516,18001.8339479894,5291.58777754987,2171.84026503346,7343.98706040789,10552.4206984833,4081.7679972765,6652.8359124433,9512.27233989108,5011.08061740932,4218.80617263244,5094.45017291465,3020.7088911587,5290.38558419639,3506.5075428839,Ubiquitin protein ligase E3 component n-recognin 4,Q5T4S7,609890.0,gene,23352.0,UBR4,ENSG00000127481,bacteria
sp|Q5T4S7|UBR4_HUMAN,sp,Q5T4S7,UBR4,HUMAN,0283361|tr|A0A3R6IQ09|A0A3R6IQ09_9BACT,283361,tr,A0A3R6IQ09,A0A3R6IQ09,SSSGSV,1981,1986,SSSGSV,178,183,TYKITSSSGSVANTIV,6,,,,,,,,,very_weak,,,,,,very_weak,,weak,very_weak,,,,,weak,very_weak,,,very_weak,strong,weak,very_weak,,,very_weak,,,,,,very_weak,,,very_weak,,,,,,,,,,,weak,very_weak,,weak,very_weak,,,,,,,,weak,very_weak,,,,,,very_weak,,weak,very_weak,,,very_weak,,,,strong,weak,very_weak,61.25,23.98,16.380000000000003,37.905,17.42,5.705,25.645000000000003,5.125,13.415,1.36,15.31,62.335,12.665,63.425,59.18,5.37,6.265000000000001,68.055,41.81,4.14,67.17,18.275,2.675,14.135000000000002,22.815,8613.79875062541,861.068597855724,360.567699150175,4494.37337787709,529.041963710083,383.641882722212,2567.31202942187,75.9343911898845,130.281942641664,22.9535523227814,2658.21768659947,4805.63823927268,1577.68503678907,5430.56150538465,8391.00182427946,26.9424418301251,172.1682986739,7981.35044589704,3861.50584990293,86.2892801324472,5033.57754145662,252.553338422171,59.7402518678679,382.166997497731,Ubiquitin protein ligase E3 component n-recognin 4,Q5T4S7,609890.0,gene,23352.0,UBR4,ENSG00000127481,bacteria
sp|Q5T4S7|UBR4_HUMAN,sp,Q5T4S7,UBR4,HUMAN,0283361|tr|A0A3R6IPW5|A0A3R6IPW5_9BACT,283361,tr,A0A3R6IPW5,A0A3R6IPW5,SSASSS,3343,3348,SSASSS,1058,1063,VSGAQSSASSSLHLEK,6,,,,,,,,,,,,,,,,,,,,,,,weak,very_weak,,,,,weak,very_weak,,,,,,,,,,,,very_weak,,,,,,,,,,,,,,,very_weak,,,,,,,,,,,,,,,,,,,,,,,,,,weak,very_weak,74.525,75.05,76.87,58.83,64.015,67.5,73.665,9.515,63.285,3.26,48.78,72.255,19.825,73.58,76.61,43.870000000000005,13.955,71.42,71.69,50.255,58.86,34.745,20.245,55.905,74.465,11930.7188280239,5002.35899230127,5312.64169795117,7357.6669592337,3663.97579250864,8820.24738636793,9045.43310777879,201.136775619093,3123.00229625443,23.1814216613346,9193.63418691946,6512.10879149615,1378.77892086077,6329.82276562819,10633.2217505202,475.364456903874,345.740388767554,8089.15399167904,8202.85008327825,1921.87359733953,4538.49978559184,445.373948465058,294.98968362209,2859.43610793077,Ubiquitin protein ligase E3 component n-recognin 4,Q5T4S7,609890.0,gene,23352.0,UBR4,ENSG00000127481,bacteria
sp|Q5T4S7|UBR4_HUMAN,sp,Q5T4S7,UBR4,HUMAN,0283361|tr|A0A415ZRW6|A0A415ZRW6_9BACT,283361,tr,A0A415ZRW6,A0A415ZRW6,LLLTLL,533,538,LLLTLL,7,12,KKCFYLLLTLLCVNYS,6,,,,,,,,,,,,,,,,,,,,,,,,,,,,,,,,,,,,,,,,,,,,,,,,,,,,,,,,,,,,,,,,,,,,,,,,,,,,,,,,,,,,,45.15,56.855,62.415,70.41,59.925,67.53,76.805,67.35,70.52,86.725,66.1,50.905,80.005,47.72,58.01,20.06,68.365,40.905,46.935,54.215,56.6,55.075,72.345,37.335,55.545,1237.94768457809,675.953923731747,1706.11364608377,5413.3728263785,949.115538248592,6367.67196695246,8018.13644750686,1759.92435154733,2603.00223779682,6531.23135736712,6576.89948896612,641.445823297281,6826.3784343318,347.037143231388,2225.00032354275,156.650281540155,2199.55625272881,723.331443650698,1021.0709649594,826.991784605646,824.615073583741,1655.5775131807,2182.79475503764,437.214211645422,Ubiquitin protein ligase E3 component n-recognin 4,Q5T4S7,609890.0,gene,23352.0,UBR4,ENSG00000127481,bacteria
sp|Q5T4S7|UBR4_HUMAN,sp,Q5T4S7,UBR4,HUMAN,0283361|tr|A0A3R6LUE1|A0A3R6LUE1_9BACT,283361,tr,A0A3R6LUE1,A0A3R6LUE1,LKQMEE,4824,4829,LKQMEE,90,95,FLWIQLKQMEENDTRM,6,,,,,,very_weak,,,,,,,,,,,,,,,,,,,,,,,,,,,,,weak,very_weak,,,,,,,,,very_weak,,,very_weak,,,,,,,,,,,,very_weak,,,,,,,,,very_weak,,,,,,,,,,,,,,weak,very_weak,37.2,14.875,25.63,55.66,39.93,54.24,40.295,56.55,56.715,82.45,47.395,7.185,54.315,10.255,15.745,32.085,50.135,13.54,27.11,46.325,14.86,29.875,41.585,22.81,25.415,2663.8608880832,466.38268912422,1514.16644786848,6047.10903847398,1803.62632527961,8987.19326802568,3850.61648642114,2004.1426498451,3195.22339344915,8655.93439819004,6380.29257154362,450.277418574754,4323.19222216016,322.731362835106,1090.19325626173,424.732141679064,2937.04328985,865.908131062517,1757.07036944065,2535.51066885802,484.917784360295,1212.90262937974,1623.18940678057,773.100599555676,Ubiquitin protein ligase E3 component n-recognin 4,Q5T4S7,609890.0,gene,23352.0,UBR4,ENSG00000127481,bacteria
sp|Q5T4S7|UBR4_HUMAN,sp,Q5T4S7,UBR4,HUMAN,0283361|tr|A0A3R6INK8|A0A3R6INK8_9BACT,283361,tr,A0A3R6INK8,A0A3R6INK8,ENKNVT,987,992,ENKNVT,6,11,MGTNEENKNVTILIAE,6,,,,,,,,,,,,,,,,,,very_weak,,,,,,,,,very_weak,,,,,,,,,,,,,,,,,,,,,,,,,,,,strong,weak,very_weak,,,,,,,,,,,,,,,,,,,,,,,,,strong,weak,very_weak,48.96,51.555,41.655,44.205,62.22,13.925,62.375,31.66,18.41,41.23,41.975,59.290000000000006,29.165,51.465,52.635000000000005,55.475,0.155,63.28,56.88,49.975,52.195,20.23,50.61,54.39,50.86,6105.22521393437,1849.95409213531,1690.97039956089,4899.61810773782,4128.8511328188,1258.21670196867,8730.05027398587,1270.13021847393,247.449258804837,1664.16209837321,7491.01067648719,4690.31366383958,2392.31231805642,2764.66876178988,5237.81526441363,1212.78452509244,34.9942719053347,6426.08717998912,5207.86506102282,2478.41546543151,2275.07574183205,861.413380003456,2162.83543382782,2405.13339036043,Ubiquitin protein ligase E3 component n-recognin 4,Q5T4S7,609890.0,gene,23352.0,UBR4,ENSG00000127481,bacteria
sp|Q5T4S7|UBR4_HUMAN,sp,Q5T4S7,UBR4,HUMAN,0283361|tr|A0A3R6LTD3|A0A3R6LTD3_9BACT,283361,tr,A0A3R6LTD3,A0A3R6LTD3,TMVELA,2814,2819,TMVELA,247,252,NPGEFTMVELAEHIIR,6,,,very_weak,,weak,very_weak,,,very_weak,,,,,,,,,,,,very_weak,,,,,,,,,,,weak,very_weak,,,very_weak,,,very_weak,,weak,very_weak,,weak,very_weak,,weak,very_weak,,weak,very_weak,,,very_weak,,,very_weak,,weak,very_weak,,weak,very_weak,,,very_weak,,weak,very_weak,,weak,very_weak,,,very_weak,,weak,very_weak,,,very_weak,,weak,very_weak,14.760000000000002,7.935,13.205,22.385,20.555,21.22,17.945,20.68,36.905,35.629999999999995,5.225,11.52,4.19,3.67,4.18,13.82,11.125,7.195,5.495,10.18,3.355,8.110000000000001,13.145,7.925000000000001,13.675,1414.27060783766,346.744387317568,709.564654405774,1566.22157008225,923.06722851926,3836.06207620116,675.56641025781,576.581933495242,1098.65985269375,1745.26627552467,1295.85210979559,568.645556176461,616.620755533759,226.281563162292,803.26892432857,110.047528565394,385.43510723448,585.768785642145,625.578574423289,425.610791217324,239.152543321542,540.094622736549,389.06778875353,261.224496100133,Ubiquitin protein ligase E3 component n-recognin 4,Q5T4S7,609890.0,gene,23352.0,UBR4,ENSG00000127481,bacteria
sp|Q5T4S7|UBR4_HUMAN,sp,Q5T4S7,UBR4,HUMAN,0283361|tr|A0A3R6ILL6|A0A3R6ILL6_9BACT,283361,tr,A0A3R6ILL6,A0A3R6ILL6,ATAAAL,3084,3089,ATAAAL,75,80,TIGNDATAAALGDSAL,6,,,,,,,,,,,,,,,,,,,,,very_weak,,,,,,,,weak,very_weak,,,,,,,,,,strong,weak,very_weak,,,,,,,,,very_weak,,,,strong,weak,very_weak,,,,,,,,,very_weak,,,,,,very_weak,,,,,,,,,,strong,weak,very_weak,52.68,60.35,61.075,22.815,79.065,42.145,18.435,56.865,58.155,5.13,59.395,88.215,0.8900000000000001,83.88499999999999,84.18,55.89,0.595,85.62,84.31,18.2,82.685,12.16,57.10000000000001,51.06999999999999,70.385,6299.69181804164,6143.72532202801,6419.97155412855,2826.40051268851,11990.1174702465,7492.9561548635,2408.67512489839,6664.07461928725,3577.98368979993,130.60655938526,15298.0066217679,16356.4321374694,499.136191605678,15297.0135277644,20011.1790585819,2339.3527160796,88.3659970359851,19566.2779373335,14703.5606551951,913.025009581342,12333.2731977836,1153.21409389131,3898.23750796961,5314.88395360751,Ubiquitin protein ligase E3 component n-recognin 4,Q5T4S7,609890.0,gene,23352.0,UBR4,ENSG00000127481,bacteria
sp|Q5T4S7|UBR4_HUMAN,sp,Q5T4S7,UBR4,HUMAN,0283361|tr|A0A3R6IKA8|A0A3R6IKA8_9BACT,283361,tr,A0A3R6IKA8,A0A3R6IKA8,IGKVST,3948,3953,IGKVST,21,26,SLYNHIGKVSTNIESL,6,,,,,,,,weak,very_weak,,,,,,,,,,,,,,,,,,,,weak,very_weak,,,very_weak,,,,,,,,,,,,,,,,,,,,,,,,very_weak,,,,,,,,,very_weak,,,,,weak,very_weak,,,,,weak,very_weak,strong,weak,very_weak,strong,weak,very_weak,60.885,40.905,4.475,52.055,35.114999999999995,31.505,48.365,20.12,23.695,9.43,19.725,34.78,20.135,37.745,44.955,33.545,11.84,36.065,44.535,13.08,24.41,9.495,31.365,2.015,1.8,7152.1764837474,1693.25893740514,284.381155578997,5396.53049097441,943.259683963925,3258.69680376204,6673.81574617149,478.300043371068,921.969269927675,159.096309211121,2588.65019339312,1231.00219542254,2112.09737031007,976.025629352115,3081.34894025743,178.185523636396,708.743655189964,1854.92474913938,3904.82284227467,563.165538565563,714.734889767072,346.182089127803,654.889318717633,148.2114824667,Ubiquitin protein ligase E3 component n-recognin 4,Q5T4S7,609890.0,gene,23352.0,UBR4,ENSG00000127481,bacteria
sp|Q5T4S7|UBR4_HUMAN,sp,Q5T4S7,UBR4,HUMAN,0283361|tr|A0A3R6J2A0|A0A3R6J2A0_9BACT,283361,tr,A0A3R6J2A0,A0A3R6J2A0,EIILDE,4567,4572,EIILDE,249,254,QAAGVEIILDEASLPI,6,,weak,very_weak,,weak,very_weak,,,,strong,weak,very_weak,,,,,,very_weak,,weak,very_weak,,,very_weak,,,very_weak,,,,,,,,,,,,,strong,weak,very_weak,,,,,,,,,very_weak,,,,,,very_weak,,,,,,very_weak,,weak,very_weak,,,,,,,,,,,weak,very_weak,,,,strong,weak,very_weak,3.46,8.865,34.315,1.495,20.205,13.07,2.065,18.19,14.585,39.55,41.11,30.545,1.105,23.925,40.405,26.535,16.78,26.165,16.045,4.46,22.19,42.025,36.39,8.155000000000001,45.89,441.339680435016,434.2299976245,1958.48308133023,44.3367072183775,741.349164316074,1575.56975101032,83.5803686439168,303.264862708823,88.7675125888405,1734.01045893805,5268.22270740876,920.63352106612,347.345178784704,554.903262753277,2828.97048664542,244.815480343735,589.430808715991,1199.74617989277,899.153069781382,196.845928563389,463.786127016486,2686.46654731944,760.078813548437,336.135203129397,Ubiquitin protein ligase E3 component n-recognin 4,Q5T4S7,609890.0,gene,23352.0,UBR4,ENSG00000127481,bacteria
sp|Q5T4S7|UBR4_HUMAN,sp,Q5T4S7,UBR4,HUMAN,0283361|tr|A0A3R6QR24|A0A3R6QR24_9BACT,283361,tr,A0A3R6QR24,A0A3R6QR24,LKSLTG,4238,4243,LKSLTG,1305,1310,TLYRKLKSLTGLNSSA,6,,,,,weak,very_weak,,weak,very_weak,,,,,weak,very_weak,,,very_weak,,,,,,very_weak,,,,,,,,weak,very_weak,,,,,weak,very_weak,,,,,,very_weak,,,very_weak,,,,strong,weak,very_weak,,,,,,,,weak,very_weak,,weak,very_weak,,,,,,very_weak,,,very_weak,,weak,very_weak,,weak,very_weak,strong,weak,very_weak,46.985,5.375,3.31,49.345,3.695,11.465,43.845,14.955,24.895,39.515,5.76,25.775,63.09,16.604999999999997,12.29,0.8300000000000001,28.99,24.765,3.935000000000001,2.175,30.515,10.235,17.915,4.165,2.05,7077.65875238942,101.781260990928,89.9674626349142,5802.0789940579,66.2275723072484,978.362266068742,3271.62695476485,160.640957844637,563.537354154562,1122.82709343001,513.182595702523,968.870922803653,6596.9260444752,664.518104583685,846.995728235005,5.10282354476647,1039.67717058994,1864.8658108259,282.534856533907,39.6614642617513,1023.91419087593,147.196676833769,149.963280672138,74.3249378454696,Ubiquitin protein ligase E3 component n-recognin 4,Q5T4S7,609890.0,gene,23352.0,UBR4,ENSG00000127481,bacteria
sp|Q5T4S7|UBR4_HUMAN,sp,Q5T4S7,UBR4,HUMAN,0283361|tr|A0A415ZRW6|A0A415ZRW6_9BACT,283361,tr,A0A415ZRW6,A0A415ZRW6,TSDLQS,719,724,TSDLQS,759,764,VSKIITSDLQSITRIR,6,,,very_weak,,weak,very_weak,,,,,weak,very_weak,,,very_weak,,weak,very_weak,strong,weak,very_weak,,weak,very_weak,,weak,very_weak,,,very_weak,,weak,very_weak,strong,weak,very_weak,,,,,,very_weak,strong,weak,very_weak,,weak,very_weak,,weak,very_weak,,,,,,very_weak,strong,weak,very_weak,,,very_weak,,,very_weak,strong,weak,very_weak,,,,,weak,very_weak,,,,,,,strong,weak,very_weak,14.265,4.535,28.355,2.585,20.0,9.55,1.075,9.695,7.77,16.765,8.495000000000001,1.84,11.945,0.775,5.615,29.765,15.43,1.235,10.53,19.38,1.535,25.55,7.375,25.62,38.17,1627.88538729379,207.16432673504,953.686041307291,131.165941817546,532.101732211523,638.219782466742,52.5036554503997,183.78758489081,46.0424200138798,905.361820707227,1336.24599959743,55.3791219262204,1795.83725785511,70.6520193482708,862.803224985267,210.198875615227,595.559350190802,80.5589296683654,658.050083806531,436.264402103614,120.909752646092,755.822579179106,234.16722493199,644.018881834706,Ubiquitin protein ligase E3 component n-recognin 4,Q5T4S7,609890.0,gene,23352.0,UBR4,ENSG00000127481,bacteria
sp|Q5T4S7|UBR4_HUMAN,sp,Q5T4S7,UBR4,HUMAN,0283361|tr|A0A416AEC3|A0A416AEC3_9BACT,283361,tr,A0A416AEC3,A0A416AEC3,TEEFIE,4452,4457,TEEFIE,629,634,EGDVLTEEFIEKLTPE,6,,,,,,,,,,,,,,,,,,,,,,,,,,,,,,,,,,,weak,very_weak,,,,,,very_weak,,weak,very_weak,,weak,very_weak,,,very_weak,,,,,,,,weak,very_weak,,,,,,,,weak,very_weak,,,,,,,,,,,,,,weak,very_weak,20.22,29.630000000000003,67.655,24.925,59.1,73.96000000000001,28.585,63.290000000000006,68.02,61.915000000000006,31.61,7.705,18.77,2.555,5.0200000000000005,52.7,61.59,3.85,42.055,51.34,2.11,45.825,63.78,48.095,62.245,2069.05385947967,2131.31172300662,7792.68206225592,3106.75781887819,5582.17715991249,19768.0049850828,3637.90434433437,6346.21240736165,6600.56729015347,7439.07570381925,7254.58659311647,436.141691977769,1440.9301809225,191.663218395452,1044.67247355149,2362.21858238111,4897.39207673716,373.411755977905,5097.26211055806,4974.56243419073,205.099086799573,4261.2412260421,4981.72613447193,3516.76622135766,Ubiquitin protein ligase E3 component n-recognin 4,Q5T4S7,609890.0,gene,23352.0,UBR4,ENSG00000127481,bacteria
sp|Q5T4S7|UBR4_HUMAN,sp,Q5T4S7,UBR4,HUMAN,0283361|tr|A0A3R6IGU1|A0A3R6IGU1_9BACT,283361,tr,A0A3R6IGU1,A0A3R6IGU1,GSKVLA,3329,3334,GSKVLA,55,60,ERPKDGSKVLAMWCNS,6,,,,,,,,,,,,,,,,,,,,,,,,,,,,,,,,,,,,,,,,,,,,,,,,,,,,,,,,,,,,,,,,,,,,,,,,,,,,,,,,,,,,,83.63499999999999,68.97,69.14,85.475,72.195,78.295,82.6,63.98,80.78999999999999,46.79,38.23,72.505,70.275,69.74,63.71,61.985,31.05,70.965,73.735,75.8,58.46,42.5,70.43,75.84,69.36,12184.1913113109,2257.07928949924,2855.91129724834,11684.4156195719,3160.18841561461,11435.7708464555,10788.7440153967,2071.5626901422,5727.54312927682,1293.65270768713,3836.60168358503,4214.47197852324,5897.90642606092,3317.61089799427,4655.37745192736,566.312360788761,958.683005227974,5539.03939485046,5986.50098897359,3640.03047658442,2907.07157179245,979.315439736233,1920.48088770931,3432.66880613175,Ubiquitin protein ligase E3 component n-recognin 4,Q5T4S7,609890.0,gene,23352.0,UBR4,ENSG00000127481,bacteria
sp|Q5T4S7|UBR4_HUMAN,sp,Q5T4S7,UBR4,HUMAN,0283361|tr|A0A416ADJ5|A0A416ADJ5_9BACT,283361,tr,A0A416ADJ5,A0A416ADJ5,ALEEME,4863,4868,ALEEME,177,182,PYYINALEEMEHRFPD,6,,,very_weak,,,,,,,,,very_weak,,,,,weak,very_weak,,,,,,,,,,,,,,,,,,,,,,,weak,very_weak,,weak,very_weak,,,,,weak,very_weak,,,,,,,,,very_weak,,,very_weak,,,,,,very_weak,,,,,,very_weak,,weak,very_weak,,,,,weak,very_weak,18.84,24.43,37.275000000000006,10.63,35.765,8.129999999999999,24.48,41.2,31.36,47.89,39.525,28.5,9.15,9.895,20.635,27.055,43.83,15.385000000000002,12.285,23.615,12.935,24.355,15.925,9.465,33.04,1441.5539376942,1061.37496972797,2586.71831975794,682.760424236505,2745.82817100897,716.205722965029,2101.92974093759,1614.16984646124,1090.16966521834,3961.50641216485,6104.49862815836,1016.57341274385,767.400211563188,403.350170393136,2013.64116146137,413.075442433707,2234.28814878333,908.501914122186,1648.58833177161,899.980384288847,539.67403988681,1460.10833216961,559.206670168552,252.813066140667,Ubiquitin protein ligase E3 component n-recognin 4,Q5T4S7,609890.0,gene,23352.0,UBR4,ENSG00000127481,bacteria
sp|Q5T4S7|UBR4_HUMAN,sp,Q5T4S7,UBR4,HUMAN,0283361|tr|A0A3R6LY62|A0A3R6LY62_9BACT,283361,tr,A0A3R6LY62,A0A3R6LY62,DGSTLR,2878,2883,DGSTLR,134,139,ERRLYDGSTLRHRDRF,6,,,,,,,,,,,,,,,,,,,,,very_weak,,,,,,,,,,,,,,,,,weak,very_weak,,,,,,,,,very_weak,,,,,,,,,,,,,,,,,weak,very_weak,,,,,weak,very_weak,,,,,,,,,very_weak,,weak,very_weak,67.015,30.74,31.7,23.915,35.1,21.325,12.935,35.489999999999995,27.37,20.925,26.505000000000003,25.6,67.155,30.035,16.505,40.09,35.03,35.239999999999995,60.205,8.875,35.79,8.76,26.49,25.995,19.705,10238.300539999,1047.88749798306,1926.84985352927,2872.64631491989,1075.57122930727,2901.00730886153,989.465645511893,1342.53547733899,1786.0322587406,1329.91403782783,5398.10723138521,2962.67232501012,8219.1079759522,2843.42404441505,2881.92351917201,433.624343267745,2784.15068699624,5498.85220526543,5311.66460052605,463.916615009399,2716.30845434713,541.059695106077,930.678863430785,1484.67327497905,Ubiquitin protein ligase E3 component n-recognin 4,Q5T4S7,609890.0,gene,23352.0,UBR4,ENSG00000127481,bacteria
sp|Q5T4S7|UBR4_HUMAN,sp,Q5T4S7,UBR4,HUMAN,0283361|tr|A0A3R6QZL0|A0A3R6QZL0_9BACT,283361,tr,A0A3R6QZL0,A0A3R6QZL0,LNSLFL,415,420,LNSLFL,318,323,CVDKELNSLFLDITQI,6,,weak,very_weak,strong,weak,very_weak,,,,,,,,,,,,,,,,,,,,,,,,,,,,,weak,very_weak,,,,,,very_weak,,weak,very_weak,,,very_weak,,weak,very_weak,,,,,,,,weak,very_weak,,,,,,,,weak,very_weak,,,,,,,,,,,,,strong,weak,very_weak,9.32,1.605,59.44499999999999,46.875,51.705,54.94500000000001,52.915000000000006,44.235,56.825,40.175,37.945,3.41,10.545,5.87,13.625,38.07,37.195,3.185,30.465,56.505,3.0,36.27,58.715,43.395,61.095,194.378146922394,129.166099331265,3045.74954494023,2891.85640133079,1121.85561472182,6788.66671768644,3775.16423359152,801.974980065043,1651.65921430429,3711.01475667552,2609.06452629304,28.9881691604741,1468.21937870999,63.3559132345849,494.834401887195,304.474773003156,1153.70081988791,36.4106209061052,1253.42025763594,2011.48538831415,68.08615368391,1428.82072606342,1261.2016210409,861.441341362606,Ubiquitin protein ligase E3 component n-recognin 4,Q5T4S7,609890.0,gene,23352.0,UBR4,ENSG00000127481,bacteria
sp|Q5T4S7|UBR4_HUMAN,sp,Q5T4S7,UBR4,HUMAN,0283361|tr|A0A416A352|A0A416A352_9BACT,283361,tr,A0A416A352,A0A416A352,GIPNGG,2745,2750,GIPNGG,403,408,EGDLNGIPNGGQVIKD,6,,,,,,,,,,,,,,,,,,very_weak,,,,,,,,,,,weak,very_weak,,,,,,,,,,,,,,,,,,,,,,,,,,,,,,,,,,,,very_weak,,,,,,,,,,,,,,,,,weak,very_weak,55.83,39.91,23.475,52.22,35.68,14.315,54.75,51.39,22.44,4.715,67.26,84.87,24.685,77.05,71.22,41.370000000000005,35.91,82.62,50.08,17.27,83.81,48.17,52.92,25.15,33.09,14506.6656261572,4593.83260299184,2417.02920469884,9085.74707569104,4320.66705692712,2309.22548321258,13435.294931999,5512.73234616104,775.865909861151,191.124800156742,22372.9760503136,17829.8941523806,3922.18354091232,17956.7026180904,21177.8166457841,1521.16169148901,3168.23388610796,22349.7493337013,9410.51734739447,1451.66508476737,16717.1292259994,3069.37006054458,4898.92899004276,2283.28759297215,Ubiquitin protein ligase E3 component n-recognin 4,Q5T4S7,609890.0,gene,23352.0,UBR4,ENSG00000127481,bacteria
sp|Q5T4S7|UBR4_HUMAN,sp,Q5T4S7,UBR4,HUMAN,0283361|tr|A0A3R6QND1|A0A3R6QND1_9BACT,283361,tr,A0A3R6QND1,A0A3R6QND1,APEKPQ,3771,3776,APEKPQ,600,605,TIEQTAPEKPQTEKEP,6,,,,,,,,,,,,,,,,,,,,,,,,,,,,,,,,,,,,,,,,,,,,,,,,,,,,,,,,,,,,,,,,,,,,,,,,,,,,,,,,,,,,,74.69,72.16499999999999,82.625,81.75999999999999,92.03,80.755,76.18,73.305,87.775,63.005,63.525,84.84,26.995,76.475,79.055,83.555,58.13,73.88,87.52000000000001,67.865,71.78,54.99,74.035,63.5,80.66999999999999,21717.322928429,9674.92399181203,15589.4160720483,21709.5700841707,18948.1308140467,25233.1578912877,19155.2947575968,10256.262011851,15359.205973326,6373.46192879535,24028.5498714598,18695.8127857611,4467.85235301488,19003.7712972181,22937.2203480158,8065.73184217774,8113.52197456477,22833.470108312,21185.3795921505,11551.0480235199,15232.4356981481,8768.10477174529,8556.85656686464,11506.0183223609,Ubiquitin protein ligase E3 component n-recognin 4,Q5T4S7,609890.0,gene,23352.0,UBR4,ENSG00000127481,bacteria
sp|Q5T4S7|UBR4_HUMAN,sp,Q5T4S7,UBR4,HUMAN,0283361|tr|A0A415ZKS4|A0A415ZKS4_9BACT,283361,tr,A0A415ZKS4,A0A415ZKS4,VSPVLL,3315,3320,VSPVLL,24,29,TLPASVSPVLLGSALA,6,,,,,,,,,,,,,,,,,,,,,,,,,,,,,,very_weak,,,,,,,,,,,,,,,,,,,,,very_weak,,,,,weak,very_weak,,,,,,,,,,,,,,,,,,,,,,,,,,weak,very_weak,65.6,30.67,37.53,69.075,47.44,56.99,55.515,30.565,57.085,13.115,45.32,47.9,20.93,36.46,53.61,37.465,6.33,53.725,36.11,40.84,46.260000000000005,30.815,38.935,50.495000000000005,49.63,6945.58311367138,724.271207902703,1026.83199230812,6605.9257145929,1325.50382838413,5248.53723152946,5251.32058173641,529.735035420276,1522.06718565958,240.010566995352,3719.818549144,2234.09476113395,1823.22739010009,1509.55349835011,4524.13463828495,114.296093671524,225.804644767023,4108.48584680387,1828.68015658379,1295.76798753107,1738.04890020594,348.270926918445,558.517339275923,1302.05007203373,Ubiquitin protein ligase E3 component n-recognin 4,Q5T4S7,609890.0,gene,23352.0,UBR4,ENSG00000127481,bacteria
sp|Q5T4S7|UBR4_HUMAN,sp,Q5T4S7,UBR4,HUMAN,0283361|tr|A0A416A4V7|A0A416A4V7_9BACT,283361,tr,A0A416A4V7,A0A416A4V7,GSHTIS,3567,3572,GSHTIS,570,575,VYNASGSHTISELTTQ,6,,,,,,,,,,,,,,,,,,,,,,,weak,very_weak,,,,,,very_weak,,,,,,,,,,,,very_weak,,,,,,,,,,,,very_weak,,,,,,,,,,,,,,,,,,very_weak,,weak,very_weak,,,,,,,,weak,very_weak,65.12,85.65,63.965,27.55,62.08,20.565,81.535,2.075,42.6,10.68,55.985,70.59,15.095,74.265,77.81,17.765,21.605,68.445,79.005,39.425,75.55,17.48,2.825,46.78,64.03,10158.3020151572,6701.81929723604,3638.88851039475,2704.78276322432,2532.41255922245,1456.71569934809,11514.2377662203,32.3758191600249,1247.75075408642,170.95061344417,9819.08577394636,7050.60174310691,1488.75910104709,7341.52420380496,12693.5269953295,66.1853083073813,1107.21616132962,8596.20206361103,9244.10560176692,919.200246627905,6273.84370978838,419.294006251684,45.5454581825645,1481.70443767312,Ubiquitin protein ligase E3 component n-recognin 4,Q5T4S7,609890.0,gene,23352.0,UBR4,ENSG00000127481,bacteria
sp|Q5T4S7|UBR4_HUMAN,sp,Q5T4S7,UBR4,HUMAN,0283361|tr|A0A416A8N2|A0A416A8N2_9BACT,283361,tr,A0A416A8N2,A0A416A8N2,RLQDVT,325,330,RLQDVT,1037,1042,NRAFVRLQDVTLSYTF,6,,weak,very_weak,strong,weak,very_weak,,,very_weak,,,very_weak,,weak,very_weak,,,very_weak,,,very_weak,,weak,very_weak,,,,,,,,weak,very_weak,,,very_weak,,weak,very_weak,,,,,,very_weak,,weak,very_weak,,,,strong,weak,very_weak,,,,,,very_weak,,,very_weak,,weak,very_weak,,,very_weak,,,very_weak,,,very_weak,,weak,very_weak,,weak,very_weak,strong,weak,very_weak,3.685,0.145,15.28,10.48,4.6850000000000005,13.625,12.54,6.71,21.045,45.605,5.94,19.815,29.450000000000003,11.35,5.495,0.535,33.27,16.34,10.955,3.89,14.265,18.125,12.945,2.18,9.355,583.548405702413,11.3857422950905,213.238648731954,298.118085708927,124.821788608568,644.974225104244,214.611213876741,198.273808402774,136.431902369899,1687.5160029894,865.599011430037,365.153287984787,1937.00871071677,162.502739978981,437.034487283285,8.89055347610123,650.933291705968,577.112448948454,310.415697990603,39.5077060349858,179.553795314774,291.193824886074,259.520113965971,53.6388434297472,Ubiquitin protein ligase E3 component n-recognin 4,Q5T4S7,609890.0,gene,23352.0,UBR4,ENSG00000127481,bacteria
sp|Q5T4S7|UBR4_HUMAN,sp,Q5T4S7,UBR4,HUMAN,0283361|tr|A0A416A8P7|A0A416A8P7_9BACT,283361,tr,A0A416A8P7,A0A416A8P7,TAAALL,3085,3090,TAAALL,21,26,RRNMITAAALLAERVG,6,,weak,very_weak,,weak,very_weak,,weak,very_weak,,,very_weak,,weak,very_weak,,weak,very_weak,,weak,very_weak,,weak,very_weak,,weak,very_weak,strong,weak,very_weak,strong,weak,very_weak,,weak,very_weak,,weak,very_weak,strong,weak,very_weak,,weak,very_weak,,weak,very_weak,,weak,very_weak,strong,weak,very_weak,strong,weak,very_weak,,weak,very_weak,,weak,very_weak,,weak,very_weak,,weak,very_weak,,weak,very_weak,strong,weak,very_weak,,weak,very_weak,,weak,very_weak,strong,weak,very_weak,9.945,2.445,2.94,14.85,3.685,3.42,7.465,2.58,8.16,1.915,1.385,9.13,0.735,3.1500000000000004,7.19,0.95,0.6699999999999999,6.905,5.22,2.93,4.38,5.065,1.535,6.72,5.3100000000000005,828.075185639568,64.7390466242031,61.4779418457306,1387.27848241166,63.2155420960436,215.913170767205,400.432423765947,27.2600054537012,95.7383093176642,54.9987503144431,111.280798365492,288.752905130685,354.486775280721,148.054411448432,660.839883614859,6.5439484741679,31.1288806573542,417.171698228316,243.855833855195,71.291675429336,227.629688843331,84.7340329522878,30.4186966177893,121.88831275781,Ubiquitin protein ligase E3 component n-recognin 4,Q5T4S7,609890.0,gene,23352.0,UBR4,ENSG00000127481,bacteria
sp|Q5T4S7|UBR4_HUMAN,sp,Q5T4S7,UBR4,HUMAN,0283361|tr|A0A3R6LX78|A0A3R6LX78_9BACT,283361,tr,A0A3R6LX78,A0A3R6LX78,SLLASL,2527,2532,SLLASL,219,224,INPCFSLLASLSKQQD,6,,,,,,,,,very_weak,,,,,,,,,,,,,,,,,,,,,,,,,,,,strong,weak,very_weak,,,,,,,,,very_weak,,,,,weak,very_weak,,,,,,,,,,,,very_weak,,,,,,,,,,,,very_weak,,weak,very_weak,strong,weak,very_weak,42.16,40.685,14.99,47.42,26.23,30.37,52.4,24.305,32.89,44.58,20.94,38.625,39.485,29.035,12.045,7.63,28.795,32.375,30.11,11.54,30.02,34.38,29.895000000000003,12.265,8.875,2913.93660856108,324.299523448794,277.96235845524,4378.55223131202,200.864927579371,1891.30228363855,3087.95723970857,133.345269453263,812.209401554196,707.028002460814,1045.03423616033,718.510933425596,2695.72576445706,418.183994431718,648.360667787994,11.7062799756587,275.802393342289,1115.34421745052,579.621824490663,107.914513435395,646.819177052286,120.161163234237,134.402659182878,113.581077681723,Ubiquitin protein ligase E3 component n-recognin 4,Q5T4S7,609890.0,gene,23352.0,UBR4,ENSG00000127481,bacteria
sp|Q5T4S7|UBR4_HUMAN,sp,Q5T4S7,UBR4,HUMAN,0283361|tr|A0A416A3K6|A0A416A3K6_9BACT,283361,tr,A0A416A3K6,A0A416A3K6,SGGAAV,4553,4558,SGGAAV,387,392,ASLVNSGGAAVYDESA,6,,,,,,,,,,,,very_weak,,,,,weak,very_weak,,,,,weak,very_weak,,weak,very_weak,strong,weak,very_weak,,,,,,,,,,strong,weak,very_weak,,,,,,,,weak,very_weak,,,very_weak,,weak,very_weak,,,,,,,,,,,,,,,very_weak,,weak,very_weak,,,,,,,strong,weak,very_weak,37.34,61.0,49.81,19.615,26.66,7.405,31.61,6.755,7.854999999999999,0.785,36.34,64.555,1.79,64.685,74.905,12.635000000000002,3.805,62.06,28.375,32.83,72.16499999999999,11.53,4.635,47.94,63.975,3621.91950937416,4337.95179399907,2633.45519776647,2611.71944914318,1459.57129730937,758.829810484436,4578.74733384804,233.89881331133,78.2632789921935,31.201040989915,8223.02178024496,7784.67624371223,381.332647245349,9224.82204250605,14257.6926607558,109.302310013868,243.892775177782,11687.9559938486,3906.25958331857,1602.18123117272,8684.92231393349,629.271562231866,144.069002709773,3097.02491158165,Ubiquitin protein ligase E3 component n-recognin 4,Q5T4S7,609890.0,gene,23352.0,UBR4,ENSG00000127481,bacteria
sp|Q5T4S7|UBR4_HUMAN,sp,Q5T4S7,UBR4,HUMAN,0283361|tr|A0A415ZMT1|A0A415ZMT1_9BACT,283361,tr,A0A415ZMT1,A0A415ZMT1,AAAAPA,10,15,AAAAPA,167,172,QAEEAAAAAPAEEAPA,6,,,,,,,,,,,,,,,,,,,,,,,,,,,,strong,weak,very_weak,,,,,,,,,,strong,weak,very_weak,,,,,,,strong,weak,very_weak,,,,strong,weak,very_weak,,,,,,,,,,,,,,weak,very_weak,,,,,,,,,,strong,weak,very_weak,39.57,62.425,67.775,72.69999999999999,78.89500000000001,61.955,95.0,53.095,95.0,0.34,29.77,66.765,0.045,72.84,74.91,42.88,1.555,68.19,86.515,53.21,65.73,8.094999999999999,37.315,53.370000000000005,77.92999999999999,9137.01015062209,14509.4911615963,12742.6526017696,20932.2394572116,19334.5759900653,20346.0870371964,38237.7153479799,9542.68244600882,30802.2910606842,34.3691251834304,9907.76958008676,13998.2935534875,163.88706608977,15407.141382748,19039.3762803279,2663.37095261179,173.055417186482,18548.7267046771,23560.5179872248,8718.06244671606,11857.4935435589,1613.66344207784,3650.87729434834,9043.67162686103,Ubiquitin protein ligase E3 component n-recognin 4,Q5T4S7,609890.0,gene,23352.0,UBR4,ENSG00000127481,bacteria
sp|Q5T4S7|UBR4_HUMAN,sp,Q5T4S7,UBR4,HUMAN,0283361|tr|A0A415ZZ94|A0A415ZZ94_9BACT,283361,tr,A0A415ZZ94,A0A415ZZ94,PVYLFE,873,878,PVYLFE,56,61,EKIEAPVYLFESPNFL,6,,weak,very_weak,,,,,,,,weak,very_weak,,weak,very_weak,,,,,,,,,very_weak,,,,,,,,,very_weak,,weak,very_weak,,,,,,very_weak,,,very_weak,,,very_weak,,,very_weak,,weak,very_weak,,weak,very_weak,,weak,very_weak,,weak,very_weak,,,,,weak,very_weak,,,,,,,,,very_weak,,,,,weak,very_weak,9.825,47.870000000000005,57.77,6.385,2.4450000000000003,22.86,37.19,12.76,31.04,51.435,12.93,8.665,11.91,11.63,18.32,6.75,5.99,6.375,8.945,21.395,5.165,27.935,20.39,15.345,58.78,542.531082803727,1078.39118057681,2520.16699811045,227.366310735536,67.9669165260166,2004.20770403827,2946.59222623452,170.361592906359,502.349009465731,2513.95763644562,2306.95293916533,305.57707630402,930.527829602914,252.944398544921,1040.74638227083,30.6496261435501,411.589815282164,293.084023568083,728.901618024213,318.189263383852,179.55573805754,634.941263496986,245.120287596415,196.543725015828,Ubiquitin protein ligase E3 component n-recognin 4,Q5T4S7,609890.0,gene,23352.0,UBR4,ENSG00000127481,bacteria
sp|Q5T4S7|UBR4_HUMAN,sp,Q5T4S7,UBR4,HUMAN,0283361|tr|A0A416AC76|A0A416AC76_9BACT,283361,tr,A0A416AC76,A0A416AC76,KEGKDL,2560,2565,KEGKDL,212,217,FAMRIKEGKDLTAPMN,6,,,,,,,,,,,,,,,,,,,,,,,,,,,,,,,,,,,,,,,,,,,,,,,,,,,,,,,,,,,,,,,,,,very_weak,,,,,,,,,,,,,,,,,,very_weak,41.335,22.16,30.495,45.29,20.595,38.525,38.585,43.615,34.645,22.73,63.075,53.205,52.975,66.285,54.445,30.485,25.995,66.55,34.9,10.635,66.41499999999999,24.855,34.81,37.18,36.155,8958.94109151715,1166.5795109424,1812.25293303161,5108.63593791943,1090.87761863465,8159.03477630549,4901.20874932781,2507.08532942365,2007.15904622788,1471.78211537007,13304.2359262107,9267.43946916627,7100.28555974256,9058.16510540275,8516.216732719,481.837302493772,2231.09939211769,13020.9804354227,4166.68295692969,666.555975580951,7153.33735240449,1469.5066931903,1568.5788599084,2662.99635687564,Ubiquitin protein ligase E3 component n-recognin 4,Q5T4S7,609890.0,gene,23352.0,UBR4,ENSG00000127481,bacteria
sp|Q5T4S7|UBR4_HUMAN,sp,Q5T4S7,UBR4,HUMAN,0283361|tr|A0A3R6LV47|A0A3R6LV47_9BACT,283361,tr,A0A3R6LV47,A0A3R6LV47,AFLAPA,2640,2645,AFLAPA,477,482,INNVEAFLAPALMTEP,6,strong,weak,very_weak,,,,,,,,,,strong,weak,very_weak,,,,,,,,weak,very_weak,,,,,,very_weak,,weak,very_weak,,,very_weak,,,,,weak,very_weak,,,very_weak,,,very_weak,,weak,very_weak,,weak,very_weak,,weak,very_weak,,,very_weak,,weak,very_weak,,,,,,very_weak,,,very_weak,,,very_weak,,,,,,,strong,weak,very_weak,1.645,30.11,35.825,31.365,1.465,32.69,47.92,8.42,29.59,14.845,7.66,17.465,6.145,18.76,19.35,5.95,3.73,15.565,8.9,25.545,11.37,10.37,11.175,20.785,38.325,215.294982289827,788.944728765915,945.620186427224,3160.49616344025,77.2796139011917,3770.34742921502,5067.95109519143,178.222158031164,940.233408385713,224.399334891863,1292.54741433361,298.78652730097,550.495961794755,284.076701503213,1193.10538030324,38.6055294316318,48.6539596193469,490.962625582448,831.082094427332,663.167769970646,244.868463060498,145.718222941253,107.433365868409,478.108602977824,Ubiquitin protein ligase E3 component n-recognin 4,Q5T4S7,609890.0,gene,23352.0,UBR4,ENSG00000127481,bacteria
sp|Q5T4S7|UBR4_HUMAN,sp,Q5T4S7,UBR4,HUMAN,0283361|tr|A0A3R6LSJ6|A0A3R6LSJ6_9BACT,283361,tr,A0A3R6LSJ6,A0A3R6LSJ6,LSALLK,1926,1931,LSALLK,175,180,FAPETLSALLKLTNTD,6,,,,,,,,weak,very_weak,,,,,,,,,,,,,,,,,,,,,,,,,,,very_weak,,,,,,,,,very_weak,,,very_weak,,,,,,,,weak,very_weak,,,,,,very_weak,,,,,,,,,,,,,,,,,weak,very_weak,,weak,very_weak,59.66,33.475,9.15,57.86,45.03,53.38,36.465,33.305,37.23,35.7,25.515,19.345,47.31,17.225,10.485,39.335,7.744999999999999,22.630000000000003,17.97,51.075,20.595,28.23,39.91,48.885,4.27,5366.71784130937,443.244307012745,442.650025925409,4247.29407800842,905.773338398303,5579.09771574273,3031.7761050522,445.552281511784,1510.02723065922,850.181719513429,1721.67190476248,438.977526528457,3428.36318568964,259.270326694565,676.612474764308,162.569566973505,353.334177200946,808.133278615886,793.593532002778,1381.1828252733,384.943323196354,319.482912526893,463.109183018892,1110.76787643178,Ubiquitin protein ligase E3 component n-recognin 4,Q5T4S7,609890.0,gene,23352.0,UBR4,ENSG00000127481,bacteria
sp|Q5T4S7|UBR4_HUMAN,sp,Q5T4S7,UBR4,HUMAN,0283361|tr|A0A3R6QYH0|A0A3R6QYH0_9BACT,283361,tr,A0A3R6QYH0,A0A3R6QYH0,LILARL,853,858,LILARL,103,108,VDAWNLILARLFLGIA,6,,,,,,,,,,,,,,,,,,,,,,,,very_weak,,,,,,,,,,,weak,very_weak,,,,,,,,,,,,,,,,,,,,,,,,,,,,,,,,,,,,,,,,,,,,,,,weak,very_weak,28.315,35.335,39.8,26.22,40.83,45.84,46.83,14.875,44.94,62.17,56.61,7.76,40.81,35.935,47.865,24.455,55.66,25.69,30.465,58.52,44.17,45.195,43.915,51.215,41.555,808.806833517156,422.847581412494,879.381344234149,1999.05329371375,359.694874465876,2487.33435564625,2960.46132386019,190.86028858506,536.07748086766,2398.14337788411,4912.25140883093,214.154258036549,2944.5525181568,400.718476832646,1619.15504233556,83.6464101589335,1146.75640901163,646.875166996133,620.529364008388,1536.82814095841,815.882245974738,603.975902570361,572.095292034723,843.538694809977,Ubiquitin protein ligase E3 component n-recognin 4,Q5T4S7,609890.0,gene,23352.0,UBR4,ENSG00000127481,bacteria
sp|Q5T4S7|UBR4_HUMAN,sp,Q5T4S7,UBR4,HUMAN,0283361|tr|A0A416AF88|A0A416AF88_9BACT,283361,tr,A0A416AF88,A0A416AF88,QVLDLL,4161,4166,QVLDLL,57,62,IAHFCQVLDLL,6,,,,,,,,,,,,,,,,,,,,,,,,,,,,,,,,,,,,,,,,,,,,,,,,,,,,,,,,,,,,,,,,,,,,,,,,,,,,,,,,,,,,,54.685,83.99000000000001,92.83,83.15,84.10499999999999,94.62,90.53,89.68,91.765,94.21,92.66,80.75,73.33500000000001,76.08500000000001,83.57,90.25,87.85,75.275,84.15,92.975,76.905,87.78,91.29,86.775,91.66,2376.57489298687,5885.03006638746,15705.3870107341,10334.9071648782,8157.44590997983,26078.6237049451,16896.792936506,10983.675256677,13939.9525120688,11500.7908223973,24736.0414153204,7478.78195649476,6091.36895320076,4989.1700522255,12341.0153371364,6910.50196282016,7863.48923380316,7449.78846688462,11540.1798987825,13443.4379457984,4330.21431612999,9251.40988564146,10746.3371958753,7845.7273512428,Ubiquitin protein ligase E3 component n-recognin 4,Q5T4S7,609890.0,gene,23352.0,UBR4,ENSG00000127481,bacteria
sp|Q5T4S7|UBR4_HUMAN,sp,Q5T4S7,UBR4,HUMAN,0283361|tr|A0A3R6KY18|A0A3R6KY18_9BACT,283361,tr,A0A3R6KY18,A0A3R6KY18,ELPQLV,48,53,ELPQLV,936,941,ANSGKELPQLVRQAYT,6,,,,,,,,,,,,,,,,,,,,,,,,,,,,,,,,,,,,,,,,,,,,,,,,,,,,,,,,,,,,,,,very_weak,,,,,,,,,,,,,,,,,,,,,very_weak,76.095,26.72,47.790000000000006,83.035,60.325,68.355,47.77,71.825,58.17,63.78,40.59,64.61,76.775,69.75,48.97,52.23,31.745,71.34,12.72,57.285,67.045,21.38,70.225,68.09,39.665,11616.7234270127,655.406783326584,2215.24771187371,10275.255529416,2682.63244556562,11154.4565288512,5034.72137745275,2785.68742950151,4186.15892748898,3435.08380174942,8902.99188077308,7035.58941646665,7386.38184396032,5478.71988294811,5446.33136061216,541.24120406875,2098.86175628129,8995.36509383057,1188.28711891325,2893.92222902844,4443.79511005384,696.466685627516,2138.49556247484,3484.49605293246,Ubiquitin protein ligase E3 component n-recognin 4,Q5T4S7,609890.0,gene,23352.0,UBR4,ENSG00000127481,bacteria
sp|Q5T4S7|UBR4_HUMAN,sp,Q5T4S7,UBR4,HUMAN,0283361|tr|A0A416AC20|A0A416AC20_9BACT,283361,tr,A0A416AC20,A0A416AC20,LLRALA,3886,3891,LLRALA,189,194,PIEVDLLRALARINVT,6,,,,,,very_weak,,weak,very_weak,,,very_weak,,,very_weak,,,very_weak,,weak,very_weak,,,,,weak,very_weak,,weak,very_weak,,weak,very_weak,,,,strong,weak,very_weak,,,,,,very_weak,,weak,very_weak,,,,,weak,very_weak,,,very_weak,,,,strong,weak,very_weak,,,,,,very_weak,,,very_weak,,,very_weak,,,,,weak,very_weak,strong,weak,very_weak,34.02,16.455,6.41,12.695,13.05,16.895,6.515,20.35,8.525,9.46,5.175,23.15,41.7,18.005,5.609999999999999,9.98,14.47,22.88,1.465,24.96,16.845,16.475,13.785,30.175,3.3,2442.0014612111,108.886817111696,126.161918582467,380.924398399018,96.978961271075,1098.8857337751,145.192575925819,162.65049957915,162.641700605443,251.057603647462,421.249318593513,576.033207764567,2562.28917715649,292.336597657872,571.711644188157,23.5977106904992,330.602229579474,884.869356942458,89.4085116618862,348.602687685481,473.357659639305,157.128979275328,109.528425287002,431.284817634352,Ubiquitin protein ligase E3 component n-recognin 4,Q5T4S7,609890.0,gene,23352.0,UBR4,ENSG00000127481,bacteria
sp|Q5T4S7|UBR4_HUMAN,sp,Q5T4S7,UBR4,HUMAN,0283361|tr|A0A416AEF3|A0A416AEF3_9BACT,283361,tr,A0A416AEF3,A0A416AEF3,LLIKGL,131,136,LLIKGL,413,418,TGKKGLLIKGLVCVQF,6,,,,,,,,,,,,,,,,,,,,,,,,,,,,,,,,,,,,very_weak,,,,,,,,,,,,,,,,,,,,,,,,,,,,,,,,,,,,,,,,,,,,,,,,very_weak,58.315,34.5,32.145,63.38,36.125,59.66,52.955,52.49,39.565,62.315,50.02,13.385000000000002,81.905,38.67,40.555,21.055,64.765,40.41,29.92,58.265,52.28,46.57,61.14,54.275000000000006,35.29,4523.30256253858,298.812390852144,509.222349760825,4591.79518067679,238.92235977109,4039.80869835172,3320.23232756553,520.868751882624,428.637789076229,1912.22855624588,2786.0189949561,466.73605393428,9260.42311171936,647.90484537965,1552.00090113034,51.6260081919935,1775.45457018246,1522.4789520844,557.418589312229,1142.5702824566,1191.1061411683,705.316502804875,826.607115782903,892.948250113022,Ubiquitin protein ligase E3 component n-recognin 4,Q5T4S7,609890.0,gene,23352.0,UBR4,ENSG00000127481,bacteria
sp|Q5T4S7|UBR4_HUMAN,sp,Q5T4S7,UBR4,HUMAN,0283361|tr|A0A415ZPH9|A0A415ZPH9_9BACT,283361,tr,A0A415ZPH9,A0A415ZPH9,DVTNAL,1605,1610,DVTNAL,36,41,ATKNIDVTNALQVDVN,6,,,very_weak,,,very_weak,,,,,weak,very_weak,,weak,very_weak,,weak,very_weak,,weak,very_weak,strong,weak,very_weak,strong,weak,very_weak,,,,,weak,very_weak,,,very_weak,,,,,weak,very_weak,,,very_weak,,,very_weak,,weak,very_weak,,weak,very_weak,,,very_weak,,,very_weak,,weak,very_weak,,,very_weak,,weak,very_weak,,,,,weak,very_weak,,,very_weak,,,,strong,weak,very_weak,13.795,19.63,20.69,5.3,8.35,4.835,8.735,1.095,1.49,23.925,5.78,11.29,4.029999999999999,10.159999999999998,18.615,6.83,11.87,10.01,5.33,16.225,9.84,22.56,5.19,18.645,27.52,2382.08406745803,1241.38138360669,1283.22517807996,557.050810815248,474.408758015079,950.040218165062,1024.20227303255,57.4282003321573,53.3465606730309,1569.20693761272,2051.04424081073,848.325595523416,712.835034111086,774.146904079964,3942.35042247864,101.885933591449,730.251467089016,1294.35274880101,779.694914411906,846.794137497073,779.197341805647,1414.20940078452,242.642529450357,949.772995915968,Ubiquitin protein ligase E3 component n-recognin 4,Q5T4S7,609890.0,gene,23352.0,UBR4,ENSG00000127481,bacteria
sp|Q5T4S7|UBR4_HUMAN,sp,Q5T4S7,UBR4,HUMAN,0283361|tr|A0A3R6QXZ5|A0A3R6QXZ5_9BACT,283361,tr,A0A3R6QXZ5,A0A3R6QXZ5,LGVAPF,735,740,LGVAPF,180,185,KTGKWLGVAPFARYRG,6,,,,,,,,weak,very_weak,,,very_weak,,,very_weak,,,very_weak,,,very_weak,,weak,very_weak,,,very_weak,,,very_weak,,weak,very_weak,,weak,very_weak,strong,weak,very_weak,,,very_weak,,weak,very_weak,,weak,very_weak,,,,,,very_weak,,,,,weak,very_weak,,weak,very_weak,,,very_weak,,weak,very_weak,,weak,very_weak,,weak,very_weak,,,very_weak,,weak,very_weak,strong,weak,very_weak,37.575,25.615,9.515,17.125,13.995,10.135,19.39,9.9,12.145,10.605,2.43,3.88,15.75,8.135,3.22,10.475,27.955,2.64,7.78,15.075,5.335,5.335,9.025,18.645,7.609999999999999,3860.12733499318,444.618031648701,421.276666426573,1848.11352778779,244.722788173118,1145.67745135592,1508.72074338976,190.338541327889,475.750363813316,245.035433577616,658.420425691561,127.62962222398,2530.60479536678,314.720813101859,690.464209193459,57.662307719869,892.668110505038,165.333265732161,351.697911743757,474.100878106988,322.595208173948,132.799580660819,132.03450867278,546.401456343886,Ubiquitin protein ligase E3 component n-recognin 4,Q5T4S7,609890.0,gene,23352.0,UBR4,ENSG00000127481,bacteria
sp|Q5T4S7|UBR4_HUMAN,sp,Q5T4S7,UBR4,HUMAN,0283361|tr|A0A3R6IIU9|A0A3R6IIU9_9BACT,283361,tr,A0A3R6IIU9,A0A3R6IIU9,HTLLSL,1286,1291,HTLLSL,155,160,LGSINHTLLSLYACKQ,6,,,,,,,,,,,,,,,,,,,,,,,,,,,,,,,,,,,,,,,,,,,,,very_weak,,,,,,,,,,,,very_weak,,,,,,very_weak,,,,,,,,,,,,,,,,,,,,,very_weak,29.56,35.435,43.185,50.69,38.785,46.91,39.185,31.4,41.620000000000005,57.795,50.44499999999999,33.615,40.36,19.880000000000003,28.54,30.045,10.465,24.355,12.14,41.42,27.1,26.795,35.56,39.565000000000005,40.31999999999999,1808.37467011116,261.963226767913,683.019029273681,2800.73792012549,288.34703912369,1419.03757500707,1638.04463817137,158.251637138847,272.418442606049,1559.94714259631,3071.66239947119,351.770219751025,2827.71580279073,231.32164557857,813.52866066825,55.2947005739895,178.38035078411,572.157194825709,229.10975861941,487.284557787363,356.961580178311,207.393083094108,268.703617224244,308.100205896574,Ubiquitin protein ligase E3 component n-recognin 4,Q5T4S7,609890.0,gene,23352.0,UBR4,ENSG00000127481,bacteria
sp|Q5T4S7|UBR4_HUMAN,sp,Q5T4S7,UBR4,HUMAN,0283361|tr|A0A3R6LQQ0|A0A3R6LQQ0_9BACT,283361,tr,A0A3R6LQQ0,A0A3R6LQQ0,RLRISS,1044,1049,RLRISS,661,666,PMGAARLRISSFPVAE,6,,,,,,very_weak,,,,,,,,,very_weak,,,very_weak,,,,,,,,,very_weak,,,,strong,weak,very_weak,,weak,very_weak,,,,,,,,weak,very_weak,,weak,very_weak,,,,,,,,weak,very_weak,,weak,very_weak,,weak,very_weak,,,,,weak,very_weak,,,,,,,,,,,,,strong,weak,very_weak,33.05,10.95,30.705,31.875,16.81,10.495,36.865,20.165000000000003,15.94,20.855,1.74,2.64,34.995000000000005,6.475,8.22,25.3,4.715,2.76,9.01,34.835,5.779999999999999,27.33,25.82,30.15,31.6,1851.95678468573,173.02546103959,355.285451068265,2328.51933994875,183.950717602995,443.613737876871,2575.96545974139,93.0372742409731,122.725981306524,117.049381088451,307.460823675909,108.620884726882,1600.93357952126,291.004847076267,833.026664626167,70.0112846141931,58.610856266967,212.494725463309,388.579778310567,497.039795256629,308.767642971677,82.645146438504,124.454980638356,374.658223327216,Ubiquitin protein ligase E3 component n-recognin 4,Q5T4S7,609890.0,gene,23352.0,UBR4,ENSG00000127481,bacteria
sp|Q5T4S7|UBR4_HUMAN,sp,Q5T4S7,UBR4,HUMAN,0283361|tr|A0A3R6QW87|A0A3R6QW87_9BACT,283361,tr,A0A3R6QW87,A0A3R6QW87,GTVLNG,4264,4269,GTVLNG,97,102,ISVDCGTVLNGFVGDS,6,,,,,,,,,,,,,,,,,,,,,,,,,,,,,,,,,,,,,,,,,,,,,,,,,,,,,,,,,,,,,,,,,,,,,,,,,,,,,,,,,,,,,66.15,80.415,81.72,36.18,74.94,69.745,54.67,68.465,64.315,25.49,84.22,77.935,48.6,77.33,82.6,64.0,52.07,77.69,71.94,74.19,79.52000000000001,59.995,75.53,76.72999999999999,81.565,6378.29091841357,4688.4870860583,6725.42724537569,1294.43677918714,4429.44215681804,8305.7334181242,2266.4274541379,2923.28390046381,1882.11610296458,515.018203023617,16124.4880856015,6368.01646026508,2532.71397872577,5957.61753364742,11689.6001036756,965.292372605194,1420.0359147009,8717.30785935246,6351.43306399937,3548.14495213059,6061.91394576112,2434.64086247496,3278.43048856964,3958.42150521347,Ubiquitin protein ligase E3 component n-recognin 4,Q5T4S7,609890.0,gene,23352.0,UBR4,ENSG00000127481,bacteria
sp|Q5T4S7|UBR4_HUMAN,sp,Q5T4S7,UBR4,HUMAN,0283361|tr|A0A3R6MBJ0|A0A3R6MBJ0_9BACT,283361,tr,A0A3R6MBJ0,A0A3R6MBJ0,ASRKEL,3823,3828,ASRKEL,49,54,DYLGLASRKELREEFL,6,,,,,,,,,,,,,,,,,,,,,,,,,,,,,,,,,,,,,,,very_weak,,,,,,,,,,,,,,,,,,,,,,,,,,,,,,,,weak,very_weak,,,,,weak,very_weak,,,very_weak,,weak,very_weak,56.78,28.35,22.79,64.28,37.475,41.78,20.78,43.435,40.74,75.135,57.815,46.005,56.115,50.02,38.235,21.435,74.645,51.975,35.475,31.44,43.665,6.08,37.55,9.665,14.14,5772.46122741276,698.360695701311,1435.20426727088,4862.17584317307,1422.55792531749,6422.82015533825,550.811733270816,1539.27442239981,2253.00464856863,4118.94557176504,7912.30659333314,4189.24000597311,4708.9243133035,2774.01742052271,3305.78640166162,120.905828059639,4758.14223496123,4626.00397190938,2445.72979436717,872.632897199898,1874.98186682619,483.712542963449,838.307017341719,197.214734094256,Ubiquitin protein ligase E3 component n-recognin 4,Q5T4S7,609890.0,gene,23352.0,UBR4,ENSG00000127481,bacteria
sp|Q5T4S7|UBR4_HUMAN,sp,Q5T4S7,UBR4,HUMAN,0283361|tr|A0A3R6NCD1|A0A3R6NCD1_9BACT,283361,tr,A0A3R6NCD1,A0A3R6NCD1,LDLKLG,4119,4124,LDLKLG,201,206,KTVDKLDLKLGLHELG,6,,,,,,,,,,,,very_weak,,,,,,,,weak,very_weak,,,,,,,,,,,,,,,,,,,,,,,,,,,,,,,,,,,,,,,,,,,,,,,,,,,,,,,,,,,,,,weak,very_weak,64.295,36.745,29.015,16.72,39.48,59.435,4.795,62.73,42.59,79.825,39.1,38.08,76.06,50.345,36.02,51.865,66.195,57.01,25.905,60.945,52.125,48.275,50.91,58.645,36.12,5856.63618433035,571.396255758329,1618.31435352888,1202.65744762284,1374.72716753333,7212.32394692676,188.007255588464,2268.53734847441,1549.55115992818,5006.31163539042,7588.16715842896,3003.3712687177,7071.07604740222,2107.03021996242,2728.70980682064,436.401311820837,4060.66824901123,4227.67090327446,1455.81757989323,2204.32114857681,2015.93011227274,1952.87568058799,1048.34111255197,2188.20983517986,Ubiquitin protein ligase E3 component n-recognin 4,Q5T4S7,609890.0,gene,23352.0,UBR4,ENSG00000127481,bacteria
sp|Q5T4S7|UBR4_HUMAN,sp,Q5T4S7,UBR4,HUMAN,0283361|tr|A0A3R6NDI8|A0A3R6NDI8_9BACT,283361,tr,A0A3R6NDI8,A0A3R6NDI8,NFLNQL,192,197,NFLNQL,499,504,NGATGNFLNQLVKTVA,6,,,,,,,,,,,,,,,,,,very_weak,,,,,,,,,,,,,,,,,,very_weak,,,very_weak,,,,,weak,very_weak,,,,,,,,,very_weak,,,,,,very_weak,,,,,,very_weak,,,,,,,,,,,,very_weak,,,very_weak,,weak,very_weak,21.26,30.865,20.85,29.54,22.645,16.87,48.16,24.405,28.115,56.905,34.870000000000005,10.38,50.72,7.9,26.265,11.21,28.725,17.560000000000002,22.4,18.185,23.05,20.685,25.28,19.08,17.145,1090.15786988808,379.349123388058,390.172275833413,2112.48589727052,330.673778177082,655.286241359553,3706.11940081386,328.452293823899,241.299461694043,1951.1860374056,4426.51966085157,418.813395082535,2951.47413154743,338.456253708856,1562.71763819731,42.7131290043725,694.585327479143,1151.16959493895,800.986390052861,322.591717784203,637.446846476291,203.652900711816,357.096784357457,301.273145399086,Ubiquitin protein ligase E3 component n-recognin 4,Q5T4S7,609890.0,gene,23352.0,UBR4,ENSG00000127481,bacteria
sp|Q5T4S7|UBR4_HUMAN,sp,Q5T4S7,UBR4,HUMAN,0283361|tr|A0A415ZV50|A0A415ZV50_9BACT,283361,tr,A0A415ZV50,A0A415ZV50,TVQAIV,3598,3603,TVQAIV,1555,1560,LTENTTVQAIVKEKAT,6,,,,,weak,very_weak,,weak,very_weak,,,,,,,,,,,,very_weak,,,,,,,,,,,,,,,,,,very_weak,,,very_weak,,,,,,very_weak,,,,,,,,weak,very_weak,,,,,,very_weak,,,,,,,,weak,very_weak,,,,,,,,weak,very_weak,,weak,very_weak,52.67,9.025,5.91,60.39,30.950000000000003,24.13,16.27,35.1,21.47,30.985,26.655,53.34,17.4,40.09,19.56,50.59,7.525,46.775000000000006,11.4,40.095,36.36,7.955,39.98,36.24,2.7350000000000003,7773.56602130179,499.411695300626,574.272093303711,7457.61126201996,2330.53573754098,1161.51643305488,2717.21969267131,1226.12375194569,536.50106561103,1080.54022250537,5124.91245872749,5313.33152199598,1786.24484059437,3641.36978988953,3582.20589498665,758.542501927953,358.401230697975,7408.7930985773,1523.87979134826,2162.22708300435,2863.70880511132,556.418317705677,1512.84001063415,2239.78250538085,Ubiquitin protein ligase E3 component n-recognin 4,Q5T4S7,609890.0,gene,23352.0,UBR4,ENSG00000127481,bacteria
sp|Q5T4S7|UBR4_HUMAN,sp,Q5T4S7,UBR4,HUMAN,0283361|tr|A0A3R6J8U7|A0A3R6J8U7_9BACT,283361,tr,A0A3R6J8U7,A0A3R6J8U7,ISNNNS,2340,2345,ISNNNS,1001,1006,GMNPEISNNNSLSWNG,6,,,,,,,,,,,,very_weak,,,,,weak,very_weak,,,very_weak,,,,,weak,very_weak,,,,,,,,,,,,,,,,,,,,,,,,,,,,,,,,,,,,,,,,,,,,,,,,,,,,,,,,weak,very_weak,62.175,55.725,62.33,11.77,44.875,3.59,17.035,31.525,6.265000000000001,46.935,73.77000000000001,76.84,63.66,74.25,77.78,64.91,50.225,69.495,34.004999999999995,29.455,78.215,38.105,48.02,53.835,60.925,12204.3780435525,5018.1340183636,5885.03006638746,1485.89462858185,4071.97539376438,330.387676659997,2624.23949847845,1803.33362647806,120.098773813651,2501.90959278226,20425.4920370622,11623.7642206572,6780.44509094056,10989.9756323184,17856.7295816007,2048.7154203072,2672.95542844274,14581.0974881287,5024.27311655209,1342.20142237363,11146.4939149916,1935.31185600127,2866.31270254774,4141.64747206018,Ubiquitin protein ligase E3 component n-recognin 4,Q5T4S7,609890.0,gene,23352.0,UBR4,ENSG00000127481,bacteria
sp|Q5T4S7|UBR4_HUMAN,sp,Q5T4S7,UBR4,HUMAN,0283361|tr|A0A3R6LPN1|A0A3R6LPN1_9BACT,283361,tr,A0A3R6LPN1,A0A3R6LPN1,LSSGAV,3090,3095,LSSGAV,169,174,IPNGSLSSGAVTNFSR,6,,,,,,,,,,,,,,,,,,,,,,,,,,,,,weak,very_weak,,,,,,,,,,,,very_weak,,,,,,,,,,,,,,weak,very_weak,,,,,,,,,,,,,,,very_weak,,,,,,,,,,,weak,very_weak,77.60499999999999,67.93,65.915,50.065,73.55000000000001,51.325,55.67,41.445,60.955,2.705,38.085,79.85,16.33,79.16,78.725,54.135000000000005,2.565,81.575,58.370000000000005,48.655,78.86500000000001,18.78,24.78,59.74,74.41,13251.6548153807,4920.65620732757,4283.75395508248,6896.98181799902,5795.55383632228,8317.7842219498,8381.56510159447,1848.37349639257,3641.7243964787,42.3747983405605,8839.92853457676,10657.6401547755,1827.71090376194,10438.5224647774,13900.7925483466,509.519959031931,139.727491618503,13545.2033370294,7729.53436112288,2143.17455947433,9042.20398813249,488.625566602108,833.865310729684,3557.63999916646,Ubiquitin protein ligase E3 component n-recognin 4,Q5T4S7,609890.0,gene,23352.0,UBR4,ENSG00000127481,bacteria
sp|Q5T4S7|UBR4_HUMAN,sp,Q5T4S7,UBR4,HUMAN,0283361|tr|A0A415ZV09|A0A415ZV09_9BACT,283361,tr,A0A415ZV09,A0A415ZV09,LATLLL,2508,2513,LATLLL,120,125,IAFSWLATLLLYPVNP,6,,,very_weak,,,,,,,,,,,,,,,,,,,,,,,,,,,,,,,,,very_weak,,,,,,,,weak,very_weak,,,very_weak,,,very_weak,,,,,,,,weak,very_weak,,weak,very_weak,,,,,,very_weak,,,,,,,,,,,,,,weak,very_weak,11.115,24.605,54.3,38.32,35.055,65.15,59.865,38.845000000000006,60.545,46.095,44.895,15.695,30.565,6.715,19.845,20.795,36.88,8.35,7.86,52.32,10.865,46.45,47.285,40.71,54.05,446.121496476674,292.187973643888,1142.73100440238,2011.11543729818,240.710140204034,5758.67477497374,4466.9339651518,299.978570757506,1430.67707373455,1742.66231164348,2313.60205419266,102.940826004318,2271.01775570429,47.8743210777208,554.081333633195,44.5087776353705,636.716179999815,90.4055951861459,165.930033629482,913.835424747277,101.235408361701,696.165326240216,498.154259920054,403.066599758444,Ubiquitin protein ligase E3 component n-recognin 4,Q5T4S7,609890.0,gene,23352.0,UBR4,ENSG00000127481,bacteria
sp|Q5T4S7|UBR4_HUMAN,sp,Q5T4S7,UBR4,HUMAN,0283361|tr|A0A416A2E4|A0A416A2E4_9BACT,283361,tr,A0A416A2E4,A0A416A2E4,PLILAR,852,857,PLILAR,76,81,KVEQLPLILARKLKKD,6,,,,,,very_weak,,weak,very_weak,,,,,,,,,,,weak,very_weak,,,,,weak,very_weak,,,,,,,,,,,weak,very_weak,,,,,,,,,very_weak,,,,,,very_weak,,,,,,,,,very_weak,,,,,,,,,,,,,,,,,weak,very_weak,,weak,very_weak,52.005,15.78,6.635,64.89500000000001,22.66,37.22,2.685,35.605000000000004,4.725,73.35,23.565,33.745,76.27000000000001,29.715,12.85,16.015,43.295,36.035,11.52,47.105,32.370000000000005,32.625,40.77,44.445,2.24,3724.08724341911,68.7479385230706,171.043120851407,4801.22061606402,89.793387646615,1505.86674202397,118.826905373011,202.856801312371,203.428269806168,3199.68624476064,893.67315685455,610.486817897463,6685.23455841904,250.013969616075,287.058309311741,27.9856267496192,921.560365005211,957.366572227877,164.226101639039,566.888626960725,447.450880558477,234.349717902743,318.726783908802,559.061477208362,Ubiquitin protein ligase E3 component n-recognin 4,Q5T4S7,609890.0,gene,23352.0,UBR4,ENSG00000127481,bacteria
sp|Q5T4S7|UBR4_HUMAN,sp,Q5T4S7,UBR4,HUMAN,0283361|tr|A0A415ZNI9|A0A415ZNI9_9BACT,283361,tr,A0A415ZNI9,A0A415ZNI9,IEIFGR,2368,2373,IEIFGR,284,289,EYSGPIEIFGRATFAS,6,,,,,,,,,very_weak,,,,,,very_weak,,,,,,very_weak,,,,,,very_weak,,,very_weak,,,,,,,,,,,,,,,,,,,,,,,,,,,,,,,,weak,very_weak,,,,,,,,,very_weak,,,,,,,,,very_weak,,weak,very_weak,31.855,27.925,13.07,39.625,10.61,47.41,16.37,33.974999999999994,11.855,10.115,53.195,36.945,50.23,45.565,21.995,27.285,51.79,37.625,5.92,47.14,49.775000000000006,14.32,31.51,49.19,12.47,6027.44713074717,1177.72729160211,775.186237270904,5986.17713466675,451.291915297822,8339.86263462277,2893.01433516262,1360.18326692914,889.524995478308,237.877690100551,8823.87459058529,3510.11366113873,3010.75688402166,3813.79706829129,3723.88577987721,194.870902503402,1673.49721571006,4603.58497319534,857.591240660226,2432.06068776096,2729.21176157997,199.181185933803,781.299427051228,2488.27646823901,Ubiquitin protein ligase E3 component n-recognin 4,Q5T4S7,609890.0,gene,23352.0,UBR4,ENSG00000127481,bacteria
sp|Q5T4S7|UBR4_HUMAN,sp,Q5T4S7,UBR4,HUMAN,0283361|tr|A0A415ZWC6|A0A415ZWC6_9BACT,283361,tr,A0A415ZWC6,A0A415ZWC6,DPAVSF,2690,2695,DPAVSF,412,417,YVMIGDPAVSFFATAY,6,,,very_weak,,,,,,,strong,weak,very_weak,,,,,,very_weak,,weak,very_weak,,,,,,,,,very_weak,,,,,,,,,,,,very_weak,,,,,,,,,,,,,,,,,,,,,,,,,,,,,,,,,,,,,,,,strong,weak,very_weak,13.685,45.48,54.805,0.7050000000000001,48.205,15.265,2.27,38.68,20.42,11.645,36.120000000000005,23.62,16.765,37.9,49.23,35.36,36.665,23.405,26.395,20.045,28.385,44.245000000000005,36.92,30.7,65.34,550.978629053646,711.971732990914,1176.11007395736,14.7055947064474,883.912465678097,576.731676665051,42.4482196220455,431.322150498895,73.9031409127201,54.3080769351854,3126.11254170055,514.433435066383,767.798863881078,633.143892270342,2610.33516308482,73.9527337120865,506.957416519202,928.626902096975,1015.56199911575,200.350512002337,596.843051891691,408.223593559151,312.052290867246,281.960731324171,Ubiquitin protein ligase E3 component n-recognin 4,Q5T4S7,609890.0,gene,23352.0,UBR4,ENSG00000127481,bacteria
sp|Q5T4S7|UBR4_HUMAN,sp,Q5T4S7,UBR4,HUMAN,0283361|tr|A0A415ZWG7|A0A415ZWG7_9BACT,283361,tr,A0A415ZWG7,A0A415ZWG7,KDLLNSV,5176,5182,KDLLNSV,328,334,SVYGTKDLLNSVKDNLQ,7,,,,,,,,,,,,,,,,,,,,,very_weak,,,,,,,,,,,,,,,very_weak,,,,,,,,,,,,,,,,,,,,,,,,,,,,,,,,,,,,very_weak,,,,,,very_weak,,,,,,very_weak,21.24,20.89,26.15,29.47,47.31,35.17,11.63,56.29,32.76,61.315,41.745,16.97,21.335,26.76,43.2,63.08,38.535,30.31,32.504999999999995,38.485,32.105,18.385,66.74,14.805,49.7,2516.107391755,996.481286871082,2535.20891651926,2547.69295419761,3217.18233341844,5275.52389027209,1500.97048287895,2546.86612420959,1680.81021595907,4006.1185526062,9315.19110045179,1866.72305902668,2648.08430247088,2294.43180045576,4883.00033898826,981.224573876639,1961.30342703622,4836.15233300283,3536.14916165816,1401.76322236099,2309.15052850586,1715.70265405055,3071.59593077811,724.843495015442,Ubiquitin protein ligase E3 component n-recognin 4,Q5T4S7,609890.0,gene,23352.0,UBR4,ENSG00000127481,bacteria
sp|Q5T4S7|UBR4_HUMAN,sp,Q5T4S7,UBR4,HUMAN,0283361|tr|A0A415ZXL3|A0A415ZXL3_9BACT,283361,tr,A0A415ZXL3,A0A415ZXL3,NSLERI,1332,1337,NSLERI,168,173,GKDDLNSLERICVQLI,6,,,,,,,,,,,,,,,,,,,,,,,,,,,,,,,,,,,,,,,,,,,,,,,,,,,,,,,,,,,,,,weak,very_weak,,,,,,,,,,,,,,,,,,very_weak,,weak,very_weak,34.4,33.675,25.3,46.33,34.085,59.86,21.665,36.14,22.915,78.315,61.495,33.93,52.510000000000005,36.95,38.54,40.370000000000005,43.30499999999999,40.58,6.880000000000001,58.03,42.725,48.095,52.305,54.675,12.68,1402.35485110105,330.935061988597,690.471679903532,2610.58936469085,442.525519685328,4824.65428201336,1247.33231228386,225.489697463458,342.367750366828,4048.99819960642,5911.57845281323,1253.63726408765,2685.27506574726,595.005439407332,2422.9205098564,201.210781911476,793.962837666693,1612.91285902717,271.371148361154,1333.53067971022,884.907654132199,940.955977198416,637.191707308621,820.467814687917,Ubiquitin protein ligase E3 component n-recognin 4,Q5T4S7,609890.0,gene,23352.0,UBR4,ENSG00000127481,bacteria
sp|Q5T4S7|UBR4_HUMAN,sp,Q5T4S7,UBR4,HUMAN,0283361|tr|A0A416A7G6|A0A416A7G6_9BACT,283361,tr,A0A416A7G6,A0A416A7G6,TGLLSS,4242,4247,TGLLSS,12,17,YFIIATGLLSSNVLSA,6,,,,,,,,,,,,,,,,,,,,,,,,,,,,,weak,very_weak,,,,,,,,,,,,,,,,,,,,,,,,very_weak,,,,,,,,,,,,,,,,,,,,,,,,,,,,,weak,very_weak,47.48,40.26,40.145,51.76,43.975,42.485,40.23,29.635,30.15,5.475,36.85,31.25,27.37,21.745,44.53,10.565,23.885,31.39,39.405,30.005000000000003,29.045,40.19,24.815,28.455,31.615,2022.04670954466,410.77566573429,622.418866162735,3117.43188830619,422.527444465646,1054.29022294901,2308.9756436515,166.001862218733,170.765748698478,55.9428131191514,1548.17697402294,292.229074852607,1430.4758529729,152.131961868691,1388.73522113811,24.5562520246247,166.859012770426,576.270093419698,863.111346196462,266.647332938944,300.309815073197,284.658215149291,165.270667160966,290.086904388409,Ubiquitin protein ligase E3 component n-recognin 4,Q5T4S7,609890.0,gene,23352.0,UBR4,ENSG00000127481,bacteria
sp|Q5T4S7|UBR4_HUMAN,sp,Q5T4S7,UBR4,HUMAN,0283361|tr|A0A3R6QUL8|A0A3R6QUL8_9BACT,283361,tr,A0A3R6QUL8,A0A3R6QUL8,QQALSE,1839,1844,QQALSE,142,147,CSTGGQQALSEAQRYP,6,,,,,,,,,,,,,,,,,,,,,,,,,,,,,,,,,,,,,,,,,,very_weak,,,,,,,,,,,,,,,,,,,,,,,,,,,,,,,,,,,,,,,,,,very_weak,48.835,57.845,69.925,47.855,77.33,58.125,44.57,42.08,53.49,32.24,43.255,79.28,16.52,74.275,56.025000000000006,58.905,22.78,82.83,44.89,57.41,62.385,35.265,30.585,72.35499999999999,72.575,11117.5868411367,5626.19872108736,9626.68226012354,5962.00243338907,10743.8957405514,14172.9454748553,8113.17083612782,2402.74046461803,4708.77146723306,631.235491228301,13603.8056244059,12708.7810209019,1652.19541891881,11885.1091735647,14742.5892319464,2615.45219983625,1586.14029314375,15482.1726214149,7746.11121712541,6102.97968276573,8346.99428382736,2100.17930434325,1927.18345181536,7027.7530615289,Ubiquitin protein ligase E3 component n-recognin 4,Q5T4S7,609890.0,gene,23352.0,UBR4,ENSG00000127481,bacteria
sp|Q5T4S7|UBR4_HUMAN,sp,Q5T4S7,UBR4,HUMAN,0283361|tr|A0A416A681|A0A416A681_9BACT,283361,tr,A0A416A681,A0A416A681,TLLRAL,3885,3890,TLLRAL,9,14,PSCLSTLLRALRIEWR,6,,,,,,,,,,,,,,,,,,,,,very_weak,,,,,,,,,,,,,,,,,,,,,,,,,,,,,,,,,,,,,,,,,,very_weak,,,,,,,,,,,,,,,,,,,,,very_weak,37.295,32.925,44.075,57.555,35.82,56.145,16.68,42.055,39.68,61.93,31.565,29.72,56.485,27.72,23.885,24.3,44.275,36.075,15.575,54.03,31.61,42.335,51.510000000000005,48.485,21.685,1269.04502267119,86.8822969231691,349.418350063786,3145.96224456185,113.143198733311,2480.21278250375,485.768495579435,94.519664917735,399.026804829217,1256.93767168325,922.558012506629,146.787938083852,2862.22192592118,75.8399667202108,268.514708278931,16.7908688246794,202.633048511226,219.393730545898,98.4857871546965,602.04467069013,133.906239431421,106.644677131498,256.782860593068,413.160369472214,Ubiquitin protein ligase E3 component n-recognin 4,Q5T4S7,609890.0,gene,23352.0,UBR4,ENSG00000127481,bacteria
sp|Q5T4S7|UBR4_HUMAN,sp,Q5T4S7,UBR4,HUMAN,0283361|tr|A0A3R6LQE9|A0A3R6LQE9_9BACT,283361,tr,A0A3R6LQE9,A0A3R6LQE9,VLDLLT,4162,4167,VLDLLT,32,37,EIKIVVLDLLTYAGNL,6,,,,,weak,very_weak,,,,,weak,very_weak,,,,,,,,weak,very_weak,,,,,,,,,,,,,,,,,,,,,,,weak,very_weak,,,,,,,,,,,,,,,very_weak,strong,weak,very_weak,,,,,,very_weak,,,,,,,,,,,,,strong,weak,very_weak,21.76,6.6450000000000005,35.980000000000004,7.755,20.815,43.025,6.970000000000001,52.38,39.92,77.395,66.02,24.075,51.45,9.765,22.54,35.92,57.605,12.09,1.3199999999999998,25.615,17.68,63.84,64.6,26.82,32.36,1612.47663403989,181.320604095844,1327.1110676702,428.897582660892,497.917159942329,4475.20625661925,377.404499893685,650.658674448476,576.881458724421,5347.47428157987,7383.26565993561,790.739370323532,4441.48782711272,327.132944237493,1935.35373574479,225.177625800203,2570.36940062927,804.930658396235,239.051649087976,703.807109281406,686.456664275312,2871.18586067126,1434.58325798564,659.532702357,Ubiquitin protein ligase E3 component n-recognin 4,Q5T4S7,609890.0,gene,23352.0,UBR4,ENSG00000127481,bacteria
sp|Q5T4S7|UBR4_HUMAN,sp,Q5T4S7,UBR4,HUMAN,0283361|tr|A0A415ZK80|A0A415ZK80_9BACT,283361,tr,A0A415ZK80,A0A415ZK80,GEEAAA,6,11,GEEAAA,69,74,FAAEDGEEAAAGAVDE,6,,,,,,,,,,,,,,,,,,,,,,,,,,,,,,very_weak,,,,,,,,,,,weak,very_weak,,,,,,,,,,,,,,,,,,,,,,,,,,,,,,,,,,,,,,,,,weak,very_weak,74.775,84.11,90.475,75.155,93.205,84.925,92.035,73.92,95.0,13.5,59.510000000000005,85.545,3.035,83.98,88.68,58.645,43.46,85.59,95.0,62.145,87.465,54.09,62.915,75.315,89.71000000000001,12233.8604491695,13954.7414164605,18287.277442202,10522.3215458686,20139.9861348095,21525.0285346397,20527.1830173978,12981.311662209,28005.0777843855,841.870124253822,21638.2800011357,15385.1524442087,609.470443766866,14924.9125461405,21929.597631211,2351.33019724117,4589.06347224256,18527.2649675624,32457.9686301636,5683.28200985773,13827.8882988662,6385.05765126241,7080.95240255051,9353.36709308012,Ubiquitin protein ligase E3 component n-recognin 4,Q5T4S7,609890.0,gene,23352.0,UBR4,ENSG00000127481,bacteria
sp|Q5T4S7|UBR4_HUMAN,sp,Q5T4S7,UBR4,HUMAN,0283361|tr|A0A415ZQK0|A0A415ZQK0_9BACT,283361,tr,A0A415ZQK0,A0A415ZQK0,LDVAGL,5159,5164,LDVAGL,125,130,RRPTLLDVAGLSAYIT,6,,,,,,,,,,,,very_weak,,weak,very_weak,,,,,weak,very_weak,,,very_weak,,,,,,,,,,,,,,,,,,,,,,,,,,,,,weak,very_weak,,,,,,,,,very_weak,,,very_weak,,,,,,,,,,,,,,,,,weak,very_weak,35.695,27.62,24.685,11.9,9.155,21.03,8.47,18.26,28.045,20.11,30.01,40.915,21.95,29.49,45.955,7.85,34.91,41.92,13.925,14.965,42.57,38.39,26.19,27.25,35.035000000000004,1859.46609092121,452.21083072376,730.385799145321,564.959828806292,256.183441247344,1999.7888256526,297.869820128735,255.975636971022,384.68934193426,209.728621242209,3112.74695300465,1527.74288132963,1511.77642610266,910.588221313574,3051.98428687276,42.4257208507306,468.364983616485,2440.44306572963,460.520880415888,309.523587059733,1267.80985344032,351.009827618225,226.120031965648,670.251508095736,Ubiquitin protein ligase E3 component n-recognin 4,Q5T4S7,609890.0,gene,23352.0,UBR4,ENSG00000127481,bacteria
sp|Q5T4S7|UBR4_HUMAN,sp,Q5T4S7,UBR4,HUMAN,0283361|tr|A0A3R6JCH4|A0A3R6JCH4_9BACT,283361,tr,A0A3R6JCH4,A0A3R6JCH4,LPSSKI,2041,2046,LPSSKI,192,197,RQLNRLPSSKIFANNL,6,,,,,,,,,,,,,,weak,very_weak,,,very_weak,,,,,weak,very_weak,,,very_weak,,,,,,,,,,,weak,very_weak,,,,,,,,,,,,,strong,weak,very_weak,,,,,,,strong,weak,very_weak,,,very_weak,,,,,,,,,very_weak,,,very_weak,,,very_weak,strong,weak,very_weak,58.36,23.305,22.93,33.355000000000004,2.675,19.245,35.355000000000004,6.68,15.89,37.175,26.185,22.78,62.585,39.265,24.345,1.98,43.815,39.155,1.1749999999999998,16.215,34.29,32.045,16.365000000000002,13.31,18.91,6625.82558112074,240.921191531606,437.247326825281,2822.91642479708,33.5305540316586,1128.45386305948,2274.21435141453,59.0066318629566,128.17625455889,716.073998898631,2085.21267127185,1425.36198585434,5317.06962580545,1497.4667025148,1857.01319088588,7.47916913955286,941.475348169427,2673.21572818217,88.6600079217216,237.908577512066,1286.1998419177,348.286000101469,120.396715012054,183.725950459368,Ubiquitin protein ligase E3 component n-recognin 4,Q5T4S7,609890.0,gene,23352.0,UBR4,ENSG00000127481,bacteria
sp|Q5T4S7|UBR4_HUMAN,sp,Q5T4S7,UBR4,HUMAN,0283361|tr|A0A416A7N2|A0A416A7N2_9BACT,283361,tr,A0A416A7N2,A0A416A7N2,LAIGSS,1202,1207,LAIGSS,119,124,WKAGALAIGSSEACML,6,,,,,,,,,,,,,,,,,,,,,,,,,,,,,weak,very_weak,,,,,,,,,,,,,,,,,,,,,,,,,,,,,,,,,,,,,,,,,,,,,,,,,,,,,weak,very_weak,67.73,65.18,64.81,49.370000000000005,53.095,42.635000000000005,59.05,25.8,51.2,7.875,32.79,71.7,26.815,72.58,74.41499999999999,23.985,30.12,71.91,63.005,32.48,75.96000000000001,31.24,26.67,44.03,73.115,5468.59262508748,2341.07451628957,2513.0873722556,2769.06948670071,1819.64062405398,4434.95702905091,4262.80910771425,153.828537170898,711.525077329162,54.7103032636661,2511.10320943118,3978.55947180147,1287.10472588906,4063.12938423407,7281.71729004141,151.555299600908,289.654090306096,5959.61613193208,3480.38901449327,913.608040617542,4042.51961726236,353.043748820618,168.960963733575,1112.09067229165,Ubiquitin protein ligase E3 component n-recognin 4,Q5T4S7,609890.0,gene,23352.0,UBR4,ENSG00000127481,bacteria
sp|Q5T4S7|UBR4_HUMAN,sp,Q5T4S7,UBR4,HUMAN,0283361|tr|A0A3R6KUM6|A0A3R6KUM6_9BACT,283361,tr,A0A3R6KUM6,A0A3R6KUM6,SFSADT,4973,4978,SFSADT,37,42,PNHQLSFSADTLSFDT,6,,weak,very_weak,,,,,,,,weak,very_weak,,,,,,,,,very_weak,,,very_weak,,,,,,,,,,,,,,,,,weak,very_weak,,,,,,,,weak,very_weak,,,,,,very_weak,,,,,,,,weak,very_weak,,,,,weak,very_weak,,,very_weak,,weak,very_weak,,,,,weak,very_weak,2.9,25.155,39.635000000000005,4.17,31.82,22.17,17.92,19.76,35.14,20.015,34.71,40.855,3.72,34.485,39.18,30.46,18.4,26.045,48.07,4.99,25.085,6.2,17.615000000000002,9.365,52.620000000000005,504.38593202265,1247.19736099405,2471.15899871028,182.625986297224,1666.45041506126,3351.48887250508,1397.81028020914,580.243023715892,1452.73353298836,810.523871194682,6914.01705116397,1847.89358291193,501.887220930562,1429.76406826647,4290.24776967784,387.785968641105,932.614262911319,1870.20026866407,4104.75349905459,244.646012675843,1043.92673363174,515.335926805863,430.865045501005,309.694431998134,Ubiquitin protein ligase E3 component n-recognin 4,Q5T4S7,609890.0,gene,23352.0,UBR4,ENSG00000127481,bacteria
sp|Q5T4S7|UBR4_HUMAN,sp,Q5T4S7,UBR4,HUMAN,0283361|tr|A0A416AEU7|A0A416AEU7_9BACT,283361,tr,A0A416AEU7,A0A416AEU7,LYFLLQ,3301,3306,LYFLLQ,96,101,IFVGSLYFLLQYLIPG,6,,,,,,,,,,,,,,,,,,,,,,,,,,,,,,,,,,,,very_weak,,,,,,,,,very_weak,,,,,,,,,,,,,,weak,very_weak,,,very_weak,,,,,,,,,,,,,,,,,,,,weak,very_weak,22.935,32.165,55.445,51.14,39.305,64.02000000000001,71.11500000000001,56.11,63.68,83.055,62.11,15.37,76.825,18.015,41.485,33.03,73.63,4.235,18.575,51.470000000000006,25.245,54.785,56.57,43.505,46.19,475.158767896153,170.158953305658,1611.60453797485,2867.64656613523,531.629849307964,5118.26272659562,6439.93832520306,872.708434024789,1664.18010433555,5244.27985846961,5142.57606124433,67.5241910112756,6327.28924346732,108.526905095117,962.653590847562,128.577678212301,3076.15236317781,55.0058916694522,1089.27358374482,672.67077067663,216.018322332389,1616.47686822619,970.53914935739,323.489991424272,Ubiquitin protein ligase E3 component n-recognin 4,Q5T4S7,609890.0,gene,23352.0,UBR4,ENSG00000127481,bacteria
sp|Q5T4S7|UBR4_HUMAN,sp,Q5T4S7,UBR4,HUMAN,0283361|tr|A0A3R6NCG8|A0A3R6NCG8_9BACT,283361,tr,A0A3R6NCG8,A0A3R6NCG8,AFEVDG,5029,5034,AFEVDG,340,345,YGKVYAFEVDGFHNHV,6,strong,weak,very_weak,,weak,very_weak,,,,,weak,very_weak,,,very_weak,,,,,,very_weak,,,very_weak,,,,,,,,,,,weak,very_weak,,,very_weak,,weak,very_weak,,weak,very_weak,,weak,very_weak,strong,weak,very_weak,,,,,,,,weak,very_weak,,weak,very_weak,,weak,very_weak,,weak,very_weak,,weak,very_weak,,,very_weak,,weak,very_weak,,,,strong,weak,very_weak,0.7050000000000001,7.975,35.72,4.835,10.685,20.275,17.055,18.355,35.620000000000005,22.02,29.255000000000003,7.395,5.08,6.125,8.92,22.845,37.785,4.685,8.620000000000001,2.975,4.495,2.435,14.565,5.075,31.685,198.987321675374,481.160040452387,2784.0301940311,319.082182879855,464.333418552946,3729.20807329211,1378.76400285925,549.430825852254,1730.80518992888,1271.03754920575,5834.81514748043,421.522876832869,551.837749346448,346.725629338005,1450.01681831538,265.786092353961,2055.82104112452,446.126323438468,1103.03114880734,195.955549870449,304.227797009883,414.27497583716,482.494635430902,269.559728340811,Ubiquitin protein ligase E3 component n-recognin 4,Q5T4S7,609890.0,gene,23352.0,UBR4,ENSG00000127481,bacteria
sp|Q5T4S7|UBR4_HUMAN,sp,Q5T4S7,UBR4,HUMAN,0283361|tr|A0A415ZQI3|A0A415ZQI3_9BACT,283361,tr,A0A415ZQI3,A0A415ZQI3,LRASVV,3251,3256,LRASVV,237,242,LGNEQLRASVVGEIVA,6,,,,,,very_weak,,,,,,very_weak,,,,,,very_weak,,,very_weak,,weak,very_weak,,weak,very_weak,,weak,very_weak,strong,weak,very_weak,,,very_weak,,,,,weak,very_weak,,,very_weak,,,,,,very_weak,,,,,weak,very_weak,,,very_weak,,,,,,,,,very_weak,,,very_weak,strong,weak,very_weak,,,,,,,strong,weak,very_weak,21.84,17.94,22.47,17.695,30.115,12.5,17.805,2.425,8.540000000000001,4.435,0.895,19.19,7.795,19.015,20.74,21.885,3.03,18.095,20.23,28.245,19.48,13.075,0.92,26.8,34.03,2190.98167486011,753.454724481491,857.42423587586,2156.66627931214,1314.7057582618,1465.07735550134,2177.48731307,76.8976052808015,104.807566641312,158.453811392724,408.93090782483,938.53603180353,854.488420066277,1038.74391635595,2769.96845412925,119.335836039751,115.099018769405,1777.70356630202,1599.3926861222,1299.26365495977,964.331979731928,263.689359951843,61.3868800084024,1124.37104397317,Ubiquitin protein ligase E3 component n-recognin 4,Q5T4S7,609890.0,gene,23352.0,UBR4,ENSG00000127481,bacteria
sp|Q5T4S7|UBR4_HUMAN,sp,Q5T4S7,UBR4,HUMAN,0283361|tr|A0A3R6MGQ5|A0A3R6MGQ5_9BACT,283361,tr,A0A3R6MGQ5,A0A3R6MGQ5,SQARKA,1391,1396,SQARKA,237,242,RQFQHSQARKAGINLL,6,,,,,,,,weak,very_weak,,,very_weak,,,very_weak,,weak,very_weak,,,,strong,weak,very_weak,,weak,very_weak,,weak,very_weak,,weak,very_weak,,,very_weak,strong,weak,very_weak,,,,,,,,,very_weak,,,,strong,weak,very_weak,,weak,very_weak,,,,,,,,weak,very_weak,,,,strong,weak,very_weak,strong,weak,very_weak,,,very_weak,,weak,very_weak,strong,weak,very_weak,57.73,22.91,3.2,16.03,17.03,2.435,34.775,0.885,8.435,3.175,4.19,18.93,61.07,30.245,18.685,1.14,6.7,23.555,42.03,5.345,33.195,0.245,0.56,17.73,3.085,9991.41498866749,631.235491228301,208.425616650528,2356.70435330119,499.330649020338,249.025862345703,2994.44820223186,29.3263546863465,370.991454061532,124.731334945384,1487.02044839773,1974.54732214698,6504.99626157972,3031.67769721354,3271.02523937442,8.80706692799064,385.952574265338,4331.43263841709,4031.94858466106,177.45633508983,2579.98206598222,71.707877363765,36.528999380115,679.275149571979,Ubiquitin protein ligase E3 component n-recognin 4,Q5T4S7,609890.0,gene,23352.0,UBR4,ENSG00000127481,bacteria
sp|Q5T4S7|UBR4_HUMAN,sp,Q5T4S7,UBR4,HUMAN,0283361|tr|A0A3R6LMQ0|A0A3R6LMQ0_9BACT,283361,tr,A0A3R6LMQ0,A0A3R6LMQ0,MATANE,1412,1417,MATANE,478,483,RNVQAMATANERYSGP,6,,,,,,,,,,,,,,,,,,,,,,,,,,,,,,very_weak,,,,,,,,,very_weak,,weak,very_weak,,,,,,,,,,,,,,weak,very_weak,,,,,,,,weak,very_weak,,,,,weak,very_weak,,,,,weak,very_weak,,,,,weak,very_weak,38.72,21.155,21.02,43.69,36.295,34.45,34.595,28.84,39.935,15.98,21.735,62.58,7.42,53.895,48.825,26.09,7.145,62.56,20.505,9.95,50.165000000000006,4.659999999999999,21.825,2.655,32.01,7376.55834342152,1227.87616615938,1232.1881725585,6587.58224464025,2620.23904055616,6815.38217523568,5176.06958102766,1732.84762927006,2491.67102916402,434.14073962578,5755.18660711462,8854.19129227075,1325.36041956714,6296.82969512243,9582.1017789078,364.762360510755,417.59620236108,10979.279022264,2377.2692727702,620.56293486714,5157.1190260296,451.839129179986,863.513002580853,187.773468431873,Ubiquitin protein ligase E3 component n-recognin 4,Q5T4S7,609890.0,gene,23352.0,UBR4,ENSG00000127481,bacteria
sp|Q5T4S7|UBR4_HUMAN,sp,Q5T4S7,UBR4,HUMAN,0283361|tr|A0A416AC95|A0A416AC95_9BACT,283361,tr,A0A416AC95,A0A416AC95,QARAVA,5067,5072,QARAVA,274,279,RIRARQARAVAEEIKK,6,,,,,,,,,very_weak,,,,,,very_weak,,,,,,,,,very_weak,,,very_weak,,weak,very_weak,,weak,very_weak,,,,,,very_weak,,weak,very_weak,,,,,,,,weak,very_weak,,,very_weak,,weak,very_weak,,,,,,,,,,,,,,weak,very_weak,,weak,very_weak,,,,,,,,weak,very_weak,34.295,26.365,16.455,46.625,15.215,31.22,47.51,10.785,13.525,5.345000000000001,4.515,34.82,4.13,40.895,22.39,16.885,5.67,43.765,22.175,42.06,30.765,2.13,7.31,32.115,26.575000000000003,6082.60959142432,360.010249965689,502.990785045503,5989.02765394882,459.455808904565,3559.29557793429,3946.8317801162,337.009195415757,329.987550350679,231.316639934895,1714.60775574436,4203.45129714127,747.842551009238,3962.27801447844,4113.64562121807,127.385432536488,391.491633690741,6742.76825961444,1784.13946406053,2153.82132999118,2680.7464521012,115.392047423882,218.820024417617,1647.92848153135,Ubiquitin protein ligase E3 component n-recognin 4,Q5T4S7,609890.0,gene,23352.0,UBR4,ENSG00000127481,bacteria
sp|Q5T4S7|UBR4_HUMAN,sp,Q5T4S7,UBR4,HUMAN,0283361|tr|A0A416AC39|A0A416AC39_9BACT,283361,tr,A0A416AC39,A0A416AC39,ILDESN,4569,4574,ILDESN,117,122,RINGMILDESNSEIFV,6,,,very_weak,strong,weak,very_weak,,,,strong,weak,very_weak,,,,,,very_weak,,weak,very_weak,,,,,,very_weak,,,,,,,,,,,,,,,very_weak,,,,,,,,,very_weak,,,,,,,,,,,,,,weak,very_weak,,,,,,,,,,,weak,very_weak,,,,strong,weak,very_weak,11.99,1.875,48.635,1.1749999999999998,31.27,11.55,2.015,28.155,13.105,44.535,61.37,52.435,11.245,47.315,56.655,40.375,21.425,54.265,32.27,2.745,44.77,28.85,32.885,3.9,51.525,979.061169329172,155.710734185769,3429.10514855644,58.9823761800648,2142.73401996041,1558.34452957276,128.716871697912,929.823329089204,213.268644375167,2111.48044494483,10518.3375787492,3588.45147970458,791.175827590965,2740.4857097167,6429.98197477015,927.964001361116,675.551791458432,5206.68188859417,2858.94113534065,113.786493195782,2171.51130632699,1685.92825663258,1186.47566358626,199.157481285493,Ubiquitin protein ligase E3 component n-recognin 4,Q5T4S7,609890.0,gene,23352.0,UBR4,ENSG00000127481,bacteria
sp|Q5T4S7|UBR4_HUMAN,sp,Q5T4S7,UBR4,HUMAN,0283361|tr|A0A415ZZ94|A0A415ZZ94_9BACT,283361,tr,A0A415ZZ94,A0A415ZZ94,APVYLF,872,877,APVYLF,55,60,FEKIEAPVYLFESPNF,6,,,very_weak,,,,,,,,,,,,very_weak,,,,,,,,,,,,,,,,,,very_weak,,weak,very_weak,,,,,,very_weak,,weak,very_weak,,,very_weak,,,,,,,,weak,very_weak,,weak,very_weak,,,,,,,,weak,very_weak,,,very_weak,,,,,,,,,,,weak,very_weak,13.09,53.86,58.38,38.96,11.5,60.05,57.725,39.915,53.635000000000005,51.435,12.93,6.77,11.91,9.795000000000002,12.35,43.62,5.99,4.41,42.8,58.94,3.34,18.22,36.025,35.69,57.095,765.907107963608,2083.18312110984,3071.76210520775,3203.42737890078,245.046038723357,8665.9613173744,6235.27026771615,768.355662378083,1938.35048753668,2513.95763644562,2306.95293916533,343.217096738982,930.527829602914,418.98562627361,1149.57640724912,266.690612426245,411.589815282164,351.416432730109,1355.74602221275,2167.23937455119,234.443554327925,793.344562389001,755.757159348626,916.905694885488,Ubiquitin protein ligase E3 component n-recognin 4,Q5T4S7,609890.0,gene,23352.0,UBR4,ENSG00000127481,bacteria
sp|Q5T4S7|UBR4_HUMAN,sp,Q5T4S7,UBR4,HUMAN,0283361|tr|A0A3R6QND1|A0A3R6QND1_9BACT,283361,tr,A0A3R6QND1,A0A3R6QND1,TLSGLV,3515,3520,TLSGLV,324,329,PKIPNTLSGLVDYAEL,6,,weak,very_weak,,,,,,,,,,,,,,,,,,,,,,,,,,weak,very_weak,,,,,,,,,,,weak,very_weak,,,,,,,,weak,very_weak,,,,,,very_weak,,,,,,,,,,,,,,,,,,,,,very_weak,,,,,weak,very_weak,7.229999999999999,27.590000000000003,63.735,59.53,53.465,45.825,59.56999999999999,33.65,50.115,9.05,57.545,64.925,5.365,57.06,67.075,57.195,17.555,54.59,38.405,46.755,53.625,25.585,48.97,16.47,67.175,459.858653414346,972.094545098797,3232.91964803149,5768.27814151541,2409.35281481691,4025.32306629853,6483.28434790612,823.162044439412,1009.55830606434,304.155388727227,9705.74906989212,3312.51760604701,683.869421387567,2563.03781832447,5861.89804957923,722.236593064385,393.530131857215,4247.56981563997,2013.27081395708,2352.60258495434,1985.81691087846,811.585698429749,1227.0129221364,857.164515295933,Ubiquitin protein ligase E3 component n-recognin 4,Q5T4S7,609890.0,gene,23352.0,UBR4,ENSG00000127481,bacteria
sp|Q5T4S7|UBR4_HUMAN,sp,Q5T4S7,UBR4,HUMAN,0283361|tr|A0A3R6IPF8|A0A3R6IPF8_9BACT,283361,tr,A0A3R6IPF8,A0A3R6IPF8,RNQLQS,94,99,RNQLQS,31,36,TDVIQRNQLQSLLSTA,6,,,,,,very_weak,,,,,,very_weak,,,,,weak,very_weak,,weak,very_weak,,,,,weak,very_weak,,,,,weak,very_weak,,,very_weak,,,,,,,,,very_weak,,,,,,,,,,,,,,,very_weak,,,very_weak,,,,,,,,,,,,,,,,,,,,weak,very_weak,25.71,15.045,31.22,11.79,25.26,2.66,9.495,27.215,5.745,60.94,6.18,11.7,55.595,13.885000000000002,28.86,35.43,24.425,13.135,16.025,34.375,21.24,37.915,41.515,46.715,33.82,2271.1651919415,158.975857755503,906.842197627114,1059.60793065281,681.623724782486,139.414894970342,711.494283821203,725.549676924191,40.9013190032169,3307.82579940071,1289.30694539389,491.159212879821,4139.49706855962,349.543133099034,1787.98509735283,129.510354218628,575.977117531256,1118.23214856808,957.118000645984,786.175333519754,677.278995361982,490.797977887094,762.748027918892,914.666352010399,Ubiquitin protein ligase E3 component n-recognin 4,Q5T4S7,609890.0,gene,23352.0,UBR4,ENSG00000127481,bacteria
sp|Q5T4S7|UBR4_HUMAN,sp,Q5T4S7,UBR4,HUMAN,0283361|tr|A0A415ZMT1|A0A415ZMT1_9BACT,283361,tr,A0A415ZMT1,A0A415ZMT1,EEAAAA,7,12,EEAAAA,164,169,AAKQAEEAAAAAPAEE,6,,,,,,,,,,,,,,,,,,,,,,,,,,,,strong,weak,very_weak,,weak,very_weak,,,,,,,strong,weak,very_weak,,,,,,,,weak,very_weak,,,,,weak,very_weak,,,,,,,,,,,,,,weak,very_weak,,,,,,,,,,strong,weak,very_weak,40.09,56.44,59.14,76.89,76.38,54.55,81.565,48.315,78.88499999999999,0.45,5.565,59.395,0.31,61.84,49.085,35.754999999999995,2.1,57.8,85.725,45.655,55.97,7.675,35.85,59.755,66.415,10598.1896098658,8134.88216408609,7896.39925632208,17737.9185897391,15607.8123865941,16768.5769096017,19923.6817148663,7453.73916197479,12915.0461977173,39.5427736879045,2169.91421550517,11512.3691953596,272.391916333262,11193.7494162867,11920.2673022302,1416.16934097985,219.605099745048,15184.715247056,19566.2779373335,5684.08146014717,8427.39603465825,1439.65232318133,2904.90206471132,9625.53658405831,Ubiquitin protein ligase E3 component n-recognin 4,Q5T4S7,609890.0,gene,23352.0,UBR4,ENSG00000127481,bacteria
sp|Q5T4S7|UBR4_HUMAN,sp,Q5T4S7,UBR4,HUMAN,0283361|tr|A0A416A9J7|A0A416A9J7_9BACT,283361,tr,A0A416A9J7,A0A416A9J7,QEGDGS,2947,2952,QEGDGS,37,42,LPAAGQEGDGSKSTIE,6,,,,,,,,,,,,,,,,,,,,,,,,,,,,,,,,,,,,,,,,,,,,,,,,,,,,,,,,,,,,,,,,,,,,,,,,,,,,,,,,,,,,,95.0,53.21,95.0,85.74000000000001,95.0,95.0,95.0,95.0,95.0,50.7,95.0,95.0,77.925,95.0,95.0,95.0,95.0,95.0,95.0,95.0,95.0,88.33,95.0,95.0,95.0,35753.6784561299,12668.1442952279,37878.2350813832,22183.5152887247,34929.2894236052,40943.9205955035,40246.0037160564,37442.6463630727,39118.5967687136,3177.46852762107,42138.0650850734,38414.3684066501,10722.4116342345,39243.231732337,39271.2655430826,32672.5483195481,33034.7678633314,40034.4959156275,38915.5401765098,35161.3483146858,36966.4422237579,12107.838177352,36165.7053193655,36473.3985972016,Ubiquitin protein ligase E3 component n-recognin 4,Q5T4S7,609890.0,gene,23352.0,UBR4,ENSG00000127481,bacteria
sp|Q5T4S7|UBR4_HUMAN,sp,Q5T4S7,UBR4,HUMAN,0283361|tr|A0A3R6LNR2|A0A3R6LNR2_9BACT,283361,tr,A0A3R6LNR2,A0A3R6LNR2,LAALAA,3333,3338,LAALAA,228,233,PLGMVLAALAAGLAAV,6,,,,,weak,very_weak,,weak,very_weak,,,,,weak,very_weak,,,,,,,,,very_weak,,,,,weak,very_weak,,weak,very_weak,,,,,,very_weak,,,very_weak,,,,,,,,,,strong,weak,very_weak,,,very_weak,,,,,weak,very_weak,,,very_weak,,,,,,,,,very_weak,,,,,weak,very_weak,strong,weak,very_weak,25.57,7.95,6.155,46.24,6.94,23.9,39.49,13.335,28.96,2.445,9.225,46.425,19.86,30.085,43.19,0.785,10.105,43.64,3.0700000000000003,11.705,57.335,24.465,13.735,21.935,9.47,1559.13719539082,140.187841723928,113.216673639677,3979.37745137314,107.794316479582,1913.76022112477,2721.78047173211,102.670528843452,342.979512902849,13.9453508649423,637.481332576847,1707.51716568876,1452.8907240394,919.647905028302,2770.53795111068,6.54663958207723,89.0416618293942,2585.54310261997,208.482002250204,315.296819959738,1744.41672962248,231.724955432025,67.0328346456354,341.683132298486,Ubiquitin protein ligase E3 component n-recognin 4,Q5T4S7,609890.0,gene,23352.0,UBR4,ENSG00000127481,bacteria
sp|Q5T4S7|UBR4_HUMAN,sp,Q5T4S7,UBR4,HUMAN,0283361|tr|A0A415ZMT1|A0A415ZMT1_9BACT,283361,tr,A0A415ZMT1,A0A415ZMT1,EEAAAAAPA,7,15,EEAAAAAPA,164,172,AAKQAEEAAAAAPAEEAPA,9,,,,,,,,,,,,,,,,,,,,,,,,,,,,strong,weak,very_weak,,weak,very_weak,,,,,,,strong,weak,very_weak,,,,,,,strong,weak,very_weak,,,,strong,weak,very_weak,,,,,,,,,,,,,,weak,very_weak,,,,,,,,,,strong,weak,very_weak,34.9,56.44,54.515,76.89,76.38,54.55,81.565,44.095,78.88499999999999,0.285,5.565,60.985,0.11,65.65,52.120000000000005,35.754999999999995,1.16,68.675,85.725,45.655,67.14,4.57,31.525,54.65,66.415,9086.04199778423,8134.88216408609,7374.80267241838,17737.9185897391,15607.8123865941,16768.5769096017,19923.6817148663,7197.97965298799,12915.0461977173,32.1969618449684,2169.91421550517,11354.1525803462,191.532616440377,11163.0287220306,11636.8513038184,1416.16934097985,142.127475305871,14872.8441720837,19566.2779373335,5684.08146014717,8270.58047077567,1207.79531103142,2625.3754918662,8973.78423870371,Ubiquitin protein ligase E3 component n-recognin 4,Q5T4S7,609890.0,gene,23352.0,UBR4,ENSG00000127481,bacteria
sp|Q5T4S7|UBR4_HUMAN,sp,Q5T4S7,UBR4,HUMAN,0283361|tr|A0A3R6J1C7|A0A3R6J1C7_9BACT,283361,tr,A0A3R6J1C7,A0A3R6J1C7,LLRGLA,4725,4730,LLRGLA,37,42,LPFFALLRGLALKSKS,6,,,very_weak,,,,,weak,very_weak,,weak,very_weak,,weak,very_weak,,weak,very_weak,,,,,weak,very_weak,,weak,very_weak,,weak,very_weak,,,very_weak,,weak,very_weak,,weak,very_weak,,,,,weak,very_weak,,weak,very_weak,,,,strong,weak,very_weak,,,,,weak,very_weak,,weak,very_weak,,weak,very_weak,,weak,very_weak,,,very_weak,,,very_weak,,weak,very_weak,strong,weak,very_weak,strong,weak,very_weak,11.88,23.605,2.425,9.25,4.16,8.295,34.52,3.475,7.444999999999999,8.15,10.795,8.01,52.42,3.05,5.515,0.06,30.58,4.685,3.615,9.025,7.979999999999999,17.78,11.25,8.65,1.325,870.398082188826,79.2654680271973,36.5934796377641,701.602209592199,23.7100636679791,290.781381758083,1228.84637966264,20.2658471291782,71.2284519501315,103.430945934065,247.056001747685,93.5925783494549,3920.18950162301,74.9021559212173,176.85446607171,2.40112359065064,321.904847015541,119.942941946931,88.2876315642475,54.5601535294961,137.713287191091,98.2176231226694,35.931599117175,42.5535252219502,Ubiquitin protein ligase E3 component n-recognin 4,Q5T4S7,609890.0,gene,23352.0,UBR4,ENSG00000127481,bacteria
sp|Q5T4S7|UBR4_HUMAN,sp,Q5T4S7,UBR4,HUMAN,0283361|tr|A0A3R6QND1|A0A3R6QND1_9BACT,283361,tr,A0A3R6QND1,A0A3R6QND1,NTLSGLV,3514,3520,NTLSGLV,323,329,YPKIPNTLSGLVDYAEL,7,,weak,very_weak,,,,,,,,,,,,,,,,,,,,,,,,,,weak,very_weak,,,,,,,,,,,weak,very_weak,,,,,,,,weak,very_weak,,,,,,very_weak,,,,,,,,,,,,,,,,,,,,,very_weak,,,,,weak,very_weak,7.229999999999999,27.590000000000003,62.650000000000006,59.53,56.815,33.004999999999995,59.56999999999999,20.345,37.75,9.05,51.88,64.35,5.365,55.605,64.56,45.675,17.555,55.040000000000006,38.405,57.19,53.995,25.585,40.615,16.47,64.565,459.858653414346,972.094545098797,2628.53044989362,5768.27814151541,2061.01032147645,2091.788425688,6483.28434790612,400.735819948236,505.675510944208,304.155388727227,6796.82477302854,3089.3942475124,683.869421387567,2323.86309995271,5174.27776563024,494.112139709335,393.530131857215,4101.02454195098,2013.27081395708,2228.46968302177,1839.79390385609,811.585698429749,755.798046079085,857.164515295933,Ubiquitin protein ligase E3 component n-recognin 4,Q5T4S7,609890.0,gene,23352.0,UBR4,ENSG00000127481,bacteria
sp|Q5T4S7|UBR4_HUMAN,sp,Q5T4S7,UBR4,HUMAN,0283361|tr|A0A415ZXK0|A0A415ZXK0_9BACT,283361,tr,A0A415ZXK0,A0A415ZXK0,TKTALL,4819,4824,TKTALL,22,27,LKRSYTKTALLELSAK,6,,,,,,very_weak,,,,,,very_weak,,,,,,,,,,,weak,very_weak,,,,,,very_weak,strong,weak,very_weak,strong,weak,very_weak,,,very_weak,,,very_weak,strong,weak,very_weak,strong,weak,very_weak,,,,,,very_weak,,weak,very_weak,strong,weak,very_weak,,,,,,,strong,weak,very_weak,,weak,very_weak,,weak,very_weak,,,very_weak,,,,strong,weak,very_weak,32.015,16.155,20.06,18.695,34.165,21.705,49.205,2.08,29.3,13.73,0.615,1.545,13.595,0.71,0.78,12.92,2.21,1.125,26.655,20.335,0.6699999999999999,7.649999999999999,5.17,18.53,20.995,3792.85119918171,318.806110500908,528.927493760915,1820.97990803071,575.198650988558,2502.36982692821,3590.43216485309,55.4180829633363,778.278932547638,430.361858214121,111.037849176238,72.3813663646343,1287.7733565131,62.8329925465727,268.572819958453,101.375709611239,78.5653180341851,87.0610896034466,1853.4000656378,483.953351358366,84.3060534229117,255.851035323413,134.356132614715,431.924589323354,Ubiquitin protein ligase E3 component n-recognin 4,Q5T4S7,609890.0,gene,23352.0,UBR4,ENSG00000127481,bacteria
sp|Q5T4S7|UBR4_HUMAN,sp,Q5T4S7,UBR4,HUMAN,0283361|tr|A0A416AEJ5|A0A416AEJ5_9BACT,283361,tr,A0A416AEJ5,A0A416AEJ5,EALATI,4150,4155,EALATI,33,38,QQCIEEALATILRQPV,6,,,,,,,,,,,,,,,,,,,,,,,weak,very_weak,,,,,,very_weak,,,very_weak,,,,,,,,,very_weak,,,,,,very_weak,,,,,weak,very_weak,,weak,very_weak,,,,,weak,very_weak,,,,,,,,,,,weak,very_weak,,,,,,,,weak,very_weak,32.815,32.555,30.725,40.835,37.3,51.305,20.21,7.140000000000001,26.61,16.22,19.25,28.99,16.28,20.67,18.455,5.855,6.16,26.525,9.975,50.075,21.67,30.525,5.675,50.25,20.875,2561.92879829164,471.252246357667,810.515101553544,3170.0512253078,685.795951953297,5867.29160653931,1353.98689989424,188.933052925037,506.184597645638,490.405171088695,1811.70398729034,642.724110799991,1226.19008567569,379.484595194351,1061.7884685607,49.4767989480029,115.943958824195,865.477267330295,525.829081606703,1532.42799507997,355.327738792596,444.29102650003,142.662090631137,1246.64421333845,Ubiquitin protein ligase E3 component n-recognin 4,Q5T4S7,609890.0,gene,23352.0,UBR4,ENSG00000127481,bacteria
sp|Q5T4S7|UBR4_HUMAN,sp,Q5T4S7,UBR4,HUMAN,0283361|tr|A0A415ZSS4|A0A415ZSS4_9BACT,283361,tr,A0A415ZSS4,A0A415ZSS4,MLLERL,2976,2981,MLLERL,19,24,GGITRMLLERLNGFDA,6,,,,,weak,very_weak,,,,,,very_weak,,,,,,,,,very_weak,,,,,,,,,,,,,,,very_weak,,,,,,,,weak,very_weak,,,very_weak,,,,,,,,,,,,very_weak,,weak,very_weak,,,,,,very_weak,,,,,,,,,,,,,,weak,very_weak,21.61,6.77,29.985,15.155,25.86,50.15,15.425,49.835,30.6,66.47,40.635,19.765,46.595,6.295,14.260000000000002,24.09,47.685,13.455,7.955,43.875,12.24,26.405,48.665,34.525,20.3,1001.98431493858,83.7025411918707,943.137221586451,645.15569105851,242.403741233303,4740.82437806109,646.490333988553,860.640142207298,471.22675282315,4969.72066234974,4070.08134595144,326.973705239901,3416.62448923064,110.371873243067,679.047349975716,73.7441885928599,1518.64560392988,356.984754401444,219.059281122371,814.955867467102,210.806993078085,565.436823783004,682.191837756916,457.912360869492,Ubiquitin protein ligase E3 component n-recognin 4,Q5T4S7,609890.0,gene,23352.0,UBR4,ENSG00000127481,bacteria
sp|Q5T4S7|UBR4_HUMAN,sp,Q5T4S7,UBR4,HUMAN,0283361|tr|A0A3R6KY18|A0A3R6KY18_9BACT,283361,tr,A0A3R6KY18,A0A3R6KY18,KELPQL,47,52,KELPQL,935,940,DANSGKELPQLVRQAY,6,,,,,,,,,,,,,,,,,,,,,,,,,,,,,,,,,,,,,,,,,,,,,,,,,,,,,,,,,,,,,,,very_weak,,,,,,,,,,,,,,,,,,,,,very_weak,74.205,31.055,55.7,82.295,65.915,72.225,51.705,78.9,63.885000000000005,53.32,42.925,70.63499999999999,73.295,72.06,50.315,50.42,39.605,75.47999999999999,19.455,64.645,67.965,27.95,78.97999999999999,74.505,44.79,12024.1550601344,777.757017683704,3372.66015883138,10828.5059253063,3824.95475650649,12684.8774513206,5621.1484286252,5190.6511019238,5245.75535657778,2868.01891790781,9535.76722236502,7812.77491370895,6618.08758698002,6223.74454798947,5945.96167242673,650.820614197107,2509.50071575653,10152.8079726217,1504.67781208821,3389.70810951989,4873.02510841417,879.723940554704,4164.29426484469,4651.7522132508,Ubiquitin protein ligase E3 component n-recognin 4,Q5T4S7,609890.0,gene,23352.0,UBR4,ENSG00000127481,bacteria
sp|Q5T4S7|UBR4_HUMAN,sp,Q5T4S7,UBR4,HUMAN,0283361|tr|A0A415ZRW5|A0A415ZRW5_9BACT,283361,tr,A0A415ZRW5,A0A415ZRW5,GVCAVL,1509,1514,GVCAVL,139,144,LEQTSGVCAVLENTAG,6,,,,,,,,,,,,,,,,,,,,,,,,,,,,,,very_weak,,,,,,,,,,,weak,very_weak,,,,,,,,,,,,,,,very_weak,,,,,,,,,,,,,,,,,,,,,,,,,,weak,very_weak,57.7,71.28,70.465,82.235,60.345,80.59,84.325,62.185,81.2,10.785,67.77,77.535,7.735,75.155,83.06,66.005,17.695,77.995,62.065,61.575,73.785,38.98,64.265,51.615,75.215,5109.85211744046,4302.38038988442,5165.88689579248,9857.72684738169,4876.61173115694,12743.8935162707,12000.6302397031,1943.55865754921,5848.27764396878,212.434956079474,11587.0983387004,6528.33467443106,513.071557278969,5887.13170734041,11994.0100143383,1073.97808078314,440.914892418185,9203.68645990561,6926.14659572692,3597.50940857338,5195.93298670616,712.318469328604,1734.4983293837,2368.92445724281,Ubiquitin protein ligase E3 component n-recognin 4,Q5T4S7,609890.0,gene,23352.0,UBR4,ENSG00000127481,bacteria
sp|Q5T4S7|UBR4_HUMAN,sp,Q5T4S7,UBR4,HUMAN,0283361|tr|A0A3R6IFY8|A0A3R6IFY8_9BACT,283361,tr,A0A3R6IFY8,A0A3R6IFY8,AKVTIS,1768,1773,AKVTIS,130,135,IGKDYAKVTISRFDTC,6,,,,,,,,,very_weak,,weak,very_weak,,,,,,,,,,,weak,very_weak,,,,,,very_weak,,weak,very_weak,,,very_weak,,,very_weak,,,,,,very_weak,,,,,,,,,very_weak,,,,,,very_weak,,,very_weak,,,very_weak,,,very_weak,,weak,very_weak,,weak,very_weak,,weak,very_weak,,,very_weak,,weak,very_weak,48.845,39.785,19.1,9.125,38.105,20.96,36.18,2.83,23.055,17.385,9.38,12.3,26.94,11.96,23.05,17.9,24.97,12.47,18.25,11.77,10.08,5.1,4.265,7.17,17.595,6941.60132298062,1243.23631112999,1210.63441549515,1272.12444887352,1677.37657510478,4112.71104399244,4380.1158842722,114.029287353029,1332.91039824406,852.28162990999,2714.3106792082,445.735508698479,3243.39544676202,585.17965847338,2378.71011471606,226.815926081404,1576.26884599241,778.834904197758,2139.07409191202,606.39865644304,568.996363615509,609.206727435129,195.642012026511,341.535286864491,Ubiquitin protein ligase E3 component n-recognin 4,Q5T4S7,609890.0,gene,23352.0,UBR4,ENSG00000127481,bacteria
sp|Q5T4S7|UBR4_HUMAN,sp,Q5T4S7,UBR4,HUMAN,0283361|tr|A0A416A6F9|A0A416A6F9_9BACT,283361,tr,A0A416A6F9,A0A416A6F9,ELSKII,3813,3818,ELSKII,1146,1151,VEAKNELSKIIVSFKQ,6,,,,,,,,,,,,,,,,,,,,,,,,,,,,,,,,,very_weak,,,,,weak,very_weak,,,,,,,,,very_weak,,,,,,,strong,weak,very_weak,,,,,,,,,,,,,,,very_weak,,,,,,,,,,strong,weak,very_weak,41.0,20.19,20.81,63.44500000000001,38.55,47.805,41.035,35.985,38.34,21.215,18.45,29.235,47.54,32.05,18.185,43.03,0.03,37.83,23.63,35.565,26.815,12.17,41.715,37.095,23.76,4426.18441581808,316.130311466541,456.265477597209,4644.76147249408,444.276605342881,3369.30461716089,2591.59276979349,358.044648591351,661.211795562327,343.685320973812,1833.83173685105,1258.93843105073,3425.76757968124,745.362584494821,884.017673044651,197.340669648667,16.901873288882,2360.81327309116,702.445336805836,575.921032759634,773.57753890482,207.101575022611,548.480493525465,554.609148142069,Ubiquitin protein ligase E3 component n-recognin 4,Q5T4S7,609890.0,gene,23352.0,UBR4,ENSG00000127481,bacteria
sp|Q5T4S7|UBR4_HUMAN,sp,Q5T4S7,UBR4,HUMAN,0283361|tr|A0A3R6J7L2|A0A3R6J7L2_9BACT,283361,tr,A0A3R6J7L2,A0A3R6J7L2,ATLLLS,2509,2514,ATLLLS,10,15,VLLFFATLLLSGCNRA,6,,,,,,,,,,,,,,,,,,,,,,,,,,,,,,,,,,,,,,,,,,,,,,,,,,,,,,,,,,,,,,,,,,,,,,,,,,,,,,,,,,,,,51.385000000000005,52.375,53.845,61.02,53.11,46.81,60.165000000000006,43.63,44.535,59.605,59.46,28.92,68.65,30.415,52.745,41.69,56.995,36.17,54.655,48.01,49.415,46.895,52.56,49.04,52.26,2478.14732087977,490.357418736761,953.861474856926,4012.66904469452,586.847218177891,1058.0155319163,3134.54603434402,274.513291115775,205.014777320219,1571.80679504043,4437.7890627466,485.574065925689,5473.26897120414,271.233183187885,1969.70360759859,81.0301107034457,1067.80233636457,750.192768533857,1340.96759247239,455.831255515261,731.508832605548,538.274461019449,527.555784751548,517.783932215944,Ubiquitin protein ligase E3 component n-recognin 4,Q5T4S7,609890.0,gene,23352.0,UBR4,ENSG00000127481,bacteria
sp|Q5T4S7|UBR4_HUMAN,sp,Q5T4S7,UBR4,HUMAN,0283361|tr|A0A3R6IPI6|A0A3R6IPI6_9BACT,283361,tr,A0A3R6IPI6,A0A3R6IPI6,VAASSG,3352,3357,VAASSG,33,38,FFFIGVAASSGGSTEY,6,,,,,,,,,very_weak,,,,,,,,,very_weak,,,,,,very_weak,,,,,weak,very_weak,,,very_weak,,,,,,very_weak,,,,,,,,,,,,,,weak,very_weak,,,very_weak,,,,,,,,weak,very_weak,,,,,,,,weak,very_weak,,,very_weak,,,very_weak,,weak,very_weak,71.925,42.32,11.43,58.325,35.355000000000004,18.81,60.89,13.685,48.95,3.845,18.305,63.42999999999999,22.555,60.99,67.47,5.25,19.83,65.57499999999999,61.09,6.220000000000001,69.7,20.32,7.415,11.9,16.009999999999998,7914.61838487574,1133.88797684739,183.883059645197,5392.38644521237,766.902187227395,1002.2011633629,8398.72242022101,133.93087190572,1205.09324602247,31.5036276139933,1806.98600244767,3664.33260053242,2174.3796220644,2918.00657933113,6561.75973472314,12.6127244275092,360.715977607878,5337.99390354389,4658.75347563637,101.121556583974,3908.58484256037,183.704085146032,71.9200011854205,186.060507310191,Ubiquitin protein ligase E3 component n-recognin 4,Q5T4S7,609890.0,gene,23352.0,UBR4,ENSG00000127481,bacteria
sp|Q5T4S7|UBR4_HUMAN,sp,Q5T4S7,UBR4,HUMAN,0283361|tr|A0A416A7K3|A0A416A7K3_9BACT,283361,tr,A0A416A7K3,A0A416A7K3,ITKEIA,4213,4218,ITKEIA,248,253,QRGYQITKEIAENSWV,6,,,,,,very_weak,,,,,,,,,,,,,,,,,,very_weak,,,,,,,,,very_weak,,,,,,,,,very_weak,,,,,,,,,,,,very_weak,,,,,,,,,,,weak,very_weak,,,very_weak,,weak,very_weak,,,very_weak,,weak,very_weak,,,very_weak,,weak,very_weak,29.05,10.56,21.625,29.08,36.75,22.79,22.09,14.685,35.730000000000004,42.58,16.95,35.69,16.365000000000002,23.67,25.59,10.025,40.425,26.84,37.235,9.28,19.91,5.015000000000001,16.465,7.62,16.12,4201.2688041974,499.465733462136,1540.50735690655,4061.3712783447,2549.29225339121,4835.94303314805,2343.71030933386,995.683759901542,1513.64228436699,3107.29569632711,4828.04858528171,3953.41365420075,2273.00895271774,2294.1090949879,4659.81213617723,118.568764339302,2974.42788339469,4743.13320017622,3803.9064502762,452.989458813369,1671.92265931908,1091.6214645257,870.209752281069,517.621490789162,Ubiquitin protein ligase E3 component n-recognin 4,Q5T4S7,609890.0,gene,23352.0,UBR4,ENSG00000127481,bacteria
sp|Q5T4S7|UBR4_HUMAN,sp,Q5T4S7,UBR4,HUMAN,0283361|tr|A0A415ZX97|A0A415ZX97_9BACT,283361,tr,A0A415ZX97,A0A415ZX97,SPFFLR,3137,3142,SPFFLR,732,737,LQQLISPFFLRRTKEQ,6,,,very_weak,,,very_weak,,weak,very_weak,,,,,weak,very_weak,,,,,,,,,,,,,,,,,,very_weak,strong,weak,very_weak,,,,,,,,weak,very_weak,strong,weak,very_weak,,,,,,,,,very_weak,,weak,very_weak,,,very_weak,,,,,weak,very_weak,,weak,very_weak,,,,,,,,,very_weak,strong,weak,very_weak,14.755,16.905,9.725,50.68,7.949999999999999,43.940000000000005,27.61,36.565,34.405,56.760000000000005,12.21,1.92,54.395,3.825,1.825,37.465,15.835,2.805,16.335,50.295,5.56,3.92,33.864999999999995,45.330000000000005,15.215,987.059770438021,229.869564265488,431.620929776578,3045.42001941965,82.7677429750915,2616.89582736143,1321.15112689708,369.265428183822,850.85349555016,2110.15580710921,1169.51152390055,41.2095999671917,4217.93897737183,70.8449208844404,124.797481182253,94.1634219915065,694.525208007155,78.8113696691405,341.014641723348,1058.14146183833,93.5267791784289,106.740491503932,393.032271721108,647.946907865614,Ubiquitin protein ligase E3 component n-recognin 4,Q5T4S7,609890.0,gene,23352.0,UBR4,ENSG00000127481,bacteria
sp|Q5T4S7|UBR4_HUMAN,sp,Q5T4S7,UBR4,HUMAN,0283361|tr|A0A3R6IGB4|A0A3R6IGB4_9BACT,283361,tr,A0A3R6IGB4,A0A3R6IGB4,DGKVAD,1774,1779,DGKVAD,314,319,ATVTMDGKVADADTTN,6,,,,,,,,,,,,very_weak,,,,,,,strong,weak,very_weak,,,,,,,,weak,very_weak,,,,,,,,,,,,,,,,,,,,,,,,,,,,,,,,,,,,,,,,,,very_weak,,,,,,,,,,strong,weak,very_weak,64.785,44.935,45.85,11.18,70.53999999999999,43.540000000000006,1.035,72.41499999999999,36.61,3.86,55.965,73.495,28.905,72.25,63.765,58.89,24.3,71.66,56.615,48.83,60.835,18.99,67.435,46.075,40.47,12397.0901822363,5365.73079823696,7448.4183068884,1926.078628649,10879.9446853643,13456.5352733374,172.515132599177,10495.6009720214,4520.02469502014,165.100876200509,21951.9126752656,19080.0019221651,3082.64945560991,16844.5873598688,19182.6721008278,2080.32256032915,2063.5540528608,21666.8616709051,12374.8439609029,5287.18107036669,12911.2738244808,2682.19709857007,8201.16394923354,5665.35472370975,Ubiquitin protein ligase E3 component n-recognin 4,Q5T4S7,609890.0,gene,23352.0,UBR4,ENSG00000127481,bacteria
sp|Q5T4S7|UBR4_HUMAN,sp,Q5T4S7,UBR4,HUMAN,0283361|tr|A0A416A269|A0A416A269_9BACT,283361,tr,A0A416A269,A0A416A269,LPSSVQ,1222,1227,LPSSVQ,646,651,VLREVLPSSVQPYVRT,6,,,,,weak,very_weak,,,,,weak,very_weak,,,very_weak,,,very_weak,,weak,very_weak,,weak,very_weak,,weak,very_weak,,,very_weak,,,very_weak,,,,,,,,,very_weak,,,,,,,,,,,,,,weak,very_weak,,,,strong,weak,very_weak,,,,,,very_weak,,,very_weak,,weak,very_weak,,,,,,,strong,weak,very_weak,28.225,9.56,21.9,9.275,17.560000000000002,10.975,3.425,5.74,4.33,11.475,11.465,31.01,18.895,24.135,20.645,29.15,8.850000000000001,27.37,1.965,21.115,18.135,17.27,2.39,21.075,30.615,2742.20603342305,204.675671271507,587.794065162402,875.697374498593,399.770085866336,686.256156223797,256.191756926407,78.7781205444246,47.5496118377986,313.320989170801,1444.19229181489,1181.47962451464,1646.71647243648,812.789611787753,2274.23895804271,84.5188578148432,422.477159272166,1931.58818605408,215.250727403341,505.489521061566,846.171342146649,284.864645861566,76.6517227775434,487.179122978053,Ubiquitin protein ligase E3 component n-recognin 4,Q5T4S7,609890.0,gene,23352.0,UBR4,ENSG00000127481,bacteria
sp|Q5T4S7|UBR4_HUMAN,sp,Q5T4S7,UBR4,HUMAN,0283361|tr|A0A416A3M2|A0A416A3M2_9BACT,283361,tr,A0A416A3M2,A0A416A3M2,TANENL,1414,1419,TANENL,479,484,KGLLATANENLINAQN,6,,,very_weak,,,,,,,,,very_weak,,weak,very_weak,,weak,very_weak,,,very_weak,,weak,very_weak,,weak,very_weak,,,very_weak,,,very_weak,,,very_weak,,,,,weak,very_weak,,,very_weak,,,,,weak,very_weak,,,very_weak,,,,,,very_weak,,,very_weak,,,very_weak,,,very_weak,,,very_weak,,weak,very_weak,,,very_weak,,,,,weak,very_weak,14.945,21.89,28.47,11.77,8.295,6.805,18.125,2.535,6.39,14.955,17.405,19.745,9.455,12.995,27.58,12.73,25.67,15.8,15.595,14.38,14.11,15.085,3.19,15.285,42.755,1656.72434102843,896.045289170719,1499.49335491516,1463.38219304856,345.908767300911,542.895148996411,2225.96349236052,77.216928217203,97.9766878335059,1063.39805154016,3072.69284816448,1259.12914558056,1338.3150774718,808.281937276605,3979.07607091419,93.2378119491813,1235.08461611057,1970.98272812689,1781.63170899613,466.84716673179,963.966863832107,1272.78529747969,164.892004914571,458.016417405249,Ubiquitin protein ligase E3 component n-recognin 4,Q5T4S7,609890.0,gene,23352.0,UBR4,ENSG00000127481,bacteria
sp|Q5T4S7|UBR4_HUMAN,sp,Q5T4S7,UBR4,HUMAN,0283361|tr|A0A416A9M8|A0A416A9M8_9BACT,283361,tr,A0A416A9M8,A0A416A9M8,LGMDKK,3032,3037,LGMDKK,337,342,VDGRYLGMDKKVHRAE,6,,,,,,,,weak,very_weak,,,very_weak,,,,,,,strong,weak,very_weak,,,,,,very_weak,,,,,,,,,,,weak,very_weak,,,,,,,,,,,,,,,,,,,,,,,,,,,,,,,,,very_weak,,,,,,,strong,weak,very_weak,strong,weak,very_weak,57.06,25.215,4.755,12.02,46.57,24.09,0.075,58.89,13.69,72.37,25.82,43.985,82.84,54.035,23.69,33.7,72.7,51.900000000000006,36.265,27.335,49.555,10.93,48.625,38.76,0.655,12177.6015815288,827.564646462538,535.046031802392,1699.186871478,2522.34935433135,4672.28207075101,26.4912140449911,4408.97742896525,1073.52498840193,5586.58794970337,7635.52312984146,8814.8093755207,12957.5964704648,8664.27373367191,5360.97231602293,753.422116334857,7433.84574837681,11850.6958339016,4983.72087709794,1797.37292839462,7112.74188281339,1230.33641698706,3292.61436760449,3144.97527960636,Ubiquitin protein ligase E3 component n-recognin 4,Q5T4S7,609890.0,gene,23352.0,UBR4,ENSG00000127481,bacteria
sp|Q5T4S7|UBR4_HUMAN,sp,Q5T4S7,UBR4,HUMAN,0283361|tr|A0A3R6L0B7|A0A3R6L0B7_9BACT,283361,tr,A0A3R6L0B7,A0A3R6L0B7,LDAAIS,1124,1129,LDAAIS,124,129,IGFFKLDAAISAHAVS,6,,,very_weak,,weak,very_weak,,weak,very_weak,strong,weak,very_weak,,,very_weak,strong,weak,very_weak,strong,weak,very_weak,,weak,very_weak,,weak,very_weak,,weak,very_weak,,weak,very_weak,,,,,weak,very_weak,,weak,very_weak,,,very_weak,,,very_weak,,,very_weak,strong,weak,very_weak,,weak,very_weak,,,very_weak,,,,strong,weak,very_weak,,,,,,very_weak,,weak,very_weak,,weak,very_weak,,weak,very_weak,strong,weak,very_weak,10.05,7.76,3.51,0.18,12.93,0.4,1.91,6.075,4.01,5.460000000000001,6.47,26.305,7.1850000000000005,10.305,11.12,0.465,7.24,16.005,20.195,0.225,20.63,10.82,5.58,2.22,3.93,488.445847770918,106.671219484479,65.898057101761,13.4933902780554,125.405232442723,24.6622259316375,65.8431787828525,57.2024699483931,32.0537553081851,80.8505806751521,370.133442089722,792.889750756718,834.406820748086,386.58783653516,854.090961396539,4.13188040722022,120.647086809296,1004.40483222258,640.745235706679,10.1708158599008,598.103634599497,73.0106059980342,43.6479676101238,32.3103794367862,Ubiquitin protein ligase E3 component n-recognin 4,Q5T4S7,609890.0,gene,23352.0,UBR4,ENSG00000127481,bacteria
sp|Q5T4S7|UBR4_HUMAN,sp,Q5T4S7,UBR4,HUMAN,0283361|tr|A0A3R6N4V1|A0A3R6N4V1_9BACT,283361,tr,A0A3R6N4V1,A0A3R6N4V1,LISSAT,3080,3085,LISSAT,113,118,AGLKDLISSATRFLVW,6,,,,,,,,,very_weak,,,very_weak,,,very_weak,,,,,weak,very_weak,,weak,very_weak,,weak,very_weak,,,,,,,,,,,,very_weak,,,,,,,,,,,,,,,very_weak,,,,,,,,weak,very_weak,,,,,,,,,,,weak,very_weak,,,,,,very_weak,,weak,very_weak,44.260000000000005,28.675,17.735,17.384999999999998,10.75,21.885,6.44,3.5250000000000004,8.094999999999999,29.07,26.475,25.51,43.46,24.26,22.76,14.745,39.51,21.515,7.515,23.03,26.68,31.42,3.0500000000000003,22.915,11.93,2825.14696864947,234.187494908886,236.706935179103,742.26414912541,67.4643086440778,679.473617936084,233.484141065033,21.7074055880575,41.8924860936536,547.253439623106,1202.81360760354,306.865928169063,2866.96404676928,290.03668991919,794.100297594551,25.0752453437475,678.973882532581,461.738273736193,221.53818173343,222.576106961256,364.198426245768,333.17333852358,34.3743317061548,241.942575633662,Ubiquitin protein ligase E3 component n-recognin 4,Q5T4S7,609890.0,gene,23352.0,UBR4,ENSG00000127481,bacteria
sp|Q5T4S7|UBR4_HUMAN,sp,Q5T4S7,UBR4,HUMAN,0283361|tr|A0A3R6LVK0|A0A3R6LVK0_9BACT,283361,tr,A0A3R6LVK0,A0A3R6LVK0,NTLSGL,3514,3519,NTLSGL,376,381,AEHDYNTLSGLILEIL,6,,weak,very_weak,,,,,,,,,very_weak,,,very_weak,,,,,,,,weak,very_weak,,,,,,,,,,,,very_weak,,,very_weak,,,very_weak,,weak,very_weak,,,,,weak,very_weak,strong,weak,very_weak,,,,,weak,very_weak,,,very_weak,,,,,weak,very_weak,,,,,weak,very_weak,,,very_weak,,,,strong,weak,very_weak,5.37,50.025,34.885,12.335,17.799999999999997,20.28,65.055,3.975,38.865,21.955,23.225,19.7,16.97,4.995,24.265,0.365,25.625,6.795,12.785,22.715,9.075,20.1,8.940000000000001,14.27,23.74,439.443238062575,710.432723506469,1559.06971877591,1263.79701303883,398.776475253885,3261.44811797372,6088.73323313915,94.315349698416,944.873589058332,507.605079565761,2675.18325679401,185.990060979492,890.362718000197,79.1634751619587,1128.83242478189,7.00071903383381,291.203276997347,173.420924777977,624.320876798347,694.72813208284,152.816601956998,824.802460069065,187.71659036373,342.138158108352,Ubiquitin protein ligase E3 component n-recognin 4,Q5T4S7,609890.0,gene,23352.0,UBR4,ENSG00000127481,bacteria
sp|Q5T4S7|UBR4_HUMAN,sp,Q5T4S7,UBR4,HUMAN,0283361|tr|A0A3R6IGQ2|A0A3R6IGQ2_9BACT,283361,tr,A0A3R6IGQ2,A0A3R6IGQ2,LLDKAD,3742,3747,LLDKAD,281,286,KRCSYLLDKADSLKPR,6,,,very_weak,,,very_weak,,,,strong,weak,very_weak,,,,,weak,very_weak,,weak,very_weak,,,very_weak,,,very_weak,,,,,,,,,,,,very_weak,,,,,,very_weak,,,very_weak,,weak,very_weak,,weak,very_weak,,,,,,very_weak,,,,,weak,very_weak,,,very_weak,,,,,,very_weak,,weak,very_weak,,,,strong,weak,very_weak,12.695,15.21,27.96,0.065,29.535,2.045,2.465,12.695,11.47,42.0,20.43,44.545,35.64,17.495,19.935,4.69,74.41499999999999,17.125,37.165,2.0700000000000003,15.955000000000002,26.965,14.79,7.685,23.74,1212.65331159439,534.132138635659,1410.32817269911,9.67019198905437,1147.00458886501,296.628380559896,121.935798968136,488.60441977854,289.01233372232,4103.64333613852,5188.18057550324,2484.42951330859,3724.69169944267,1274.70094204106,2776.87024052581,52.2633420667204,4430.44870838895,2148.9563240909,2684.20027990586,91.3524959717619,1085.86108768647,1012.36947437541,442.884767528053,291.452293043504,Ubiquitin protein ligase E3 component n-recognin 4,Q5T4S7,609890.0,gene,23352.0,UBR4,ENSG00000127481,bacteria
sp|Q5T4S7|UBR4_HUMAN,sp,Q5T4S7,UBR4,HUMAN,0283361|tr|A0A3R6IR20|A0A3R6IR20_9BACT,283361,tr,A0A3R6IR20,A0A3R6IR20,ALQGVV,794,799,ALQGVV,157,162,NSTIDALQGVVPGMNI,6,,,,,,,,,,,,,,,,,,,,,,,,,,,,,,very_weak,,,very_weak,,,,,,,,,,,,,,,,,,,,weak,very_weak,,,,,,,,,very_weak,,,,,,,,,,,,,,,,,,,,weak,very_weak,54.13,24.37,34.415,53.33,42.79,46.425,60.63,40.065,58.53,12.98,17.925,67.21,28.78,58.015,55.055,4.785,22.05,68.28,19.3,38.370000000000005,59.77,24.09,29.865,36.175,44.525,5440.91267299729,805.104860669018,1018.48905863,4494.13024383641,2023.03146362719,6050.90507543082,6882.14765470817,822.156232753098,2026.64633347784,296.083274974128,2510.01666137331,5001.33073410866,2121.30405321838,3682.65564923739,5911.38657002294,54.820517451645,397.505675874534,7102.66748816615,2175.6739539447,1177.57438855049,3436.8682736574,560.448397667341,437.04394461812,1107.08439100411,Ubiquitin protein ligase E3 component n-recognin 4,Q5T4S7,609890.0,gene,23352.0,UBR4,ENSG00000127481,bacteria
sp|Q5T4S7|UBR4_HUMAN,sp,Q5T4S7,UBR4,HUMAN,0283361|tr|A0A416A9W7|A0A416A9W7_9BACT,283361,tr,A0A416A9W7,A0A416A9W7,FLVDEG,3309,3314,FLVDEG,219,224,WEQEYFLVDEGLYAAR,6,,weak,very_weak,,,very_weak,,,very_weak,strong,weak,very_weak,,,very_weak,strong,weak,very_weak,strong,weak,very_weak,,weak,very_weak,,weak,very_weak,,,,,,very_weak,,,very_weak,,weak,very_weak,,weak,very_weak,,weak,very_weak,,weak,very_weak,,weak,very_weak,,weak,very_weak,,,,,weak,very_weak,,weak,very_weak,strong,weak,very_weak,,weak,very_weak,,,very_weak,,weak,very_weak,,weak,very_weak,,weak,very_weak,strong,weak,very_weak,2.235,11.97,10.155,0.16,13.185,1.24,1.4549999999999998,9.855,4.82,30.665,12.21,16.995,3.925,3.155,5.145,2.675,33.225,6.345000000000001,6.955,0.73,3.65,12.98,8.21,3.72,9.09,196.688384273354,323.273058615483,551.103834076081,11.6816074385658,335.02777435652,111.861448141682,53.8394419319247,312.021905317309,89.342753996728,1771.25255512,2397.07977124995,433.066387952425,715.756411108507,152.95555419871,702.741811162525,21.6691556288006,1099.19490946081,350.042711019917,773.77844348757,24.5793782161075,192.380000340667,834.804151578452,281.497398034156,93.2832195629269,Ubiquitin protein ligase E3 component n-recognin 4,Q5T4S7,609890.0,gene,23352.0,UBR4,ENSG00000127481,bacteria
sp|Q5T4S7|UBR4_HUMAN,sp,Q5T4S7,UBR4,HUMAN,0283361|tr|A0A416A2R7|A0A416A2R7_9BACT,283361,tr,A0A416A2R7,A0A416A2R7,EPQKQL,2609,2614,EPQKQL,239,244,RFAKGEPQKQLSKEFV,6,,,,,,,,,,,,,,,,,,,,,,,,,,,,,,very_weak,,,,,,,,,,,,,,,,,,,,,,,,,,,,,,,,,,,,,,,,,,,,,,,,,,,,,,very_weak,90.955,51.62,57.620000000000005,71.96000000000001,78.51499999999999,52.575,72.85,60.54,76.735,18.525,64.495,86.65,89.49000000000001,77.08,69.42,32.675,83.965,82.905,46.395,40.13,71.38,45.22,39.415000000000006,70.575,50.68,19121.7486871856,2283.28759297215,4304.38254008125,11525.2061590946,7258.19817065089,8113.96091898222,10841.1668208145,3411.01010506478,7802.13107665037,605.323590308849,13258.1084848821,12226.9792669292,12626.271298289,9568.0121823218,10515.1514911376,399.065663155179,7922.84355982404,15044.4022171565,5532.92978663308,1880.40629743945,6887.3620609362,1752.68428611165,1319.99377457999,5191.15658178138,Ubiquitin protein ligase E3 component n-recognin 4,Q5T4S7,609890.0,gene,23352.0,UBR4,ENSG00000127481,bacteria
sp|Q5T4S7|UBR4_HUMAN,sp,Q5T4S7,UBR4,HUMAN,0283361|tr|A0A3R6J9W5|A0A3R6J9W5_9BACT,283361,tr,A0A3R6J9W5,A0A3R6J9W5,ALSPTF,2032,2037,ALSPTF,20,25,KSPKTALSPTFQPPHL,6,,,,,,,,,,,,,,,,,,,,,,,,,,,,,,,,,,,,,,,,,,,,,,,,,,,,,,,,,,,,,,,,,,,,,,,,,,,,,,,,,,,,,75.625,63.79,55.870000000000005,63.245,65.2,69.09,70.86500000000001,54.585,74.89,22.395,25.48,48.58,37.045,67.645,64.42,51.975,46.96,43.8,64.64,51.2,49.38,39.23,38.955,49.275,63.775000000000006,11822.9043197916,3748.54495371656,4175.70923679718,9757.97605577643,5241.10327198723,12302.8856267005,11714.6697661666,2667.2063836662,7323.67336667253,1179.33397281114,8166.54193839412,3423.72955363198,3710.69355172216,5623.33835996905,9202.59112477309,1625.87870220403,3565.61695413485,6079.64875036215,8512.71599651386,3034.43432448296,3737.52927944165,1462.29009127129,1638.77145384314,2808.93179093866,Ubiquitin protein ligase E3 component n-recognin 4,Q5T4S7,609890.0,gene,23352.0,UBR4,ENSG00000127481,bacteria
sp|Q5T4S7|UBR4_HUMAN,sp,Q5T4S7,UBR4,HUMAN,0283361|tr|A0A416A388|A0A416A388_9BACT,283361,tr,A0A416A388,A0A416A388,EKEKEKD,3374,3380,EKEKEKD,37,43,SKLRQEKEKEKDRLEHI,7,,,,,,,,,,,,,,,,,,,,,,,,,,,,,,,,,,,,,,,,,,,,,,,,,,,,,,,,,,,,,,,,,,,,,,,,,,,,,,,,,,,,,75.67,57.165,69.735,47.540000000000006,62.385,85.005,56.2,95.0,69.475,95.0,70.02000000000001,74.735,94.015,73.25999999999999,47.615,76.21,95.0,68.255,73.12,82.685,61.43,95.0,95.0,82.55,57.675,19770.3578648387,6830.0724285039,15420.8170005123,6899.81810596707,14506.0378041202,25442.8827920501,9178.62601471949,33298.8857439145,11564.0532362215,31104.0393234581,19188.8996792594,11469.9720592749,16774.3837479008,9866.26321482301,10919.0975366698,12040.55867422,35576.5559250097,13490.5021083401,16960.5340674378,15605.6171910788,6316.68685705412,30941.5802915718,31221.0377860297,15708.4460271012,Ubiquitin protein ligase E3 component n-recognin 4,Q5T4S7,609890.0,gene,23352.0,UBR4,ENSG00000127481,bacteria
sp|Q5T4S7|UBR4_HUMAN,sp,Q5T4S7,UBR4,HUMAN,0283361|tr|A0A415ZV50|A0A415ZV50_9BACT,283361,tr,A0A415ZV50,A0A415ZV50,TISKVT,3570,3575,TISKVT,645,650,NTVNITISKVTMDANA,6,,,,,weak,very_weak,,,very_weak,,,,,,,,weak,very_weak,,weak,very_weak,,weak,very_weak,,,very_weak,,,very_weak,,,,,,,,,,,,very_weak,,,,,,,,,,,,,,,very_weak,,,,,,very_weak,,weak,very_weak,,,,,weak,very_weak,,weak,very_weak,strong,weak,very_weak,,,very_weak,strong,weak,very_weak,33.565,2.055,10.12,21.4,21.145000000000003,9.97,9.515,5.01,12.64,19.67,21.605,43.0,17.205,27.39,35.28,27.6,11.685,31.365,14.185,7.425000000000001,25.23,8.38,5.7,1.495,15.125,5138.40463903361,174.548524040656,535.8861071319,3140.99653009265,813.792769522012,1889.52279929282,1161.51643305488,143.96615898675,389.476336945026,979.082356007965,5059.73265004603,4132.91840090414,2414.62444352125,2326.93265482067,4696.20414547677,244.185865240998,656.648946263426,5001.06017497886,1144.94632216055,392.653979429125,2078.02794660584,619.181318370327,228.083314349845,122.771137120659,Ubiquitin protein ligase E3 component n-recognin 4,Q5T4S7,609890.0,gene,23352.0,UBR4,ENSG00000127481,bacteria
sp|Q5T4S7|UBR4_HUMAN,sp,Q5T4S7,UBR4,HUMAN,0283361|tr|A0A416AEH7|A0A416AEH7_9BACT,283361,tr,A0A416AEH7,A0A416AEH7,EKKLKE,3483,3488,EKKLKE,85,90,AASEMEKKLKEYCAKV,6,,,,,,,,,,,,,,,,,,,,,,,,,,,,,,,,,,,,,,,,,,,,,,,,,,,,,,,,,,,,,,,,,,,,,,,,,,,,,,,,,,,,,88.555,63.34,50.32,86.155,65.315,71.615,63.255,82.375,41.585,94.43,56.065,50.685,93.695,68.905,57.45,61.265,88.45,67.17,64.07000000000001,83.53,71.11,59.545,82.195,84.495,27.175,16273.2899001136,3387.874810952,4840.54972307252,12128.292077851,4267.9779756724,16093.4634879316,9079.45768432655,6028.88204563514,5284.43588918975,11753.010912423,9095.48456107474,5881.78355145113,15775.3832685646,5080.85350657823,5557.70938544416,1377.69033082285,10106.1190732113,8173.61381244685,7147.07089931585,7517.0733049433,3999.18930185005,4052.32907288484,5639.85108444068,7435.53502410298,Ubiquitin protein ligase E3 component n-recognin 4,Q5T4S7,609890.0,gene,23352.0,UBR4,ENSG00000127481,bacteria
sp|Q5T4S7|UBR4_HUMAN,sp,Q5T4S7,UBR4,HUMAN,0283361|tr|A0A416A5E5|A0A416A5E5_9BACT,283361,tr,A0A416A5E5,A0A416A5E5,GKITVL,1919,1924,GKITVL,102,107,EKDANGKITVLGILQL,6,,,,,,,,,,,,,,,,,,,,,,,,,,,,,,,,,,,,,,,,,,,,,,,,,,,,,,,,weak,very_weak,,,,,,very_weak,,,,,,,,,,,,,,,,,,,,weak,very_weak,41.14,37.845,40.565,54.14,45.215,72.55,54.715,41.65,57.35,33.695,51.985,52.43,56.65,27.175,48.725,49.55,7.755,38.475,10.36,63.61,42.1,31.02,57.78,47.855,56.81,2982.74260703958,583.864184329475,1578.76082614613,4318.84424381735,690.591222258419,9043.76947791227,5263.55069813446,648.444854677262,1349.08808768891,800.908395394062,5152.4897975514,1657.81815074241,4831.54982801885,514.589308236241,3253.41233664226,275.09606272983,288.02898985303,1502.82300427805,428.953273197183,2325.82513507224,970.938270100999,647.057167787639,1153.73826885692,1170.5875963546,Ubiquitin protein ligase E3 component n-recognin 4,Q5T4S7,609890.0,gene,23352.0,UBR4,ENSG00000127481,bacteria
sp|Q5T4S7|UBR4_HUMAN,sp,Q5T4S7,UBR4,HUMAN,0283361|tr|A0A3R6KYR6|A0A3R6KYR6_9BACT,283361,tr,A0A3R6KYR6,A0A3R6KYR6,QLTDVE,2297,2302,QLTDVE,581,586,GYCYTQLTDVEQEQNG,6,,,,,,,,,,,,,,,,,,,,,,,,,,,,,,,,,,,,,,,,,weak,very_weak,,,,,,,,weak,very_weak,,,,,,,,,,,,,,,very_weak,,,,,,,,,,,weak,very_weak,,,,,weak,very_weak,25.35,43.695,34.055,36.05,53.21000000000001,38.995000000000005,66.97999999999999,30.07,68.275,51.255,57.66499999999999,42.795,4.735,36.855,54.68000000000001,26.335,45.235,42.895,60.065,11.155,37.05,32.65,38.665,8.19,31.17,3552.71632130317,3079.68241546627,4486.89088243149,4860.44010013547,7180.24477313477,11669.3809890154,10700.8547072594,1066.37067729197,8703.83062284855,4486.64815317457,13994.9618645153,2520.87605669205,602.214058250788,1932.1107406227,8065.64457321963,849.740292820769,3259.47258038149,3432.22314647914,10444.2841217304,907.323104841277,1993.61013072581,2985.87469387131,1651.90942146512,554.003403630669,Ubiquitin protein ligase E3 component n-recognin 4,Q5T4S7,609890.0,gene,23352.0,UBR4,ENSG00000127481,bacteria
sp|Q5T4S7|UBR4_HUMAN,sp,Q5T4S7,UBR4,HUMAN,0283361|tr|A0A3R6MAL7|A0A3R6MAL7_9BACT,283361,tr,A0A3R6MAL7,A0A3R6MAL7,NAFLAP,2639,2644,NAFLAP,301,306,SDNGANAFLAPTMFWF,6,,,very_weak,,,,,,,,,,,,,,,,,,,,,,,,,,,very_weak,,,,,,,,,,,,very_weak,,,,,,,,,,,,,,,very_weak,,,,,,,,,,,,,,,,,,,,,,,,,,,very_weak,15.605,66.0,69.855,50.975,32.57,68.255,75.53999999999999,33.415,69.005,11.345,56.97,50.465,16.91,51.54,59.0,38.37,13.89,48.855,32.980000000000004,62.400000000000006,52.265,21.49,39.355,48.995000000000005,69.41499999999999,542.437169876445,1688.06384836819,2908.3614665414,2401.33703021736,484.660764055696,6569.14755623279,7508.13198955072,327.118786520157,2402.94845057216,126.803751317498,4946.75976179869,753.267246909291,860.966121669596,787.230815513829,3052.61176544067,160.680939108785,252.979979477255,899.863540815714,921.809675692897,1596.90269569579,808.815584675113,179.730671011619,277.631731226611,805.27910064248,Ubiquitin protein ligase E3 component n-recognin 4,Q5T4S7,609890.0,gene,23352.0,UBR4,ENSG00000127481,bacteria
sp|Q5T4S7|UBR4_HUMAN,sp,Q5T4S7,UBR4,HUMAN,0283361|tr|A0A3R6LVK0|A0A3R6LVK0_9BACT,283361,tr,A0A3R6LVK0,A0A3R6LVK0,YNTLSG,3513,3518,YNTLSG,375,380,YAEHDYNTLSGLILEI,6,,,very_weak,,,,,,,,,very_weak,,,very_weak,,,,,,,,weak,very_weak,,,,,,very_weak,,,,,,,,,very_weak,,,very_weak,,weak,very_weak,,,,,weak,very_weak,strong,weak,very_weak,,,,,weak,very_weak,,,very_weak,,,very_weak,,,very_weak,,,,,weak,very_weak,,,very_weak,,,,strong,weak,very_weak,12.175,63.84,31.265,12.135,17.615000000000002,20.28,64.62,3.975,33.845,18.97,21.945,20.39,15.735,7.37,26.0,0.285,35.375,8.36,15.005,19.255,10.69,20.1,8.940000000000001,12.09,21.095,1758.13531429949,2411.46530210026,1712.10510773298,1500.0288486353,546.147301938885,3261.44811797372,6546.01736243084,94.315349698416,1015.43014980745,596.952843050032,3835.02458299683,556.870025169759,961.414920334332,314.594845569433,2569.14601547196,7.12728527969519,456.216113354744,556.243755731478,1368.12403846333,716.957788700911,456.660583875548,824.802460069065,187.71659036373,358.862988703787,Ubiquitin protein ligase E3 component n-recognin 4,Q5T4S7,609890.0,gene,23352.0,UBR4,ENSG00000127481,bacteria
sp|Q5T4S7|UBR4_HUMAN,sp,Q5T4S7,UBR4,HUMAN,0283361|tr|A0A416AFI3|A0A416AFI3_9BACT,283361,tr,A0A416AFI3,A0A416AFI3,LQLLTT,1492,1497,LQLLTT,205,210,DSNNHLQLLTTSSMWM,6,,,,,,very_weak,,,,,,,,,,,,,,,,,,,,,,,,,,,,,,,,,,,,,,,,,,,,,,,weak,very_weak,,,very_weak,,,,,weak,very_weak,,,very_weak,,,,,,,,,,,,very_weak,,,,,weak,very_weak,43.845,19.02,35.215,37.66,21.175,43.66,38.2,22.575000000000003,39.485,65.385,50.29,59.98,54.04,39.785,51.675,8.745,11.32,49.290000000000006,4.845,17.095,49.865,45.24,34.26,14.21,40.29,3150.79944275133,152.303245765944,499.433309863615,1978.76055114772,188.273924314333,2556.1972822822,2201.15134445557,75.9911022926058,308.75093943631,2430.98203837492,3761.87175087444,1743.4732747323,3822.88605800775,599.957306907758,2727.9422898695,19.9387308735058,266.878238060018,1662.00279667444,146.174584703601,160.021653158252,1020.46351883927,396.290376158097,255.212367697883,120.514012032168,Ubiquitin protein ligase E3 component n-recognin 4,Q5T4S7,609890.0,gene,23352.0,UBR4,ENSG00000127481,bacteria
sp|Q5T4S7|UBR4_HUMAN,sp,Q5T4S7,UBR4,HUMAN,0283361|tr|A0A416AAQ2|A0A416AAQ2_9BACT,283361,tr,A0A416AAQ2,A0A416AAQ2,FASRKE,3822,3827,FASRKE,358,363,DNVNSFASRKENIPII,6,,,,,,,,,,,,,,,very_weak,,,,,,,,,,,,,,,,,,,,,,,,,,,very_weak,,,,,,,,,,,,,,,,,,,,,,,,,,,,strong,weak,very_weak,,,,,,,,,,strong,weak,very_weak,20.94,58.91,23.925,46.255,11.785,53.41,46.125,42.61,32.865,46.4,65.98,53.08,19.915,67.445,53.32,51.25,42.415,66.15,46.345,51.645,62.215,1.2699999999999998,34.82,22.615,30.33,3872.46790701326,2364.51998404762,2099.24784850886,4827.99634714908,722.338187926714,7775.83727608343,4975.80053247754,1329.72698910766,1411.33565529769,2655.14200544398,11685.8063529814,6412.05769158338,2716.66115550627,5951.17500952832,7589.89150233126,1018.45599968914,2696.13413555688,8837.05961821371,4138.95964216349,2968.15888227429,4279.67716064533,169.348970041786,1209.48227003996,1497.69355130347,Ubiquitin protein ligase E3 component n-recognin 4,Q5T4S7,609890.0,gene,23352.0,UBR4,ENSG00000127481,bacteria
sp|Q5T4S7|UBR4_HUMAN,sp,Q5T4S7,UBR4,HUMAN,0283361|tr|A0A3R6ME18|A0A3R6ME18_9BACT,283361,tr,A0A3R6ME18,A0A3R6ME18,HSVSGR,2909,2914,HSVSGR,328,333,VLSDLHSVSGRFQTIQ,6,,,,,,,,,very_weak,,,,,,very_weak,,,,,,,,,very_weak,,,,,,,,,,,,very_weak,,,very_weak,,,,,,,,,,,,,,,,,,very_weak,,,very_weak,,,,,,,,,very_weak,,,very_weak,,,,,,,,,,,,very_weak,57.465,46.91,17.69,47.285,17.535,47.36,42.29,19.395,35.205,32.585,40.415,11.805,39.91,27.3,36.195,22.945,19.49,13.73,25.11,26.465,19.635,14.725,22.95,30.775,20.675,6190.70152373126,831.486838532172,651.983538184572,2328.39337304117,392.063891640384,4505.52302535271,1292.40757113466,170.120294972602,644.660270026077,844.159552490762,4986.79542210904,402.447800288018,3592.53055252213,887.131729460404,2622.8485764356,119.253228658056,863.699883184863,707.617289140369,1078.79963628315,757.025677104736,652.392816997053,283.941493225341,232.901306753715,840.668614514902,Ubiquitin protein ligase E3 component n-recognin 4,Q5T4S7,609890.0,gene,23352.0,UBR4,ENSG00000127481,bacteria
sp|Q5T4S7|UBR4_HUMAN,sp,Q5T4S7,UBR4,HUMAN,0283361|tr|A0A3R6NC90|A0A3R6NC90_9BACT,283361,tr,A0A3R6NC90,A0A3R6NC90,NVASLQ,243,248,NVASLQ,137,142,CFINDNVASLQTDFEG,6,,,very_weak,,,,,,,,weak,very_weak,,,,,,very_weak,,,very_weak,,,,,,,,,,,,,,,,,,,strong,weak,very_weak,,,,,,,strong,weak,very_weak,,,,,,very_weak,,,,,,,,,very_weak,,,,,,,,,,,,very_weak,,,,strong,weak,very_weak,19.0,31.945,58.305,2.015,67.465,10.91,15.385,53.44500000000001,21.955,24.035000000000004,58.835,64.495,0.445,54.745000000000005,66.465,53.57,13.865,47.905,46.05,17.17,43.465,26.53,52.06,15.96,66.44,2544.08443519278,2042.89387906939,2654.16543145672,29.5873820248196,3730.94349275793,284.40577217278,379.230112331481,1492.17792578536,99.33766342713,1792.73105754837,8826.07072826741,3158.41090372522,442.47285451134,2237.91726831588,6984.77107968339,596.881799406348,803.034296426706,3875.23424473906,4222.50516363774,180.629392333544,2708.29686201351,1258.44815489204,1549.33321985607,602.038156735517,Ubiquitin protein ligase E3 component n-recognin 4,Q5T4S7,609890.0,gene,23352.0,UBR4,ENSG00000127481,bacteria
sp|Q5T4S7|UBR4_HUMAN,sp,Q5T4S7,UBR4,HUMAN,0283361|tr|A0A3R6KV45|A0A3R6KV45_9BACT,283361,tr,A0A3R6KV45,A0A3R6KV45,RQKALG,4800,4805,RQKALG,107,112,NELNSRQKALGDVQAS,6,,,,,,,,,,,,,,,,,,,,,,,,,,,,,,,,,,,,,,,,,,,,,,,,,,,,,,,,,,,,,,,,,,,,,,,,,,,,,,,,,very_weak,,,very_weak,41.665,36.25,23.235000000000003,85.32,61.290000000000006,66.685,55.56,80.93,36.325,32.74,39.885,70.235,48.77,81.76,72.945,58.94,25.1,81.405,65.015,53.08,80.62,28.48,78.38,55.34,15.075,8208.44342961252,2195.15789467278,2342.79758377144,15984.1360689911,7094.21909507963,14335.4995266859,10794.8157778569,7791.92326337227,5270.902435789,596.45571506273,9621.16343856759,14661.3037485111,4569.34420655132,13975.5932145265,13743.3164536947,1797.62575947098,1694.4318673872,17736.7671050377,10130.4230553232,4816.56980111804,10702.5915613292,1565.49305425085,4986.84937842175,4673.34380554551,Ubiquitin protein ligase E3 component n-recognin 4,Q5T4S7,609890.0,gene,23352.0,UBR4,ENSG00000127481,bacteria
sp|Q5T4S7|UBR4_HUMAN,sp,Q5T4S7,UBR4,HUMAN,0283361|tr|A0A3R6NDX8|A0A3R6NDX8_9BACT,283361,tr,A0A3R6NDX8,A0A3R6NDX8,LASIIK,686,691,LASIIK,181,186,LTYSTLASIIKYPYSS,6,,,,,,,,weak,very_weak,,,,,,,,,,,weak,very_weak,,,,,weak,very_weak,,,,,,,,,,strong,weak,very_weak,,,,,,,,weak,very_weak,,,,,,very_weak,,weak,very_weak,,,very_weak,strong,weak,very_weak,,,,,,very_weak,,,,,,,,,,,weak,very_weak,strong,weak,very_weak,30.480000000000004,25.26,9.175,26.65,20.61,34.035,6.885,22.63,8.49,32.92,21.595,25.34,35.88,23.91,6.42,11.625,6.83,16.849999999999998,0.43,24.015,15.53,31.57,29.455,22.840000000000003,8.209999999999999,2163.06946048677,329.007151795911,322.487023650747,2567.81207755899,198.806551944168,1943.43248840207,631.857311653698,61.8154448009034,239.647281654582,329.798373814375,1080.07267546238,226.715330376436,1914.73367229841,197.479505312491,451.555667778503,27.9744254556524,95.0776443378802,460.590643973038,56.1787666792037,259.163749202696,289.09677638906,196.203769835446,134.96077606615,224.895183932517,Ubiquitin protein ligase E3 component n-recognin 4,Q5T4S7,609890.0,gene,23352.0,UBR4,ENSG00000127481,bacteria
sp|Q5T4S7|UBR4_HUMAN,sp,Q5T4S7,UBR4,HUMAN,0283361|tr|A0A3R6LQI0|A0A3R6LQI0_9BACT,283361,tr,A0A3R6LQI0,A0A3R6LQI0,SLGLSG,2840,2845,SLGLSG,1059,1064,PNMIKSLGLSGLRLYA,6,,,,,weak,very_weak,,,,,,,,,very_weak,,,,,,,,,,,,,,,,,,,,,,,,,,,,,,very_weak,,,,,,,,,very_weak,,,,,,,,weak,very_weak,,,,,,,,,,,,,,,,,,,,weak,very_weak,33.67,9.245,28.935,46.415,15.755,33.03,29.615,24.215,32.97,45.47,38.065000000000005,27.34,37.87,15.515,33.105000000000004,17.134999999999998,36.05,27.61,2.25,27.175,32.24,39.57,24.78,30.195,28.95,1747.42031063689,97.2679459723317,360.049204383889,2362.93433387243,109.191199610902,1174.72383927404,934.948125263685,82.8277651463358,211.469488530873,777.538254335016,1215.33287827621,430.361858214121,2977.39016132521,184.357188446124,843.958636781926,16.7427943065956,394.135219615219,637.315816307675,109.989200225572,323.686055855865,372.012423846314,149.16064187716,106.712777299577,367.599134384831,Ubiquitin protein ligase E3 component n-recognin 4,Q5T4S7,609890.0,gene,23352.0,UBR4,ENSG00000127481,bacteria
sp|Q5T4S7|UBR4_HUMAN,sp,Q5T4S7,UBR4,HUMAN,0283361|tr|A0A416AEH7|A0A416AEH7_9BACT,283361,tr,A0A416AEH7,A0A416AEH7,KKLKEY,3484,3489,KKLKEY,86,91,ASEMEKKLKEYCAKVG,6,,,,,,,,,,,,,,,very_weak,,,,,,,,,,,,,,,,,,,,,,,,,,,,,,,,,,,,,,,,,,,,,,,,,,,,,,,,,,,,,,,,,,,,,very_weak,75.17,67.565,60.935,84.47,19.2,78.3,66.19999999999999,63.02,48.285,90.29,38.325,59.38,91.54,66.025,53.06,53.57,80.97,65.42,56.92,80.86,64.8,28.53,66.12,77.15,27.175,9387.94049704715,3339.90498041276,4174.30888396687,11813.0584890916,693.759140713616,14626.9209716929,9378.60020657778,3190.69772079265,4515.47875570655,8845.19063380069,7658.93891193666,5686.66506818636,13121.9612504965,5164.82502367758,4876.92832457951,989.176631158989,7540.20742108129,8054.39479130098,5531.91217397344,6057.39002369532,3985.71171670065,632.089797318276,2390.60456482155,5323.28644494988,Ubiquitin protein ligase E3 component n-recognin 4,Q5T4S7,609890.0,gene,23352.0,UBR4,ENSG00000127481,bacteria
sp|Q5T4S7|UBR4_HUMAN,sp,Q5T4S7,UBR4,HUMAN,0283361|tr|A0A3R6MG73|A0A3R6MG73_9BACT,283361,tr,A0A3R6MG73,A0A3R6MG73,EIARLL,4216,4221,EIARLL,49,54,LAAEIEIARLLLNALE,6,,,very_weak,,weak,very_weak,,,very_weak,,,,,,,,,,,,,,,,,,,,,very_weak,,weak,very_weak,,weak,very_weak,,,,,,,,weak,very_weak,,weak,very_weak,,,,,,very_weak,,weak,very_weak,,weak,very_weak,,weak,very_weak,,,,,weak,very_weak,,,,,,,,,very_weak,,,very_weak,,weak,very_weak,16.634999999999998,2.64,12.22,42.25,21.15,27.195,25.225,40.4,30.805,19.465,9.825,4.51,29.575000000000003,2.625,4.58,19.465,8.02,5.07,6.295,21.45,5.75,31.0,20.52,19.8,16.919999999999998,977.156244448898,79.6988966667639,336.218862431022,2599.31537944554,282.504288542578,3428.77124539732,1496.34916394217,489.763556077628,494.877235729107,803.251542133315,887.602184022098,152.591899243241,1973.03104896444,82.24373347899,456.962082302455,75.7448401206227,298.343961246739,280.512306139355,238.720808049233,536.913366359477,191.94753329813,779.054032363822,366.336513294159,229.330488473797,Ubiquitin protein ligase E3 component n-recognin 4,Q5T4S7,609890.0,gene,23352.0,UBR4,ENSG00000127481,bacteria
sp|Q5T4S7|UBR4_HUMAN,sp,Q5T4S7,UBR4,HUMAN,0283361|tr|A0A3R6NDR3|A0A3R6NDR3_9BACT,283361,tr,A0A3R6NDR3,A0A3R6NDR3,LSVLSR,754,759,LSVLSR,232,237,DQDATLSVLSRLKDST,6,,,,,,very_weak,,weak,very_weak,,,,,,,,,,,,very_weak,,,,,,,,,,,,,,,,,,very_weak,,,,,,,,,very_weak,,,,,,,,,very_weak,,,,,weak,very_weak,,,,,,,,,very_weak,,,,,,,strong,weak,very_weak,strong,weak,very_weak,45.085,15.405,6.225,53.025,25.52,39.68,16.59,31.335,20.71,28.395,25.9,33.035000000000004,29.935,26.065,11.925,40.145,12.725,27.0,8.14,39.635,27.445,15.81,37.135,25.045,1.875,7396.21842663831,487.991559844559,580.852319177557,6738.53818209943,979.686369123336,6883.48812484764,2610.2504347168,796.225357246452,1639.40989935258,1150.22337364898,4141.33380198711,2438.83288892554,2306.27909817457,1332.96808667233,1796.05100674541,345.33661461598,422.582307866446,2973.94518281278,919.548406546836,1704.47151721039,1270.87253178501,326.835760809421,704.416575965322,1073.75731958589,Ubiquitin protein ligase E3 component n-recognin 4,Q5T4S7,609890.0,gene,23352.0,UBR4,ENSG00000127481,bacteria
sp|Q5T4S7|UBR4_HUMAN,sp,Q5T4S7,UBR4,HUMAN,0283361|tr|A0A415ZP07|A0A415ZP07_9BACT,283361,tr,A0A415ZP07,A0A415ZP07,LEALLA,2790,2795,LEALLA,123,128,YTLNELEALLAKTLEK,6,,,very_weak,,,,,,,,,,,weak,very_weak,,,,,,,,,very_weak,,,,,,,,,very_weak,,,,,weak,very_weak,,,,,,very_weak,,,very_weak,,,,strong,weak,very_weak,,,very_weak,,,,,weak,very_weak,,,,,,very_weak,,,,,,very_weak,,,,,,,strong,weak,very_weak,18.875,27.02,34.175,43.67,8.32,33.165,51.785,12.515,36.6,46.23,10.215,21.01,28.92,19.79,14.235,1.43,18.96,22.55,2.41,34.925,15.56,20.58,17.475,33.989999999999995,31.62,1195.70294010672,311.340696429166,736.958560207665,2090.0238208207,271.479808609127,1036.89113918227,3088.25795346396,338.189031676024,504.822708544725,1549.08178863093,1591.24551232651,514.060644472808,1864.74475014787,288.806022136619,925.227026012354,10.0507002882362,414.490185159327,840.068502842586,175.59413753916,643.53129659689,411.189212414266,379.620115379851,281.177776984941,535.880308994402,Ubiquitin protein ligase E3 component n-recognin 4,Q5T4S7,609890.0,gene,23352.0,UBR4,ENSG00000127481,bacteria
sp|Q5T4S7|UBR4_HUMAN,sp,Q5T4S7,UBR4,HUMAN,0283361|tr|A0A415ZTG9|A0A415ZTG9_9BACT,283361,tr,A0A415ZTG9,A0A415ZTG9,QYLEKQ,1382,1387,QYLEKQ,105,110,EDQYKQYLEKQRSQSP,6,,,,,,,,,very_weak,,,,,,,,,,,,,,,,,,,,,,,,,,,,,,very_weak,,,,,,,,,very_weak,,,,,,,,,,,,,,,,,,,,,,,,,,,,,,,,weak,very_weak,,weak,very_weak,53.56999999999999,30.515,15.315,55.215,25.79,44.365,48.825,62.190000000000005,26.46,88.35,45.82,37.06,86.115,44.87,19.825,42.545,62.68000000000001,47.07,48.325,43.78,40.685,21.17,60.915000000000006,51.535,4.3,11249.6006775476,1441.78791609051,1430.76995440177,11601.5248431282,2812.12476634312,11310.3799335861,8845.28633731995,6468.50006585635,3200.55185922102,10993.0677038118,11621.1234230978,5346.08585819026,13651.2835138592,5829.13608644699,4399.35171179268,1579.78606942346,7543.79794407469,9162.65091050159,7594.65601186103,3200.75964153444,4481.94180309631,2699.19889135114,5295.08141253196,4084.68385069865,Ubiquitin protein ligase E3 component n-recognin 4,Q5T4S7,609890.0,gene,23352.0,UBR4,ENSG00000127481,bacteria
sp|Q5T4S7|UBR4_HUMAN,sp,Q5T4S7,UBR4,HUMAN,0283361|tr|A0A416A9W5|A0A416A9W5_9BACT,283361,tr,A0A416A9W5,A0A416A9W5,EFLDVA,5157,5162,EFLDVA,408,413,PFLDKEFLDVAMRLNP,6,,weak,very_weak,,weak,very_weak,,,,,weak,very_weak,,,,,,,,,very_weak,,,,,,,,,,,,very_weak,strong,weak,very_weak,,,,,,,,weak,very_weak,,weak,very_weak,,,very_weak,,,,,,,strong,weak,very_weak,,,,,,,,weak,very_weak,,,very_weak,,,,,,,,,,strong,weak,very_weak,7.949999999999999,4.34,27.015,3.715,46.945,22.380000000000003,16.87,37.28,29.77,55.455,10.805,0.305,22.98,3.49,4.975,26.845,32.805,1.3250000000000002,47.345,29.545,3.575,12.43,45.55,43.125,23.700000000000003,333.627860844811,147.241277380792,1147.17834671962,106.254231101437,1015.59496411775,2235.0135015711,512.705300914761,552.178187754021,356.861175927552,3950.121346281,1533.63885198442,14.8549580741424,1415.54125213409,66.631510196842,272.979044998429,214.328111185775,1421.05033212595,39.3392178101491,1603.51660127755,701.829981967447,80.2718047469342,469.333897047347,850.08973671262,684.432000640345,Ubiquitin protein ligase E3 component n-recognin 4,Q5T4S7,609890.0,gene,23352.0,UBR4,ENSG00000127481,bacteria
sp|Q5T4S7|UBR4_HUMAN,sp,Q5T4S7,UBR4,HUMAN,0283361|tr|A0A3R6IP55|A0A3R6IP55_9BACT,283361,tr,A0A3R6IP55,A0A3R6IP55,GKVADE,1775,1780,GKVADE,92,97,WGVYTGKVADEMDFTT,6,,,,,,,,,,,,,,,,,,,,,,,,,,,,,weak,very_weak,,,,,,,,,,,weak,very_weak,,,,,,,,weak,very_weak,,,,,,,,,,,,,,,,,,,,weak,very_weak,,,,,,,,,,,weak,very_weak,34.04,45.505,34.59,33.67,57.18,41.41,63.59,40.175,54.025000000000006,6.865,38.025,35.02,2.685,35.93,47.605,29.92,41.765,41.765,59.16,44.09,40.305,4.115,27.24,38.02,43.315,4439.08568126133,4958.65611487862,4626.05402451748,4713.10402759247,4060.97580936915,12865.8127866164,7825.46508263736,3777.86106142618,7233.34614052752,329.142451416915,12513.3897500703,5808.92574634811,761.791307743814,5427.15464113642,10723.1077415288,1003.41638209544,3156.66854590235,9330.6244816028,9740.04409915193,4561.98368687344,4346.64359027766,905.508769844092,1679.61036882296,3017.4423186105,Ubiquitin protein ligase E3 component n-recognin 4,Q5T4S7,609890.0,gene,23352.0,UBR4,ENSG00000127481,bacteria
sp|Q5T4S7|UBR4_HUMAN,sp,Q5T4S7,UBR4,HUMAN,0283361|tr|A0A416A4J5|A0A416A4J5_9BACT,283361,tr,A0A416A4J5,A0A416A4J5,QQELLL,3443,3448,QQELLL,14,19,QGIILQQELLLVVAKV,6,,,very_weak,strong,weak,very_weak,,,,,,,,weak,very_weak,,,,,,,,,,,,,,,,,,,,weak,very_weak,,,,,,,strong,weak,very_weak,,,very_weak,,,,,,very_weak,,,,strong,weak,very_weak,,weak,very_weak,,,,,weak,very_weak,,,,,,,,,,,,,strong,weak,very_weak,17.86,1.305,56.15,22.805,8.370000000000001,45.355,20.565,53.755,24.31,79.875,39.53,4.435,59.44499999999999,0.985,14.065,14.235,55.76,1.805,6.555,36.465,4.125,57.795,61.66499999999999,35.065,54.31999999999999,955.348795247153,55.316242719598,1504.07556227443,1339.90885568707,143.967716677098,5365.73079823696,1332.76618809599,845.42093340774,315.597169793011,5082.33801353296,2315.2297494751,85.7698835912225,3998.32398864713,42.3138635668306,646.196615683688,77.0191754727871,1671.12689612446,68.2979086165431,332.258960696596,1057.80949709763,105.664952544857,2019.61969847528,1154.337617708,705.881450186466,Ubiquitin protein ligase E3 component n-recognin 4,Q5T4S7,609890.0,gene,23352.0,UBR4,ENSG00000127481,bacteria
sp|Q5T4S7|UBR4_HUMAN,sp,Q5T4S7,UBR4,HUMAN,0283361|tr|A0A3R6LQB5|A0A3R6LQB5_9BACT,283361,tr,A0A3R6LQB5,A0A3R6LQB5,LKDSNS,2099,2104,LKDSNS,158,163,GGELALKDSNSTLPIG,6,,,,,,,,,very_weak,,weak,very_weak,,,,,,,,,,,,,,,very_weak,,,,,,,,,,,,,,,,,,,,,,,,,,,,,,,,,,,,,,,,,,,,,,,,,,,,,,,,weak,very_weak,69.91499999999999,37.2,14.34,8.95,25.39,21.45,21.25,32.185,19.04,70.78999999999999,49.215,44.21,65.485,64.285,68.985,32.239999999999995,60.88,61.125,46.065,24.585,68.25,41.02,42.54,42.870000000000005,35.99,9701.12955125416,2304.10917135346,1273.07452668627,669.150114171394,2131.79604475346,1505.57349398386,1885.37717750877,1298.82793795139,245.789540654712,4226.07022021257,8903.08820969243,6955.28418958723,6112.16515957835,7462.69644609517,11343.8379176192,628.795142156343,4983.23559593189,10234.313375467,6550.33920234207,1292.14191073819,6258.1149284309,1980.83838711344,1844.67738339327,3001.38967823569,Ubiquitin protein ligase E3 component n-recognin 4,Q5T4S7,609890.0,gene,23352.0,UBR4,ENSG00000127481,bacteria
sp|Q5T4S7|UBR4_HUMAN,sp,Q5T4S7,UBR4,HUMAN,0283361|tr|A0A3R6ME01|A0A3R6ME01_9BACT,283361,tr,A0A3R6ME01,A0A3R6ME01,LMVPTL,1858,1863,LMVPTL,259,264,SISIILMVPTLIASFY,6,,,,,weak,very_weak,,weak,very_weak,,,very_weak,,weak,very_weak,,,very_weak,,,very_weak,,,very_weak,,,very_weak,,,,,,,,,,,,,,,,,,very_weak,,,,,,,,weak,very_weak,,,,,,,,weak,very_weak,,weak,very_weak,,,,,,,,,,,weak,very_weak,,weak,very_weak,,weak,very_weak,22.020000000000003,6.55,6.494999999999999,19.955,4.04,14.995,16.45,16.84,15.71,52.7,35.41,27.645,45.1,18.41,40.635,4.295,37.335,26.325,8.545,4.435,28.125,42.17,32.065,5.859999999999999,9.96,1067.66370475018,72.3711861262447,100.047412892215,1231.54840256902,46.3568368645974,1019.06225080357,888.024845611196,96.8615118726979,110.600201137157,1374.93542271001,1850.25435789742,308.220238005049,3094.713644965,149.475681694143,1147.97300360754,22.707521442008,700.31289505421,343.700195691582,183.511385449959,97.1585560983332,332.63664686642,642.001287789869,261.484653545545,103.248693409606,Ubiquitin protein ligase E3 component n-recognin 4,Q5T4S7,609890.0,gene,23352.0,UBR4,ENSG00000127481,bacteria
sp|Q5T4S7|UBR4_HUMAN,sp,Q5T4S7,UBR4,HUMAN,0283361|tr|A0A416A3M2|A0A416A3M2_9BACT,283361,tr,A0A416A3M2,A0A416A3M2,ATANEN,1413,1418,ATANEN,478,483,FKGLLATANENLINAQ,6,,weak,very_weak,,,very_weak,,,,,,very_weak,,weak,very_weak,,weak,very_weak,,,very_weak,strong,weak,very_weak,,weak,very_weak,,,very_weak,,,very_weak,,,very_weak,,,,,weak,very_weak,,,very_weak,,,,strong,weak,very_weak,,weak,very_weak,,,,,,very_weak,,,very_weak,,,very_weak,,weak,very_weak,,,very_weak,strong,weak,very_weak,,,very_weak,,,,strong,weak,very_weak,8.93,18.635,24.82,10.885,5.609999999999999,8.265,17.655,1.265,7.095000000000001,11.99,13.175,16.93,6.075,10.18,24.755,7.745,22.1,13.045000000000002,12.53,10.35,9.925,16.17,2.0,10.53,34.745000000000005,1041.23070266682,545.025708579731,807.093433262896,1137.41448494278,180.991312879149,456.808836923286,1818.02691515372,40.9039743486256,69.7059198471105,709.618397766641,1414.65321194175,700.646372558455,1089.13216454176,452.759158836559,2287.29325833341,31.0632724142338,929.280221722511,1175.00349808973,1040.55496890849,247.098774908551,570.05008498244,376.258797771888,105.951157294083,223.611636554283,Ubiquitin protein ligase E3 component n-recognin 4,Q5T4S7,609890.0,gene,23352.0,UBR4,ENSG00000127481,bacteria
sp|Q5T4S7|UBR4_HUMAN,sp,Q5T4S7,UBR4,HUMAN,0283361|tr|A0A3R6IMK1|A0A3R6IMK1_9BACT,283361,tr,A0A3R6IMK1,A0A3R6IMK1,EKERNK,2497,2502,EKERNK,2,7,MEKERNKITSVC,6,,,,,,,,,,,,,,,,,,,,,,,,,,,,,,,,,,,,,,,,,,,,,,,,,,,,,,,,,,,,,,,,,,,,,,,,,,,,,,,,,,,,,95.0,95.0,92.005,94.695,95.0,65.595,95.0,95.0,76.56,95.0,95.0,95.0,95.0,95.0,95.0,95.0,95.0,95.0,95.0,95.0,95.0,90.935,95.0,95.0,95.0,28424.8294129961,20340.5842776954,17821.4078905005,21664.5174913309,25423.6200430736,10500.7124196734,28339.1522474515,21635.704819072,7027.2968439578,20191.4786526436,30110.6327739483,23017.0232314401,25432.1488892308,24297.3048680242,26796.2723743069,19539.8329757618,24588.4792312057,27421.290435356,27085.1386349783,21751.6566259242,21966.1681916947,14800.2855060897,22931.264905961,26128.6147505925,Ubiquitin protein ligase E3 component n-recognin 4,Q5T4S7,609890.0,gene,23352.0,UBR4,ENSG00000127481,bacteria
sp|Q5T4S7|UBR4_HUMAN,sp,Q5T4S7,UBR4,HUMAN,0283361|tr|A0A3R6LVQ3|A0A3R6LVQ3_9BACT,283361,tr,A0A3R6LVQ3,A0A3R6LVQ3,IDAVKI,2417,2422,IDAVKI,369,374,PTDGKIDAVKIVVDYL,6,,,very_weak,,,very_weak,,,,,weak,very_weak,,,,,,,,,very_weak,,,,,,,,,,,,,,,,,,,strong,weak,very_weak,,,,,,,,weak,very_weak,,,,,,very_weak,,,,,,very_weak,,,,,,very_weak,,,very_weak,,,,,weak,very_weak,,,,strong,weak,very_weak,15.885,16.805,31.05,7.77,38.15,44.085,15.11,21.09,31.86,22.08,30.64,42.655,1.975,21.64,31.705,41.25,10.235,29.235,17.799999999999997,31.19,19.22,15.925,29.01,6.859999999999999,36.86,2189.37026408204,668.701381234931,1914.09155318397,1048.62472136765,2069.12102068172,9135.62620950611,1933.9094081696,912.629945950654,1105.98292580103,1089.15573313385,5787.09462386702,3123.54298613307,777.58031943044,1473.5348373655,4169.38879027668,526.842762453725,595.959001071671,3683.41279189465,1319.17994928122,1953.27718581219,1222.82486734526,1377.03460954727,1162.76126732063,412.646604257714,Ubiquitin protein ligase E3 component n-recognin 4,Q5T4S7,609890.0,gene,23352.0,UBR4,ENSG00000127481,bacteria
sp|Q5T4S7|UBR4_HUMAN,sp,Q5T4S7,UBR4,HUMAN,0283361|tr|A0A3R6LR20|A0A3R6LR20_9BACT,283361,tr,A0A3R6LR20,A0A3R6LR20,LLQQLG,731,736,LLQQLG,122,127,SLNEYLLQQLGLRDLP,6,,,very_weak,,weak,very_weak,,,,,,,,,,,,,,,,,,,,,,,,,,,,,,,,weak,very_weak,,,,,,very_weak,,,very_weak,,,,,,,,,,,,very_weak,,,very_weak,,,,,,very_weak,,,,,,,,,very_weak,,,,,weak,very_weak,13.435,8.610000000000001,34.025,34.095,32.96,27.245,33.2,54.06,36.23,79.425,31.795,29.465000000000003,55.795,10.185,13.845,20.14,29.125,16.22,10.83,21.73,11.425,36.24,48.465,10.27,22.635,414.55297560152,103.066762026778,951.57305786826,2579.7866695443,282.773400409846,2842.19370196575,1683.01216228997,891.644899445841,1073.6876149517,5970.58811284804,3283.64900549249,432.499791367235,3630.9047721281,159.094587833642,511.314803123579,70.9431042284339,897.131788628522,519.860940622487,323.994397224235,495.145031258211,260.7190616934,631.392596821126,709.280649964723,203.891015564746,Ubiquitin protein ligase E3 component n-recognin 4,Q5T4S7,609890.0,gene,23352.0,UBR4,ENSG00000127481,bacteria
sp|Q5T4S7|UBR4_HUMAN,sp,Q5T4S7,UBR4,HUMAN,0283361|tr|A0A3R6IR18|A0A3R6IR18_9BACT,283361,tr,A0A3R6IR18,A0A3R6IR18,KGNLLL,4582,4587,KGNLLL,696,701,YASGLKGNLLLIHGTG,6,,,,,,very_weak,,,,,,,,,,,,very_weak,,,,,,,,,,,,,,,,,weak,very_weak,,,,,,,,weak,very_weak,,,very_weak,,,,,,,,,,,,very_weak,,,,,,,,,,,,,,,,,,,,,,,weak,very_weak,47.755,18.235,29.885,42.04,48.585,10.580000000000002,23.065,46.900000000000006,22.975,52.3,30.985,9.9,77.35,9.485,16.085,32.365,21.44,15.355,41.655,46.535,23.225,41.1,46.25,57.6,24.77,5834.18386757032,347.67229593219,1025.37760089376,3488.04179436542,727.121434245154,548.854490529766,1623.32991325744,527.761314095477,374.103275240765,1494.08425651439,3199.23621776641,371.702620836458,6983.25976972068,326.266913649433,1240.49522294214,54.878082801204,670.788368970251,980.768164866653,1234.49676901474,1251.94290048002,688.748091379677,414.266011207382,555.966976646005,1416.55245875019,Ubiquitin protein ligase E3 component n-recognin 4,Q5T4S7,609890.0,gene,23352.0,UBR4,ENSG00000127481,bacteria
sp|Q5T4S7|UBR4_HUMAN,sp,Q5T4S7,UBR4,HUMAN,0283361|tr|A0A416ACA1|A0A416ACA1_9BACT,283361,tr,A0A416ACA1,A0A416ACA1,TLLSTS,536,541,TLLSTS,17,22,GVLLCTLLSTSAILAT,6,,,,,,,,,,,,,,,,,,,,,,,,,,,,,,,,,,,,,,,,,,,,,,,,,,,,,,,,,,,,,,,,,,,,,,,,,,,,,,,,,,,,,56.82,51.53,51.605,58.81,42.33,53.265,59.8,26.015,51.785,50.18,54.25,56.13,54.025,47.035,60.95,27.115,49.165,54.115,40.795,42.22,57.45,48.175,42.47,35.485,52.695,3250.7381450796,403.660144758145,645.882065580614,3530.79676751449,217.863250664693,2850.5705407023,3355.84318263637,110.471036296054,499.201002328136,607.291622743331,3489.02316820658,961.425322686884,3784.52966606188,453.10220148779,2895.61354930459,23.9099749383108,596.352467702401,1507.3501483139,382.11738117266,273.360321904288,1029.7135424123,553.146896666,279.715214487818,193.457062784047,Ubiquitin protein ligase E3 component n-recognin 4,Q5T4S7,609890.0,gene,23352.0,UBR4,ENSG00000127481,bacteria
sp|Q5T4S7|UBR4_HUMAN,sp,Q5T4S7,UBR4,HUMAN,0283361|tr|A0A3R6IK04|A0A3R6IK04_9BACT,283361,tr,A0A3R6IK04,A0A3R6IK04,TREEAL,2390,2395,TREEAL,20,25,TKRKITREEALAKFQA,6,,,,,weak,very_weak,,,,,,very_weak,,,very_weak,,,very_weak,strong,weak,very_weak,,,,,,very_weak,,,,,weak,very_weak,,,,strong,weak,very_weak,,,,,,very_weak,,weak,very_weak,,,,,,very_weak,,,,,,,,,very_weak,,,very_weak,,,very_weak,,,very_weak,,,,,,,,,very_weak,strong,weak,very_weak,48.1,6.315,21.305,10.46,13.805,14.09,1.155,34.760000000000005,10.82,53.095,3.5,29.015,50.28,16.085,3.52,13.38,52.27,23.33,10.24,11.275,12.18,17.285,37.625,29.215000000000003,14.39,7987.13842519917,275.381953108053,1066.01306254645,1277.14446182574,518.092150819435,2678.80381580857,79.355570852282,1445.56802060948,474.773340862229,3685.12690012731,1114.60832591806,2237.16676735833,5121.97442913584,1126.89211333028,847.756707276229,132.240385125639,2951.98512450824,2572.81791888908,1115.33214973866,490.023282442335,792.100885447592,1069.49046351184,1291.17760320191,1355.2327089148,Ubiquitin protein ligase E3 component n-recognin 4,Q5T4S7,609890.0,gene,23352.0,UBR4,ENSG00000127481,bacteria
sp|Q5T4S7|UBR4_HUMAN,sp,Q5T4S7,UBR4,HUMAN,0283361|tr|A0A416A9Z3|A0A416A9Z3_9BACT,283361,tr,A0A416A9Z3,A0A416A9Z3,YYFTVL,5036,5041,YYFTVL,100,105,PFTGEYYFTVLQGQDK,6,,weak,very_weak,,,,,,very_weak,,,,,,,,,,,,,,,very_weak,,,,,,,,,very_weak,strong,weak,very_weak,,weak,very_weak,,weak,very_weak,strong,weak,very_weak,,weak,very_weak,,weak,very_weak,,,very_weak,,weak,very_weak,strong,weak,very_weak,,,,,,very_weak,strong,weak,very_weak,strong,weak,very_weak,,,very_weak,,weak,very_weak,,,very_weak,strong,weak,very_weak,3.17,25.495,13.625,24.85,26.525,23.02,56.205,13.6,42.43,27.450000000000003,14.96,1.98,2.23,1.095,4.305,13.91,8.1,0.895,32.715,10.125,1.19,0.43,10.22,3.97,10.71,471.420538279533,1369.47175652325,1052.47803953896,2648.97265368085,866.357956692384,5005.3367210542,7132.93356081705,590.349886049063,3162.1722052139,1813.60640226514,3617.76792374687,42.6960330029678,858.306017292643,71.0883269200015,464.60981994147,68.6914301133994,580.789475644289,28.5137841540859,2546.59057384899,500.293246816749,78.2573516773736,319.776870093523,427.988993370187,191.843719893986,Ubiquitin protein ligase E3 component n-recognin 4,Q5T4S7,609890.0,gene,23352.0,UBR4,ENSG00000127481,bacteria
sp|Q5T4S7|UBR4_HUMAN,sp,Q5T4S7,UBR4,HUMAN,0283361|tr|A0A416AG08|A0A416AG08_9BACT,283361,tr,A0A416AG08,A0A416AG08,EAYTQL,3154,3159,EAYTQL,170,175,AIRELEAYTQLRQHFY,6,,weak,very_weak,,,very_weak,,,,,,,,weak,very_weak,,,,,,,,,,,,,,,,,,,,,,,,,,,,,,,,,very_weak,,,,,,,,,very_weak,,,,,weak,very_weak,,,,,,,,weak,very_weak,,,,,,,,,very_weak,,weak,very_weak,4.77,17.98,20.26,36.39,3.795,47.19,21.185,35.275000000000006,26.26,72.59,40.15,20.455,33.805,24.19,15.025,30.68,13.615,30.895,4.67,36.69,24.575,8.6,30.705,26.39,18.08,582.822762843177,469.806396981289,1289.9069356134,3359.91230932279,181.872722483688,7812.09868303722,1944.42103263862,1314.25064266031,1707.20312030026,4167.76507948212,4605.27881687206,944.894035925042,2867.27426270467,835.436658781956,1075.48977029649,255.665629685242,696.564655514009,1659.09218300097,409.73253457136,1649.92667673791,635.003095820743,424.47487120222,996.545979210461,943.035181750498,Ubiquitin protein ligase E3 component n-recognin 4,Q5T4S7,609890.0,gene,23352.0,UBR4,ENSG00000127481,bacteria
sp|Q5T4S7|UBR4_HUMAN,sp,Q5T4S7,UBR4,HUMAN,0283361|tr|A0A416A5E5|A0A416A5E5_9BACT,283361,tr,A0A416A5E5,A0A416A5E5,SEKLLR,253,258,SEKLLR,307,312,EALDHSEKLLRNIYTN,6,,,,,,,,,,,,,,,,,,,,weak,very_weak,,,,,,,,,,,,,,,,,,,,,,,,,,,,,,,,,,,,,,,,,,,,,,,,,,,,,,,,,,,,,,weak,very_weak,67.45,29.5,55.055,43.65,53.17,43.605,2.415,69.175,21.96,71.61,60.425,27.75,69.625,28.630000000000003,21.06,39.69,39.67,34.185,23.445,55.355,22.125,33.005,74.555,55.9,26.485,9464.84163238811,765.592268777762,2072.75096481416,3591.71436718534,1332.27599028821,6301.73698800991,129.395500764316,2651.55342674106,1232.8816317674,7043.28209424725,7596.29963957539,1922.37272405115,7156.27906302509,1509.43917144051,2083.67905088077,241.223760177637,3294.0396903131,3492.04451219755,1205.73231866076,1881.66814654471,1293.24685733427,1178.26260864848,2815.86972542448,1767.82541870004,Ubiquitin protein ligase E3 component n-recognin 4,Q5T4S7,609890.0,gene,23352.0,UBR4,ENSG00000127481,bacteria
sp|Q5T4S7|UBR4_HUMAN,sp,Q5T4S7,UBR4,HUMAN,0283361|tr|A0A415ZSL4|A0A415ZSL4_9BACT,283361,tr,A0A415ZSL4,A0A415ZSL4,KKLLEE,3241,3246,KKLLEE,160,165,LNKEQKKLLEETYKGF,6,,,,,,,,,,,,,,,,,,,,,,,,,,,,,,,,,,,,,,,,,,,,,,,,,,,,,,,,,,,,,,,very_weak,,,,,,,,,,,,,,,,,,,,,very_weak,71.735,46.305,65.81,50.835,54.575,79.67,60.345,75.905,70.625,95.0,49.305,26.465,86.33500000000001,37.025,22.145,62.84,78.44,22.68,18.46,62.77,28.395,65.915,74.735,68.56,55.59,12437.2611223561,1810.29317593659,5662.10686729084,4791.93089733588,4134.43906745869,17109.8297939813,6970.35141267622,6076.16338586488,5598.50844109947,26803.8116075784,9661.42962270127,1069.13180252454,12049.8118363688,1818.45972092218,2552.85291594137,1717.41134839672,9060.41955468289,1376.46855597388,2197.17766865062,3382.16128972071,1159.21888330095,6525.22746822923,5872.81720991895,4824.60208060614,Ubiquitin protein ligase E3 component n-recognin 4,Q5T4S7,609890.0,gene,23352.0,UBR4,ENSG00000127481,bacteria
sp|Q5T4S7|UBR4_HUMAN,sp,Q5T4S7,UBR4,HUMAN,0283361|tr|A0A3R6JCB5|A0A3R6JCB5_9BACT,283361,tr,A0A3R6JCB5,A0A3R6JCB5,EEKEKE,3373,3378,EEKEKE,339,344,NVLLEEEKEKEKEKEE,6,,,,,,,,,,,,,,,,,,,,,very_weak,,,,,,,,,,,,,,,,,,,,,,,,,,,,,,,,,,,,,,,,,,,,,,,,,,,,,,,,,,,,,,,very_weak,73.495,53.72,60.36,59.900000000000006,63.255,95.0,15.81,95.0,56.395,95.0,80.38,76.00999999999999,87.68,57.535,41.395,78.425,95.0,63.035,58.37,74.205,61.695,95.0,95.0,70.3,50.38,14423.4033521128,6551.89859872311,14630.5614056077,13754.1758152251,15100.5018751262,35823.3787441231,3072.1609605194,30923.841983017,13494.8817463551,26893.8660529856,25260.7476981331,14754.3978131314,12852.3169614597,10365.0309392489,11470.4684802355,12113.3416009521,26346.3523408282,16272.5856217992,13841.2104191857,14349.3106918766,7168.75605303167,27285.1510558247,28163.0864092074,12019.4724192609,Ubiquitin protein ligase E3 component n-recognin 4,Q5T4S7,609890.0,gene,23352.0,UBR4,ENSG00000127481,bacteria
sp|Q5T4S7|UBR4_HUMAN,sp,Q5T4S7,UBR4,HUMAN,0283361|tr|A0A3R6LX78|A0A3R6LX78_9BACT,283361,tr,A0A3R6LX78,A0A3R6LX78,VLNGYL,4266,4271,VLNGYL,351,356,RGIVSVLNGYLAQPTT,6,,weak,very_weak,,weak,very_weak,,,very_weak,,,,strong,weak,very_weak,,,very_weak,,,,,weak,very_weak,,,very_weak,,,,,,,,,very_weak,,weak,very_weak,,,very_weak,,,very_weak,,,very_weak,,,,strong,weak,very_weak,,,,,,very_weak,strong,weak,very_weak,,,very_weak,,,,,weak,very_weak,,,very_weak,,weak,very_weak,,,very_weak,strong,weak,very_weak,2.2350000000000003,8.63,12.08,22.345,0.52,15.685,24.02,6.48,11.105,24.94,27.225,19.685,15.64,14.85,16.835,0.5900000000000001,20.35,18.295,0.5900000000000001,10.38,20.915,8.13,12.665,9.955,13.78,279.94229085497,239.046476172263,273.58815955125,2029.2793861294,16.7351875955531,1049.80535774955,1997.82080294346,75.4471133639127,109.719388363722,427.618693974287,2814.31633266026,531.250345098561,1284.14186333238,454.909905199549,1280.82545604501,9.71938786243944,464.499239647698,1012.4899712917,92.0261002402473,230.093515682273,663.49073835995,95.4662634736166,146.301165606575,151.542181810726,Ubiquitin protein ligase E3 component n-recognin 4,Q5T4S7,609890.0,gene,23352.0,UBR4,ENSG00000127481,bacteria
sp|Q5T4S7|UBR4_HUMAN,sp,Q5T4S7,UBR4,HUMAN,0283361|tr|A0A3R6JAU0|A0A3R6JAU0_9BACT,283361,tr,A0A3R6JAU0,A0A3R6JAU0,LVTSQA,5063,5068,LVTSQA,210,215,NDNYQLVTSQATLQDY,6,,,,,weak,very_weak,,weak,very_weak,,,very_weak,,,very_weak,,weak,very_weak,,weak,very_weak,strong,weak,very_weak,,weak,very_weak,,,very_weak,,,very_weak,,,,,,very_weak,,weak,very_weak,,,very_weak,,,,,weak,very_weak,strong,weak,very_weak,,weak,very_weak,,,,,,very_weak,,weak,very_weak,,,,,weak,very_weak,,weak,very_weak,strong,weak,very_weak,,weak,very_weak,strong,weak,very_weak,21.380000000000003,3.215,7.654999999999999,16.66,18.915,3.715,7.65,1.465,7.26,13.98,12.005,31.74,3.365,19.46,28.68,0.805,9.62,28.435,17.11,2.395,21.46,5.14,2.99,0.93,8.83,3475.38423039056,213.492591259183,359.162090264535,1990.29105207585,661.83450095644,518.770877721337,864.214013414223,73.807249305843,189.037336595614,641.848487121525,2690.45167540684,2380.82149472438,937.916796317385,1356.43563449641,4248.07538112515,14.4907876811996,428.540407057308,3386.8485968869,1637.60161609646,97.9205193798078,1596.55717042002,293.55689915704,108.488162189474,72.1795953311765,Ubiquitin protein ligase E3 component n-recognin 4,Q5T4S7,609890.0,gene,23352.0,UBR4,ENSG00000127481,bacteria
sp|Q5T4S7|UBR4_HUMAN,sp,Q5T4S7,UBR4,HUMAN,0283361|tr|A0A3R6IN55|A0A3R6IN55_9BACT,283361,tr,A0A3R6IN55,A0A3R6IN55,EERAIE,1626,1631,EERAIE,361,366,FLELLEERAIECFAKH,6,,,,,,,,,,,,,,,,,,,,,,,,,,,,,,,,,,,,,,,,,,,,,,,,,,,,,weak,very_weak,,,,,,,,,,,,,,,,,,,,,,,,,,,,,weak,very_weak,32.485,40.675,59.72,56.43,39.16,47.25,42.925,56.625,55.075,64.06,40.16,33.725,48.985,24.195,27.875,8.105,57.81999999999999,35.63,31.175,39.465,33.865,40.755,63.35,48.53,59.98,1297.78842991149,755.773513775379,2431.29769110625,3670.48308274826,1138.62116868557,6370.08381155751,2990.65988649986,1763.01185924243,1744.49222806522,3847.49304265578,3818.58674830181,855.413457936438,2592.12559328369,519.354956810476,978.997612043548,82.0339946586806,1844.01885395539,1253.14905239511,938.759462933777,1168.27210329104,513.64366201801,953.294012386712,1568.78253323615,1309.45309413826,Ubiquitin protein ligase E3 component n-recognin 4,Q5T4S7,609890.0,gene,23352.0,UBR4,ENSG00000127481,bacteria
sp|Q5T4S7|UBR4_HUMAN,sp,Q5T4S7,UBR4,HUMAN,0283361|tr|A0A416A2B4|A0A416A2B4_9BACT,283361,tr,A0A416A2B4,A0A416A2B4,LERLLQ,2978,2983,LERLLQ,196,201,ELFSKLERLLQAEPGS,6,,,,,,,,weak,very_weak,,,,,,,,,,,,,,,,,,,,,,,,,,,,,,,,,,,,very_weak,,,very_weak,,,,,,,,,,,,,,,,,,,,,,,,,,,,,,,strong,weak,very_weak,strong,weak,very_weak,45.79,21.755000000000003,2.46,54.975,38.53,43.985,32.025,57.385,20.76,68.1,44.87,20.97,43.72,18.62,10.07,20.92,20.39,32.935,23.07,30.615,20.205,28.425,55.325,35.075,0.32,3301.568485454,360.899459001145,252.004688437199,5700.34080316361,916.389962732918,6202.83714817599,3176.78101191193,1973.97057396055,1523.51709760446,4716.87914949727,4304.98802470466,602.905131664419,3042.22547145035,357.936194036557,654.605949752668,200.04292811719,766.23865750807,1201.99399385575,1142.60737012991,1081.10154612476,437.261519813023,594.304129899715,1568.79950720716,919.200246627905,Ubiquitin protein ligase E3 component n-recognin 4,Q5T4S7,609890.0,gene,23352.0,UBR4,ENSG00000127481,bacteria
sp|Q5T4S7|UBR4_HUMAN,sp,Q5T4S7,UBR4,HUMAN,0283361|tr|A0A3R6LUI8|A0A3R6LUI8_9BACT,283361,tr,A0A3R6LUI8,A0A3R6LUI8,QELGGS,248,253,QELGGS,451,456,LNKYQQELGGSVFFVL,6,,,,,,,,,,,,very_weak,,,,,,very_weak,,,,,,very_weak,,,,,weak,very_weak,,,,,weak,very_weak,,,very_weak,,,,,,very_weak,,,,,,,strong,weak,very_weak,,,,,weak,very_weak,,,,,,,,,very_weak,,,,,,very_weak,,,,,,,strong,weak,very_weak,47.12,58.73,62.145,12.64,39.42,17.22,66.89,12.735,46.290000000000006,9.65,33.745,7.265,26.255,12.665,23.845,1.295,39.305,3.895,41.995,22.505000000000003,10.64,50.425,18.63,28.285,44.23,2287.61500503791,1531.68205278918,2832.21688427509,1030.01440070571,1086.68381354219,2175.74457602027,6598.35374448681,267.771988350022,1181.5435429815,85.8311541996337,2538.64003604096,50.3843735853753,1149.01682620425,164.199450451673,1032.16754183343,11.2306024963231,537.890213550958,56.0415622517517,1839.27641643244,558.734930866485,149.927588392466,1099.45658759852,209.72408285695,678.79024869792,Ubiquitin protein ligase E3 component n-recognin 4,Q5T4S7,609890.0,gene,23352.0,UBR4,ENSG00000127481,bacteria
sp|Q5T4S7|UBR4_HUMAN,sp,Q5T4S7,UBR4,HUMAN,0283361|tr|A0A3R6QWG4|A0A3R6QWG4_9BACT,283361,tr,A0A3R6QWG4,A0A3R6QWG4,APPPPP,607,612,APPPPP,376,381,RFTYVAPPPPPTVYHT,6,,,,,,,,,,,,,,,,,,very_weak,,,,,,,,,,,,,,,,,,,,,very_weak,,,,,,,,,,,,,,,very_weak,,,,,,,,,,,,very_weak,,,,,,,,,very_weak,,,,,,,,,very_weak,74.94999999999999,66.455,28.785,37.91,60.855,10.685,71.8,26.57,55.665,31.195,25.015,52.94499999999999,64.49000000000001,74.32,72.91499999999999,15.315,76.435,51.565,78.41,16.634999999999998,62.56,29.47,16.785,22.075,34.665,9351.14092816382,3700.42965940652,1310.31762692679,5741.31717099857,3557.40904940698,1822.59623805326,12932.9450450544,763.243354554164,3912.85846940129,904.245786322602,6480.19858371989,7915.56041951139,6202.09894555694,8812.80674309941,12472.4331156088,124.967732622786,6952.87645817843,10451.1796921913,10733.3225087527,559.872620529383,7206.16175697069,793.782457620765,319.496739763223,589.800820422273,Ubiquitin protein ligase E3 component n-recognin 4,Q5T4S7,609890.0,gene,23352.0,UBR4,ENSG00000127481,bacteria
sp|Q5T4S7|UBR4_HUMAN,sp,Q5T4S7,UBR4,HUMAN,0283361|tr|A0A415ZWG7|A0A415ZWG7_9BACT,283361,tr,A0A415ZWG7,A0A415ZWG7,DLLNSV,5177,5182,DLLNSV,329,334,VYGTKDLLNSVKDNLQ,6,,,,,,,,,,,,,,,,,,,,,very_weak,,,,,,,,,,,,,,,very_weak,,,,,,,,,,,,,,,,,,,,,,,,,,,,,,,,,,,,very_weak,,,,,,very_weak,,,,,,very_weak,21.24,20.89,26.15,29.47,47.31,35.17,11.63,56.29,32.76,61.315,41.745,16.97,21.335,26.76,43.2,63.08,38.535,30.31,32.504999999999995,38.485,32.105,18.385,66.74,14.805,49.7,2516.107391755,996.481286871082,2535.20891651926,2547.69295419761,3217.18233341844,5275.52389027209,1500.97048287895,2546.86612420959,1680.81021595907,4006.1185526062,9315.19110045179,1866.72305902668,2648.08430247088,2294.43180045576,4883.00033898826,981.224573876639,1961.30342703622,4836.15233300283,3536.14916165816,1401.76322236099,2309.15052850586,1715.70265405055,3071.59593077811,724.843495015442,Ubiquitin protein ligase E3 component n-recognin 4,Q5T4S7,609890.0,gene,23352.0,UBR4,ENSG00000127481,bacteria
sp|Q5T4S7|UBR4_HUMAN,sp,Q5T4S7,UBR4,HUMAN,0283361|tr|A0A3R6J9G4|A0A3R6J9G4_9BACT,283361,tr,A0A3R6J9G4,A0A3R6J9G4,IKKITD,3171,3176,IKKITD,565,570,NSNHLIKKITDQNEEY,6,,,very_weak,,,very_weak,,,very_weak,,,very_weak,,,,,,,,,,,,,,,,,,,,,,,,,,,,,,,,,,,,,,,,,,,,,,,,,,,,,,very_weak,,,,,,very_weak,,,,,weak,very_weak,,,,,weak,very_weak,19.86,11.745,18.28,18.985,32.915,39.815,24.86,44.955,36.39,73.75,49.015,47.2,20.97,51.095,41.815,51.225,43.935,53.900000000000006,28.92,16.72,47.53,16.35,57.845,4.045,20.61,3620.39148551182,789.790266034442,1805.09053206005,1714.55210162032,3357.98612582803,11144.3232797,3109.04444125373,5587.61562014408,3313.95154456499,8067.56470843244,16332.5582268186,9036.43358624642,2991.27475695996,7968.49370226874,9454.70871902485,2562.56642616305,4503.47604256587,11949.5805308449,3962.36375734539,1289.93484892951,4889.02701487758,2011.6812722847,5933.81497274425,302.992640498748,Ubiquitin protein ligase E3 component n-recognin 4,Q5T4S7,609890.0,gene,23352.0,UBR4,ENSG00000127481,bacteria
sp|Q5T4S7|UBR4_HUMAN,sp,Q5T4S7,UBR4,HUMAN,0283361|tr|A0A3R6IKV6|A0A3R6IKV6_9BACT,283361,tr,A0A3R6IKV6,A0A3R6IKV6,LNQLTS,194,199,LNQLTS,187,192,MIVDSLNQLTSFYGQY,6,,,,,,,,,,,,,,weak,very_weak,,,,,,,,,,,,,,,,,,,,,,,,,,,,,,,,,,,,,,weak,very_weak,,,,,,,,weak,very_weak,,,very_weak,,,,,,,,,,,,very_weak,,,,,weak,very_weak,29.055,35.165,24.825,32.785000000000004,5.035,38.305,34.11,26.275,28.29,59.595,68.855,53.075,46.885,45.695,55.76,4.52,36.195,53.545,8.325000000000001,14.495,55.31,40.73,34.25,14.305,23.55,2068.91954361541,639.733857425354,1026.18780897642,648.697480938613,174.439020976277,1437.76877342344,816.906897998563,550.990552115863,151.221150382596,2884.82488359721,7925.5014312733,1384.60926547005,3181.80329935644,1001.07406380419,3319.54983834445,37.8982339981416,986.07772065091,1994.71052570124,668.715851792865,420.698182712113,1261.99333290405,1063.13345264854,591.974531009227,385.218311462963,Ubiquitin protein ligase E3 component n-recognin 4,Q5T4S7,609890.0,gene,23352.0,UBR4,ENSG00000127481,bacteria
sp|Q5T4S7|UBR4_HUMAN,sp,Q5T4S7,UBR4,HUMAN,0283361|tr|A0A3R6IR20|A0A3R6IR20_9BACT,283361,tr,A0A3R6IR20,A0A3R6IR20,ALQGVVP,794,800,ALQGVVP,157,163,NSTIDALQGVVPGMNIS,7,,,,,,,,,,,,,,,,,,,,,,,,,,,,,weak,very_weak,,weak,very_weak,,,,,,,,,,,,,,,,,,,,weak,very_weak,,,,,,,,,very_weak,,,,,,,,,,,,,,,,,,,,weak,very_weak,54.13,32.595,26.72,53.33,42.79,39.45,60.63,40.065,56.615,9.96,9.86,60.315,28.78,53.555,47.46,4.785,22.05,65.425,19.3,35.315,56.64,24.525,29.865,32.33,35.67,5440.91267299729,801.853508584702,830.974195944135,4494.13024383641,2023.03146362719,5320.98307226233,6882.14765470817,822.156232753098,1992.8553089714,259.41062701413,1931.8389946068,4923.95822011115,2121.30405321838,3538.29239048684,5436.91102139774,54.820517451645,397.505675874534,6939.04816866038,2175.6739539447,1168.41115646223,2936.97973422325,514.238659998781,437.04394461812,1083.92426899095,Ubiquitin protein ligase E3 component n-recognin 4,Q5T4S7,609890.0,gene,23352.0,UBR4,ENSG00000127481,bacteria
sp|Q5T4S7|UBR4_HUMAN,sp,Q5T4S7,UBR4,HUMAN,0283361|tr|A0A3R6LT51|A0A3R6LT51_9BACT,283361,tr,A0A3R6LT51,A0A3R6LT51,QKAVEI,3491,3496,QKAVEI,153,158,CYLQEQKAVEICRELN,6,,,,,,,,,,,,,,,,,,,,,,,,,,,,,,,,,,,,,,,,,weak,very_weak,,,,,,,,,,,,very_weak,,,,,,,,,,,,,,,,,,,,,,,,,,,,,weak,very_weak,56.275000000000006,43.985,63.58,65.275,55.775,62.75,63.395,38.085,46.085,61.31,24.865,66.875,9.325,55.5,33.445,12.42,21.885,61.16,43.035,58.83,45.49,41.655,53.03,52.875,54.11,5267.99470833601,705.072341293907,2857.82776025956,5173.9418693041,2048.7154203072,7905.37526944228,4615.95438386781,782.07753502379,594.812335941105,4226.16167148764,5172.9343111514,3740.03735335289,1416.79770851447,2301.46811141418,3696.62801984902,84.8340234789196,1089.74511372114,4927.15582609388,2061.03262127181,2025.92284313597,1881.91247319153,1352.0106154577,1106.05472707188,1269.07248453987,Ubiquitin protein ligase E3 component n-recognin 4,Q5T4S7,609890.0,gene,23352.0,UBR4,ENSG00000127481,bacteria
sp|Q5T4S7|UBR4_HUMAN,sp,Q5T4S7,UBR4,HUMAN,0283361|tr|A0A415ZW16|A0A415ZW16_9BACT,283361,tr,A0A415ZW16,A0A415ZW16,LPQLVA,49,54,LPQLVA,302,307,ETLTDLPQLVAEVQAE,6,,,,,,,,,,,,very_weak,,,,,,,,,,,,,,,,,,,,,,,,,,,,,weak,very_weak,,,,,,,,,very_weak,,,,,,,,,,,,very_weak,,,,,,,,,,,,,,,,,,,,weak,very_weak,37.41,22.64,38.370000000000005,18.825,45.97,52.46,30.03,68.345,48.875,49.255,55.75,58.67,6.965000000000001,33.945,53.84,34.12,35.64,52.185,12.32,43.665,45.72,33.325,59.125,47.36,36.86,3763.37804924021,857.470622831228,2897.77611931883,584.629075919389,3494.76595870749,7432.55893875921,1124.72389724504,3674.97348813834,1737.56003107465,2351.86451624117,7869.78776451261,3442.78596071031,490.373335670739,1979.08172346624,5904.41905119003,437.299370032697,1611.63941275975,4317.90976618615,1401.11120305614,2142.20085644191,2242.207211895,1637.24728470762,2774.70783425485,2165.0831353546,Ubiquitin protein ligase E3 component n-recognin 4,Q5T4S7,609890.0,gene,23352.0,UBR4,ENSG00000127481,bacteria
sp|Q5T4S7|UBR4_HUMAN,sp,Q5T4S7,UBR4,HUMAN,0283361|tr|A0A415ZIF2|A0A415ZIF2_9BACT,283361,tr,A0A415ZIF2,A0A415ZIF2,RRKENK,984,989,RRKENK,149,154,IAEARRRKENKY,6,,,,,,,,,,,,,,,,,,,,,,,,,,,,,,,,,,,,,,,,,,,,,,,,,,,,,,,,,,,,,,,,,,,,,,,,,,,,,,,,,,,,,95.0,89.22,91.905,95.0,92.19,95.0,91.32,95.0,85.53999999999999,95.0,95.0,95.0,95.0,95.0,94.42,95.0,95.0,95.0,83.47999999999999,95.0,95.0,93.36,95.0,95.0,80.0,36148.4920008906,12216.0038598581,16443.2012591605,32356.2837167816,17857.5024217443,32084.017112687,21716.8529802757,26457.1887638808,17012.9149148713,20311.9939100349,33091.2899230076,31554.8719695253,31244.6930724382,29458.7195541542,24424.8780749874,20820.6557269115,26634.1144368061,33212.529140948,21209.4614855557,25902.5853039759,26045.3494893024,13950.3634743015,23251.0565812018,26389.1463116702,Ubiquitin protein ligase E3 component n-recognin 4,Q5T4S7,609890.0,gene,23352.0,UBR4,ENSG00000127481,bacteria
sp|Q5T4S7|UBR4_HUMAN,sp,Q5T4S7,UBR4,HUMAN,0283361|tr|A0A416AE69|A0A416AE69_9BACT,283361,tr,A0A416AE69,A0A416AE69,TKEIARL,4214,4220,TKEIARL,105,111,VKATNTKEIARLKKELQ,7,,,,,,very_weak,,weak,very_weak,,,,,,,,,,,,very_weak,,,,,,,,,,,,,,,,,,very_weak,,,,,,,,,very_weak,,,,,,,,,,,,,,weak,very_weak,,,,,,,,weak,very_weak,,,,,,,,weak,very_weak,,weak,very_weak,67.435,14.34,9.89,74.37,37.555,49.615,17.895,46.075,33.34,50.0,38.0,40.555,56.44500000000001,42.915,12.635,50.905,33.620000000000005,45.435,7.38,55.755,32.965,9.4,53.635000000000005,57.01,2.805,14419.1904008038,438.749603023117,671.267553618301,10312.5670642666,1459.1291816239,6858.21218774499,2261.67512848145,1306.41051609968,1781.03422654111,3377.69973831757,6055.42415425549,5288.89753273568,7885.12958379714,3124.11757169872,1910.28469535747,962.17458793246,2753.65283194375,6128.12383470906,768.048126737648,3562.37777480947,2267.21230176174,1154.73735657223,2187.71269681035,2925.11897465395,Ubiquitin protein ligase E3 component n-recognin 4,Q5T4S7,609890.0,gene,23352.0,UBR4,ENSG00000127481,bacteria
sp|Q5T4S7|UBR4_HUMAN,sp,Q5T4S7,UBR4,HUMAN,0283361|tr|A0A3R6LU72|A0A3R6LU72_9BACT,283361,tr,A0A3R6LU72,A0A3R6LU72,LQYDTL,3264,3269,LQYDTL,224,229,KNGLELQYDTLLHGEA,6,,weak,very_weak,,weak,very_weak,,,,,weak,very_weak,,,very_weak,,,,strong,weak,very_weak,,,,,,,,,,,,,,,very_weak,,,,,,,,weak,very_weak,,weak,very_weak,,,very_weak,,,very_weak,,,,,weak,very_weak,,,,,,very_weak,,weak,very_weak,,,,,,,,,very_weak,,,,strong,weak,very_weak,2.755,2.755,33.57,4.455,13.445,23.345,1.69,42.91,26.11,58.845,34.985,14.41,20.075000000000003,4.32,9.515,16.955000000000002,32.305,8.665,22.48,10.035,6.7,24.91,49.935,17.880000000000003,26.74,417.474226123959,210.704378239517,2339.8083634471,397.630422219677,719.304332306916,4641.54624732307,133.556079789275,2902.67136350236,1014.23330223057,5389.29507710156,6552.96203636968,747.252105406507,1642.49922747197,273.976215882864,1368.18325093969,323.000349767067,1988.52600553733,813.203044459611,2265.42226516617,430.315296534222,385.873239915872,1941.28886560855,2069.54642558975,739.650611604057,Ubiquitin protein ligase E3 component n-recognin 4,Q5T4S7,609890.0,gene,23352.0,UBR4,ENSG00000127481,bacteria
sp|Q5T4S7|UBR4_HUMAN,sp,Q5T4S7,UBR4,HUMAN,0283361|tr|A0A416A9U3|A0A416A9U3_9BACT,283361,tr,A0A416A9U3,A0A416A9U3,TKPGGF,2331,2336,TKPGGF,55,60,IWKPRTKPGGFEGIGA,6,,,,,,,,,,,,,,,,,,,,,,,,,,,,,,,,,,,,,,,,,,,,,,,,,,,,,,,,,,,,,,,,,,,,,,,,,,,,,,,,,,,,,88.33,89.84,54.735,93.92,86.345,86.015,95.0,75.12,59.085,44.35,76.09,62.735,84.945,82.02000000000001,84.11500000000001,81.445,76.605,61.845,92.39,93.315,82.60499999999999,36.685,68.07,94.205,36.455,18107.5166891485,11496.3119984872,6831.99409539027,21676.0063951117,12599.7960837718,20918.8812721714,34170.4612878224,10375.0168594634,12346.6247476736,1516.78998934449,22658.4892802239,11604.9145382439,10739.9440840748,17558.8077359614,19991.7020564229,5334.93371779928,10196.4023468254,17677.5665858141,22035.4388850309,16075.8861955089,13993.5991294064,1402.93155005374,6315.73009740145,17280.2469958002,Ubiquitin protein ligase E3 component n-recognin 4,Q5T4S7,609890.0,gene,23352.0,UBR4,ENSG00000127481,bacteria
sp|Q5T4S7|UBR4_HUMAN,sp,Q5T4S7,UBR4,HUMAN,0283361|tr|A0A416A137|A0A416A137_9BACT,283361,tr,A0A416A137,A0A416A137,YLALYQ,4183,4188,YLALYQ,389,394,IVAEKYLALYQNLLHN,6,,weak,very_weak,,,very_weak,,weak,very_weak,,weak,very_weak,strong,weak,very_weak,,,very_weak,,,,,weak,very_weak,,,very_weak,,,,,,very_weak,,weak,very_weak,,weak,very_weak,,,,,weak,very_weak,,weak,very_weak,,,very_weak,strong,weak,very_weak,,,,,weak,very_weak,,weak,very_weak,,weak,very_weak,,weak,very_weak,,,very_weak,,weak,very_weak,,weak,very_weak,,weak,very_weak,strong,weak,very_weak,5.18,14.475,9.3,7.685,0.66,12.525,30.5,6.17,14.94,61.23,15.33,7.67,23.735,3.845,4.6850000000000005,0.815,46.665000000000006,7.654999999999999,8.14,8.82,5.345000000000001,12.535,6.15,5.35,6.345000000000001,238.387845567981,119.009612362749,384.876688941718,720.784568834526,14.8703959162553,1407.64506709131,2006.76817800558,130.702687856964,383.683394169012,4134.34960099862,1103.73551220035,47.6737624109751,2697.59310884408,55.7965248244045,252.375783742076,7.94514451867921,1350.84084538906,72.5766337174945,264.578156278971,110.846990014516,83.6699443949535,318.733681089698,123.578765980813,60.4823384437895,Ubiquitin protein ligase E3 component n-recognin 4,Q5T4S7,609890.0,gene,23352.0,UBR4,ENSG00000127481,bacteria
sp|Q5T4S7|UBR4_HUMAN,sp,Q5T4S7,UBR4,HUMAN,0283361|tr|A0A3R6QZP6|A0A3R6QZP6_9BACT,283361,tr,A0A3R6QZP6,A0A3R6QZP6,DADDET,2809,2814,DADDET,491,496,PVALGDADDETILKYF,6,,,very_weak,,,,,,,,,,,,,,,,,,,,,,,,,,,,,,,,,,,,,,,very_weak,,,,,,,,weak,very_weak,,,,,,,,,,,,,,,,,,,,,,,,,,,,,,,,weak,very_weak,17.825,84.75999999999999,92.865,29.115,84.12,87.31,31.01,76.98,82.28999999999999,45.91,85.04499999999999,76.57,19.915,72.605,77.875,89.05,66.37,75.275,71.09,72.15,68.255,86.97,61.675,76.97999999999999,92.19,2135.92878081869,7688.41362963495,15763.9514406707,3144.70306790573,12258.6382591454,21036.6809567684,3380.55152657909,8785.19782214273,8496.33695939543,3941.49740762646,20736.1244357541,6502.88512570986,1341.08366927231,6390.86342146498,11399.5746273219,7517.47998127609,5597.72102641778,9273.85907656959,11011.0427093127,6912.14710079228,4454.67468477109,8825.78424453177,8430.13195536335,7785.18163094243,Ubiquitin protein ligase E3 component n-recognin 4,Q5T4S7,609890.0,gene,23352.0,UBR4,ENSG00000127481,bacteria
sp|Q5T4S7|UBR4_HUMAN,sp,Q5T4S7,UBR4,HUMAN,0283361|tr|A0A415ZMT1|A0A415ZMT1_9BACT,283361,tr,A0A415ZMT1,A0A415ZMT1,AAAAAP,9,14,AAAAAP,166,171,KQAEEAAAAAPAEEAP,6,,,,,,,,,,,,,,,,,,,,,,,,,,,,strong,weak,very_weak,,,very_weak,,,,,,,strong,weak,very_weak,,,,,,,strong,weak,very_weak,,,,strong,weak,very_weak,,,,,,,,,,,,,,weak,very_weak,,,,,,,,,,strong,weak,very_weak,34.9,64.71,55.74,73.38,75.945,54.08,95.0,44.095,78.41,0.285,19.95,66.05,0.035,74.1,67.67500000000001,32.405,1.195,65.58500000000001,87.125,46.115,66.98,4.57,31.525,54.65,65.33,9086.04199778423,11923.3630957456,9556.52794144404,19460.0806777692,16789.0912959757,17487.1410401053,35065.6085210771,7197.97965298799,16012.0044492262,32.1969618449684,6511.75650315899,12968.9575121513,164.052058706728,13965.1634236896,15980.8504553656,1464.6018783092,145.950173264751,16476.1479036369,22276.8390799473,6813.61262282217,10557.2171320216,1207.79531103142,2625.3754918662,8973.78423870371,Ubiquitin protein ligase E3 component n-recognin 4,Q5T4S7,609890.0,gene,23352.0,UBR4,ENSG00000127481,bacteria
sp|Q5T4S7|UBR4_HUMAN,sp,Q5T4S7,UBR4,HUMAN,0283361|tr|A0A415ZMT1|A0A415ZMT1_9BACT,283361,tr,A0A415ZMT1,A0A415ZMT1,AAAAAPA,9,15,AAAAAPA,166,172,KQAEEAAAAAPAEEAPA,7,,,,,,,,,,,,,,,,,,,,,,,,,,,,strong,weak,very_weak,,,very_weak,,,,,,,strong,weak,very_weak,,,,,,,strong,weak,very_weak,,,,strong,weak,very_weak,,,,,,,,,,,,,,weak,very_weak,,,,,,,,,,strong,weak,very_weak,34.9,64.71,55.74,73.38,75.945,54.08,95.0,44.095,78.41,0.285,19.95,66.05,0.035,73.555,70.17,32.405,1.16,65.58500000000001,87.125,46.115,66.98,4.57,31.525,54.65,65.33,9086.04199778423,11923.3630957456,9556.52794144404,19460.0806777692,16789.0912959757,17487.1410401053,35065.6085210771,7197.97965298799,16012.0044492262,32.1969618449684,6511.75650315899,12968.9575121513,164.052058706728,13800.9838629767,15788.5315783807,1464.6018783092,142.127475305871,16476.1479036369,22276.8390799473,6813.61262282217,10557.2171320216,1207.79531103142,2625.3754918662,8973.78423870371,Ubiquitin protein ligase E3 component n-recognin 4,Q5T4S7,609890.0,gene,23352.0,UBR4,ENSG00000127481,bacteria
sp|Q5T4S7|UBR4_HUMAN,sp,Q5T4S7,UBR4,HUMAN,0283361|tr|A0A3R6IIX5|A0A3R6IIX5_9BACT,283361,tr,A0A3R6IIX5,A0A3R6IIX5,AASSGS,3337,3342,AASSGS,9,14,HLLIGAASSGSGKTTF,6,,,,,,,,,very_weak,,,,,,,,,,,,,,,,,,,strong,weak,very_weak,,,,,,,,,,,,,,,,,,,,,,,,very_weak,,weak,very_weak,,,,,,,,weak,very_weak,,,,,,,,,very_weak,,,,,,,strong,weak,very_weak,87.465,41.575,17.39,82.92,37.145,29.22,57.825,33.13,52.915,1.78,46.42,88.205,48.755,84.50999999999999,84.92500000000001,16.765,9.84,86.95500000000001,71.865,6.779999999999999,89.33,20.41,11.645,28.625,34.945,15589.9221023374,1659.79242010394,624.645201656345,13461.0495289375,1736.5639159547,4006.07520752618,8489.99626129363,1084.45214940242,2416.32321138344,31.3563794483472,6957.01526152641,12898.7072032228,5118.70577351325,11553.1728751681,14636.4196570833,77.7644219858723,349.236926983187,15396.1429878738,8355.1263790951,259.725175295344,11156.3877159509,303.81004107873,235.786726543637,1281.97620721769,Ubiquitin protein ligase E3 component n-recognin 4,Q5T4S7,609890.0,gene,23352.0,UBR4,ENSG00000127481,bacteria
sp|Q5T4S7|UBR4_HUMAN,sp,Q5T4S7,UBR4,HUMAN,0283361|tr|A0A416A388|A0A416A388_9BACT,283361,tr,A0A416A388,A0A416A388,EKEKEK,3374,3379,EKEKEK,37,42,SKLRQEKEKEKDRLEH,6,,,,,,,,,,,,,,,,,,,,,,,,,,,,,,,,,,,,,,,,,,,,,,,,,,,,,,,,,,,,,,,,,,,,,,,,,,,,,,,,,,,,,95.0,57.165,69.735,77.485,62.385,95.0,44.505,95.0,62.27,95.0,65.3,81.25999999999999,95.0,75.63499999999999,50.34,76.21,95.0,74.59,64.0,95.0,77.64500000000001,95.0,95.0,95.0,57.675,36914.8822511419,6830.0724285039,15420.8170005123,22018.7559041243,14506.0378041202,37614.4053524747,10454.1201713954,33298.8857439145,14643.8646022419,31104.0393234581,23357.7151208305,20882.4726301908,33088.4257236085,18288.4646664622,14638.3201342438,12040.55867422,35576.5559250097,22986.9092186075,17585.0448909373,28914.3105832302,14319.0676171305,30941.5802915718,31221.0377860297,29252.5839546301,Ubiquitin protein ligase E3 component n-recognin 4,Q5T4S7,609890.0,gene,23352.0,UBR4,ENSG00000127481,bacteria
sp|Q5T4S7|UBR4_HUMAN,sp,Q5T4S7,UBR4,HUMAN,0283361|tr|A0A3R6J9D2|A0A3R6J9D2_9BACT,283361,tr,A0A3R6J9D2,A0A3R6J9D2,LITKEI,4212,4217,LITKEI,125,130,RIREHLITKEISVGDY,6,,,,,,very_weak,,,very_weak,,,,,,,,,,,,,,,very_weak,,,,,,,,,very_weak,,,,,,,,,,,,,,,,,,,,,,,,,,,,,,,,,very_weak,,,,,weak,very_weak,,,,,weak,very_weak,,,very_weak,,weak,very_weak,38.295,12.3,12.255,36.41,32.5,41.205,39.015,12.78,31.345,67.935,14.32,26.025,47.31,24.270000000000003,20.395,36.465,33.315,28.41,27.055,18.21,23.75,9.285,25.15,5.805,12.62,4754.64274349173,547.111350211245,923.167107750059,5025.36046461973,1345.80779451517,6950.46956026119,4726.99502747767,597.663744729922,1551.17829623275,4627.00512697461,3714.30871095744,2680.7464521012,4088.97305234493,1873.09613514202,2732.31411744934,584.293917506632,2340.66927285232,4174.17339087604,2222.64232090592,915.983532303098,1586.29475584096,826.455086767896,968.126917845593,317.597663226538,Ubiquitin protein ligase E3 component n-recognin 4,Q5T4S7,609890.0,gene,23352.0,UBR4,ENSG00000127481,bacteria
sp|Q5T4S7|UBR4_HUMAN,sp,Q5T4S7,UBR4,HUMAN,0283361|tr|A0A3R6LRA3|A0A3R6LRA3_9BACT,283361,tr,A0A3R6LRA3,A0A3R6LRA3,LLSLVR,1288,1293,LLSLVR,159,164,SKLRDLLSLVRGIEIF,6,,,,,,,,,very_weak,,,,,weak,very_weak,,,,,,,,weak,very_weak,,,,,,,,,,,,,,weak,very_weak,,,,,,,,,very_weak,,,,,weak,very_weak,,,,,,,,weak,very_weak,,,,,,,,,,,,very_weak,,,,,weak,very_weak,,weak,very_weak,26.905,30.14,16.46,35.765,9.415,39.620000000000005,20.525,2.49,20.62,60.38,31.56,32.83,46.035,30.585,19.335,8.285,30.26,25.04,7.87,40.24,34.02,39.955000000000005,16.585,29.590000000000003,6.34,1021.98834101932,156.497812869377,321.915296002344,1389.87765213236,56.699655750151,1931.23292967688,760.111709797257,15.6885365215156,81.538447259343,1422.11163425921,1300.7827787878,479.382863206456,2613.3306647792,277.986419425281,533.566078047715,19.3546241389645,324.780592212117,654.705114940457,111.574970695932,483.079684162394,396.929769744765,262.056778141369,85.457713316139,238.068226374163,Ubiquitin protein ligase E3 component n-recognin 4,Q5T4S7,609890.0,gene,23352.0,UBR4,ENSG00000127481,bacteria
sp|Q5T4S7|UBR4_HUMAN,sp,Q5T4S7,UBR4,HUMAN,0283361|tr|A0A415ZK80|A0A415ZK80_9BACT,283361,tr,A0A415ZK80,A0A415ZK80,EEDEEE,4466,4471,EEDEEE,95,100,SDIEPEEDEEETDYEP,6,,,,,,,,,,,,,,,,,,,,,,,,,,,,,,,,,,,,,,,,,,,,,,,,,,weak,very_weak,,,,,,,,,,,,,,,,,,,,,,,,,,,,,,,,weak,very_weak,35.34,57.685,95.0,51.81,94.63,95.0,52.64,92.19,95.0,75.235,95.0,95.0,28.76,84.495,73.55,95.0,89.675,71.17,93.265,50.525,69.095,94.88,95.0,40.32,95.0,8984.17935091229,14994.6747911574,36033.2959347989,15863.3603589631,31388.3600791266,39229.222332338,15424.6550239289,34811.5749477746,33157.2349815313,22614.4034546071,36128.159550459,29612.751999304,5333.72167670189,19292.9908061451,22940.9432846971,32542.7153873679,24654.2794648463,21071.7624583191,31729.1324884157,12050.7245049775,14348.0686947481,28908.6798958175,34221.1500504178,7202.57607202534,Ubiquitin protein ligase E3 component n-recognin 4,Q5T4S7,609890.0,gene,23352.0,UBR4,ENSG00000127481,bacteria
sp|Q5T4S7|UBR4_HUMAN,sp,Q5T4S7,UBR4,HUMAN,0283361|tr|A0A415ZNT4|A0A415ZNT4_9BACT,283361,tr,A0A415ZNT4,A0A415ZNT4,AGECAA,4176,4181,AGECAA,261,266,VPPAGAGECAAPKLLQ,6,,,,,,,,,,,,,,,,,,,,,,,,,,,,,weak,very_weak,,,,,,,,,,,,,,,,,,,,,,,,,,,,,,,,,,,,,,,,,,,,,,,,,,,,,weak,very_weak,93.005,87.455,83.28999999999999,91.165,90.21,86.27000000000001,88.34,81.33,90.13,4.22,85.48,91.31,57.425,91.035,89.685,72.02000000000001,65.445,90.94,90.39,88.275,90.835,53.475,72.815,91.39,76.225,21788.8734285049,8187.95311942926,8760.61332688565,16413.8720015105,13346.7686893482,19984.1327872928,15650.0878045307,8125.55764437085,11933.6882153292,112.44877763162,17546.84292269,16621.1798031119,4817.29945542228,15895.4891649265,17609.415847812,3119.52384505209,3862.2997636105,19414.8642325493,17309.8132744542,9657.45812719627,12750.3758111597,2784.78336062612,4533.19948235889,11825.5909702759,Ubiquitin protein ligase E3 component n-recognin 4,Q5T4S7,609890.0,gene,23352.0,UBR4,ENSG00000127481,bacteria
sp|Q5T4S7|UBR4_HUMAN,sp,Q5T4S7,UBR4,HUMAN,0283361|tr|A0A3R6LRX3|A0A3R6LRX3_9BACT,283361,tr,A0A3R6LRX3,A0A3R6LRX3,YNLRRG,3912,3917,YNLRRG,569,574,NSFIPYNLRRGFGLPT,6,,,,,,,,weak,very_weak,,,,,weak,very_weak,,,,,,,,,very_weak,,,very_weak,,,,,,,,,,,,very_weak,,,,,,,,,,,,,,weak,very_weak,,,,,,,,,,,,,,,,,weak,very_weak,,,very_weak,,,,,,very_weak,,weak,very_weak,40.59,48.525,9.075,47.69,7.81,35.545,34.075,11.005,16.16,41.125,60.05500000000001,21.86,80.75,50.22,36.555,6.865,64.65,43.675,37.87,30.07,63.835,2.83,15.885,37.195,12.155,2747.81941255747,570.747474376837,388.382224234655,4371.45175014057,112.555895653355,2040.57431274436,2776.32948101972,142.076737368028,366.649777866743,1020.49664294393,6414.5557515965,1515.23171385904,9655.264053799,2539.8214142984,2543.14870871347,28.7125388918012,3672.5487820883,3638.53417994507,1652.53510520745,913.726668755815,2816.35724099945,62.9568451586007,137.971303307352,938.251741819339,Ubiquitin protein ligase E3 component n-recognin 4,Q5T4S7,609890.0,gene,23352.0,UBR4,ENSG00000127481,bacteria
sp|Q5T4S7|UBR4_HUMAN,sp,Q5T4S7,UBR4,HUMAN,0283361|tr|A0A3R6MGF3|A0A3R6MGF3_9BACT,283361,tr,A0A3R6MGF3,A0A3R6MGF3,KVFASR,3820,3825,KVFASR,209,214,RLPNIKVFASRHDWVY,6,,,very_weak,,weak,very_weak,,weak,very_weak,,,very_weak,strong,weak,very_weak,,,very_weak,,,very_weak,,weak,very_weak,,,very_weak,,,,,,,,,,,,very_weak,,,,,,,,,,,,,,,,,,,,,,,weak,very_weak,,,very_weak,,,,,weak,very_weak,,weak,very_weak,strong,weak,very_weak,,,very_weak,strong,weak,very_weak,12.965,8.004999999999999,8.48,19.985,0.425,19.945,17.32,9.165,10.24,57.08,40.81,28.61,41.385000000000005,33.595,20.425,21.54,33.32,30.725,5.55,10.61,34.14,2.58,9.985,1.93,11.39,1273.32248974576,210.132931109925,339.82494778918,1439.16952586688,27.4509117770126,2473.45948459898,1235.24498662189,197.930860754381,278.956604449632,1791.54823382043,4207.63757816663,1394.4869577063,3825.12030073842,1411.94660104911,1851.85659858672,172.614089470516,932.372118042935,2229.16902762259,451.648506232806,400.267819185347,1250.99505734362,130.045341293352,207.413279602031,94.7018776886631,Ubiquitin protein ligase E3 component n-recognin 4,Q5T4S7,609890.0,gene,23352.0,UBR4,ENSG00000127481,bacteria
sp|Q5T4S7|UBR4_HUMAN,sp,Q5T4S7,UBR4,HUMAN,0283361|tr|A0A3R6J8U7|A0A3R6J8U7_9BACT,283361,tr,A0A3R6J8U7,A0A3R6J8U7,EISNNN,2339,2344,EISNNN,1000,1005,PGMNPEISNNNSLSWN,6,,,,,,,,,,,,very_weak,,,,,weak,very_weak,,,,,,,,weak,very_weak,,,,,,,,,,,,,,,,,,,,,,,,,,,,,,,,,,,,,,,,,,,,,,,,,,,,,,,,weak,very_weak,64.10499999999999,62.81,68.62,11.77,49.69,5.13,20.015,31.525,9.02,54.46,77.695,78.46000000000001,63.71,74.25,82.095,67.28,74.15,78.68,39.795,21.465,78.215,58.405,48.86,53.835,67.87,11366.5671531847,5081.51323390717,6181.73243681885,1485.89462858185,4175.88996170045,345.388929096548,2737.10752851591,1803.33362647806,124.214176922614,3849.45010424405,20476.8282784135,11414.1381448719,6678.43873584572,10989.9756323184,18175.8251306658,2061.7017273396,7145.06060930535,14049.5802264118,5124.80155909434,1333.96360515748,11146.4939149916,3706.19960046202,3273.36193027516,4141.64747206018,Ubiquitin protein ligase E3 component n-recognin 4,Q5T4S7,609890.0,gene,23352.0,UBR4,ENSG00000127481,bacteria
sp|Q5T4S7|UBR4_HUMAN,sp,Q5T4S7,UBR4,HUMAN,0283361|tr|A0A3R6NFC0|A0A3R6NFC0_9BACT,283361,tr,A0A3R6NFC0,A0A3R6NFC0,KNLLPA,1156,1161,KNLLPA,47,52,AGEVEKNLLPALDGLA,6,,,,,,,,,,,,,,,,,weak,very_weak,,,,,,,,,very_weak,,,,,,very_weak,,,,,,,,,,,,,,,,,,,,,,,,,,,,,,,,,,,,,,,,,,,,,,,,,,weak,very_weak,28.475,39.285,36.215,32.69,48.635000000000005,5.805,31.24,48.465,13.565,56.455,19.995,58.11,25.745,37.685,49.26,33.855000000000004,34.045,51.28,39.185,31.57,49.98,33.045,33.245000000000005,20.67,47.46,2152.42355159456,1130.1033662375,1552.08486492973,4542.03676353091,2160.47318340787,754.95622581361,4190.10130081362,1691.61087819369,246.327324573187,3032.20257593302,3967.55465412501,3279.42385198184,2136.3910363487,2226.32478815013,5265.08858494969,277.778962026829,1248.76369401129,4798.36431818151,2744.46188545123,1001.52908595988,2357.41843398282,1231.34854257783,692.446777545149,595.894523117339,Ubiquitin protein ligase E3 component n-recognin 4,Q5T4S7,609890.0,gene,23352.0,UBR4,ENSG00000127481,bacteria
sp|Q5T4S7|UBR4_HUMAN,sp,Q5T4S7,UBR4,HUMAN,0283361|tr|A0A3R6LS33|A0A3R6LS33_9BACT,283361,tr,A0A3R6LS33,A0A3R6LS33,LTLLST,535,540,LTLLST,591,596,EWNEWLTLLSTGAEFE,6,,,,,,,,,very_weak,,,,,,,,,,,,,,,,,,,,,,,,,,,,,,,,weak,very_weak,,,,,,,,,very_weak,,weak,very_weak,,,very_weak,,,,,,very_weak,,weak,very_weak,,,,,,,,,,strong,weak,very_weak,,,very_weak,strong,weak,very_weak,31.48,50.205,15.79,34.91,38.08,29.28,50.225,25.785,49.14,45.42,46.805,44.25,6.085,41.865,53.42,2.5700000000000003,17.705,40.49,17.93,6.9,47.540000000000006,27.74,26.78,1.7400000000000002,16.61,924.686603334227,1000.41356643003,504.2167827291,2738.44052334748,681.306672786752,4005.20840440501,6056.01384808752,358.451645927612,1283.30848605555,1459.22390942407,5170.64004997328,1249.23668068429,324.482034932014,811.137981924932,2946.49658336303,15.1910887284205,380.03519008842,1913.9465883502,987.743512288279,166.419081625157,896.724197030717,311.047762877361,295.676702841497,78.961591648289,Ubiquitin protein ligase E3 component n-recognin 4,Q5T4S7,609890.0,gene,23352.0,UBR4,ENSG00000127481,bacteria
sp|Q5T4S7|UBR4_HUMAN,sp,Q5T4S7,UBR4,HUMAN,0283361|tr|A0A3R6MCQ6|A0A3R6MCQ6_9BACT,283361,tr,A0A3R6MCQ6,A0A3R6MCQ6,DGEDEK,3011,3016,DGEDEK,397,402,EAEVRDGEDEKERAVR,6,,,,,,,,,,,,,,,,,,,,,,,,,,,,,,,,,,,,,,,,,,very_weak,,,,,,,,,,,,,,,,,,,,,,,,,,,,,,,,,,,,,,,,,,very_weak,29.865,67.435,95.0,59.7,79.2,73.245,41.2,95.0,78.705,52.99,68.97999999999999,79.43,18.255,79.67,70.325,95.0,69.725,83.08,82.91,63.255,78.105,71.455,95.0,49.85,76.955,7325.25834859896,14215.3328163796,37894.6319935618,14057.1829498729,20308.0384123547,25649.9100114372,8838.30270097068,39118.1735164595,17631.5312004574,8945.47742626707,26890.0835053302,19079.1761744721,3288.16420796244,19164.4161945058,21081.7964856864,34617.7632593741,13041.0013568741,23291.3428465512,24505.8792526673,13766.0863398754,14657.9728537664,14105.4800349747,38544.2656390544,9628.55729692299,Ubiquitin protein ligase E3 component n-recognin 4,Q5T4S7,609890.0,gene,23352.0,UBR4,ENSG00000127481,bacteria
sp|Q5T4S7|UBR4_HUMAN,sp,Q5T4S7,UBR4,HUMAN,0283361|tr|A0A3R6IML7|A0A3R6IML7_9BACT,283361,tr,A0A3R6IML7,A0A3R6IML7,PVPFTV,1949,1954,PVPFTV,205,210,PQEYNPVPFTVESDWS,6,,,very_weak,,,,,,,,,,,,,,,,,,,,,,,,,,,,,,,,,very_weak,,,,,weak,very_weak,,,,,,,,weak,very_weak,,,,,,,,,very_weak,,,,,,,,,very_weak,,weak,very_weak,,,,,,,,,,,weak,very_weak,14.82,73.745,53.17,44.97,63.81,34.805,83.38499999999999,39.31,58.26,27.32,48.995,17.65,3.6,22.425,32.36,49.565,59.795,11.795,60.91,51.5,17.385,6.99,39.335,30.905,54.27,1836.96939918594,7693.32322544905,8594.34208485555,9100.60337950588,7513.98328369311,6944.08028289329,18581.4685453319,4056.9793410863,6017.60760889701,1872.95427512,14710.0847620881,1897.77980777304,726.256546833718,2805.49959136086,8488.80216687116,2614.46193589867,5246.20943950893,1827.69112844218,11768.6626165993,5838.09890428511,1650.87309563698,1017.68492895687,3365.66107573883,2256.88392917452,Ubiquitin protein ligase E3 component n-recognin 4,Q5T4S7,609890.0,gene,23352.0,UBR4,ENSG00000127481,bacteria
sp|Q5T4S7|UBR4_HUMAN,sp,Q5T4S7,UBR4,HUMAN,0283361|tr|A0A3R6MGV7|A0A3R6MGV7_9BACT,283361,tr,A0A3R6MGV7,A0A3R6MGV7,VDSVAG,2902,2907,VDSVAG,823,828,RLYYKVDSVAGAKVLG,6,,,,,weak,very_weak,strong,weak,very_weak,strong,weak,very_weak,,,very_weak,strong,weak,very_weak,,weak,very_weak,,weak,very_weak,,weak,very_weak,,,very_weak,,weak,very_weak,,,,,weak,very_weak,,,very_weak,,,very_weak,,,very_weak,,,very_weak,strong,weak,very_weak,,,,,,,,,very_weak,strong,weak,very_weak,,,,,weak,very_weak,,weak,very_weak,strong,weak,very_weak,,weak,very_weak,strong,weak,very_weak,20.045,6.33,1.56,0.36,10.385,0.4449999999999999,2.015,2.395,5.655,12.865,3.17,35.035000000000004,19.465,14.425,15.335,1.58,37.13,22.705,18.45,0.025,21.385,3.19,5.6450000000000005,0.74,2.88,1736.88336235399,239.699145875053,77.7417076711296,26.7930209264319,181.318642257722,34.90238559832,113.177481087124,34.8209114489502,82.4593615232479,381.811556145106,760.095261494882,1403.40219063675,2490.8893312938,821.427121294133,1724.28181613012,9.26731761112251,1317.89598342168,1968.42531718883,894.447039368994,8.814025883212,1068.75013428745,179.078456215842,66.3573981343096,37.1544177567744,Ubiquitin protein ligase E3 component n-recognin 4,Q5T4S7,609890.0,gene,23352.0,UBR4,ENSG00000127481,bacteria
sp|Q5T4S7|UBR4_HUMAN,sp,Q5T4S7,UBR4,HUMAN,0283361|tr|A0A416ADP0|A0A416ADP0_9BACT,283361,tr,A0A416ADP0,A0A416ADP0,SVVTAS,3254,3259,SVVTAS,124,129,GVQKKSVVTASIAKVG,6,,,,,weak,very_weak,,,very_weak,,,,,,very_weak,,,very_weak,,,very_weak,,weak,very_weak,,,very_weak,,weak,very_weak,strong,weak,very_weak,,,,,,very_weak,,,very_weak,,,very_weak,,,very_weak,,,very_weak,,,very_weak,,weak,very_weak,,,,,,very_weak,,,very_weak,,,very_weak,,weak,very_weak,strong,weak,very_weak,,,,,,,strong,weak,very_weak,35.765,8.775,11.15,30.695,18.48,11.33,15.415,9.055,18.93,2.445,0.32,22.185,14.170000000000002,17.72,13.225,10.99,2.58,23.955,10.11,13.665,18.175,6.125,1.88,27.255000000000003,21.545,6684.58359531299,411.224805763583,277.079560915245,2614.34878675326,540.158907306746,1110.53955292066,1741.98365591023,87.9996160914754,113.466845410629,62.60904570266,186.384904258645,733.307692069024,2191.74039614998,629.21709595888,1569.34277126058,59.3928689818431,124.786679401137,1574.93912657928,940.711666479273,479.476234991797,832.24288832446,180.705628846317,78.5041375966128,610.249072250316,Ubiquitin protein ligase E3 component n-recognin 4,Q5T4S7,609890.0,gene,23352.0,UBR4,ENSG00000127481,bacteria
sp|Q5T4S7|UBR4_HUMAN,sp,Q5T4S7,UBR4,HUMAN,0283361|tr|A0A415ZKQ0|A0A415ZKQ0_9BACT,283361,tr,A0A415ZKQ0,A0A415ZKQ0,LRQKEV,184,189,LRQKEV,49,54,YDRKILRQKEVEQLKS,6,,,,,weak,very_weak,,,very_weak,,,,,,very_weak,,,,,,,,,,,,,,,,,,,,,very_weak,,,,,,,,,very_weak,,,very_weak,,,,,,,,,,,,,,weak,very_weak,,,,,,very_weak,,,very_weak,,,,,,,,,very_weak,,weak,very_weak,35.385000000000005,2.4450000000000003,14.855,38.83,16.16,34.285,23.015,31.455,22.22,78.965,28.82,14.175,62.185,19.77,17.615,26.905,49.94,24.17,9.96,25.855,18.340000000000003,19.57,32.455,28.145,17.295,7125.29715224257,211.393996260699,1264.87772112212,6302.41885886788,1091.20815421176,9257.01708360352,3591.86981676163,2316.23197723977,1626.79372523681,11751.1035926193,7480.40050686415,1381.90032798756,8283.29722761164,2053.88676473097,3362.13060516783,649.870673949594,4534.5730403836,4284.26382737197,1306.33984265071,2105.09331478196,1604.33224427202,2269.44569791506,2195.77551070551,1896.79445294275,Ubiquitin protein ligase E3 component n-recognin 4,Q5T4S7,609890.0,gene,23352.0,UBR4,ENSG00000127481,bacteria
sp|Q5T4S7|UBR4_HUMAN,sp,Q5T4S7,UBR4,HUMAN,0283361|tr|A0A416AE69|A0A416AE69_9BACT,283361,tr,A0A416AE69,A0A416AE69,TKEIAR,4214,4219,TKEIAR,105,110,VKATNTKEIARLKKEL,6,,,,,,,,,,,,,,,,,,,,,,,,,,,,,,,,,,,,,,,very_weak,,,,,,,,,,,,,,,,,,,,,,,,,,,,,,,,weak,very_weak,,,,,,,,,,,weak,very_weak,68.4,38.695,45.73,74.37,58.045,49.615,38.82,46.075,33.34,50.0,38.0,39.42,56.44500000000001,43.19,25.465,50.905,33.620000000000005,46.115,41.815,68.71000000000001,36.06,9.4,53.635000000000005,75.74000000000001,23.53,17286.0439896168,1385.91324048098,2549.56809608336,10312.5670642666,2859.15767530523,6858.21218774499,3738.33815171939,1306.41051609968,1781.03422654111,3377.69973831757,6055.42415425549,5919.002699211,7885.12958379714,4858.70497673895,3326.27307794996,962.17458793246,2753.65283194375,9173.76108022919,4859.80907449072,4302.65970376215,3178.9815859724,1154.73735657223,2187.71269681035,5933.10878658311,Ubiquitin protein ligase E3 component n-recognin 4,Q5T4S7,609890.0,gene,23352.0,UBR4,ENSG00000127481,bacteria
sp|Q5T4S7|UBR4_HUMAN,sp,Q5T4S7,UBR4,HUMAN,0283361|tr|A0A416AGL3|A0A416AGL3_9BACT,283361,tr,A0A416AGL3,A0A416AGL3,VLQLSA,1923,1928,VLQLSA,90,95,DAGREVLQLSAYGDYY,6,,,,,,,,,,,,,,,very_weak,,,,,,,,,,,,,,,,,,,,,very_weak,,,,,,very_weak,,,,,,,,,,,,very_weak,,,,,,very_weak,,weak,very_weak,,,,,,,,,,,,,,weak,very_weak,,,,,weak,very_weak,28.685,20.53,32.724999999999994,34.54,18.695,42.78,45.865,29.37,40.785,60.31,42.04,18.915,16.275,30.465,31.24,13.235,36.870000000000005,12.87,5.11,21.9,21.175,23.98,26.325000000000003,9.77,34.39,2427.53882718598,560.066500415136,1604.14131192344,3072.0944810378,739.05863730553,6748.8262657582,4085.30263279384,873.889546526098,984.627784341841,3052.97510146932,5954.20212767698,413.218487506193,1694.83524969158,1170.65092555888,2443.93102288674,122.140464877262,1755.66411021083,667.198151646769,516.502591896462,893.151164708603,817.437395266737,953.324956178478,554.345178068438,473.050461868855,Ubiquitin protein ligase E3 component n-recognin 4,Q5T4S7,609890.0,gene,23352.0,UBR4,ENSG00000127481,bacteria
sp|Q5T4S7|UBR4_HUMAN,sp,Q5T4S7,UBR4,HUMAN,0283361|tr|A0A416AGF7|A0A416AGF7_9BACT,283361,tr,A0A416AGF7,A0A416AGF7,ISTTTG,2940,2945,ISTTTG,434,439,EKNGLISTTTGLQTDA,6,,,,,,very_weak,,weak,very_weak,,,,,,,,,very_weak,,,,,weak,very_weak,,,very_weak,,,,,,very_weak,,,,,,,,weak,very_weak,,,,,,,,,,,,very_weak,,,very_weak,,,,,,,,weak,very_weak,,,,,weak,very_weak,,,very_weak,,weak,very_weak,,weak,very_weak,,weak,very_weak,52.425,14.445,2.06,32.59,20.535,15.585,22.3,4.875,14.2,22.295,17.915,33.295,9.955,23.425,29.155,16.385,14.425,30.345,23.09,2.39,26.045,6.984999999999999,11.18,4.83,7.7,10510.0330149569,916.895774222833,237.260783294822,5250.52518823828,1238.14861567499,3416.40269371332,3774.06154078655,189.551415197253,721.603900727036,980.471082435465,4637.58052283864,3243.50072692954,1644.31291880083,2217.14203199318,5871.86414855865,211.229379385022,922.318478652817,4796.18428955686,2891.76253511894,190.932579582418,2098.83904718529,981.479406138028,446.411206645281,312.336032062849,Ubiquitin protein ligase E3 component n-recognin 4,Q5T4S7,609890.0,gene,23352.0,UBR4,ENSG00000127481,bacteria
sp|Q5T4S7|UBR4_HUMAN,sp,Q5T4S7,UBR4,HUMAN,0283361|tr|A0A3R6II04|A0A3R6II04_9BACT,283361,tr,A0A3R6II04,A0A3R6II04,SSKEGK,2558,2563,SSKEGK,342,347,EAAWESSKEGKVVKFG,6,,,,,,,,,,,,,,,,,,,,,,,weak,very_weak,,,,,,,,,,,,,,,,,,,,,,,,,,,,,,,,,,,,,,,,,,,,,,,weak,very_weak,,weak,very_weak,,,,,,,,weak,very_weak,68.875,67.19999999999999,42.075,25.825,47.89,31.795,51.49,8.73,43.56,20.655,36.44,37.95,49.41,45.135,43.58,24.66,52.28,35.395,48.71,48.31,39.615,9.985,3.965,47.59,35.18,13002.3970050898,6843.90569376456,5320.23469075389,4994.30095155532,5964.51875849424,8932.9038204638,8803.65764445822,452.803249766701,5069.43183236231,1007.29973447658,12291.5760960259,5955.68404443874,5566.67645593441,7940.26453704019,10815.5087459526,658.726827372824,4125.59127284905,9220.13214021113,9427.84262715397,5449.57337053497,5466.52210356685,1655.73873786506,213.227113069486,5514.70103347965,Ubiquitin protein ligase E3 component n-recognin 4,Q5T4S7,609890.0,gene,23352.0,UBR4,ENSG00000127481,bacteria
sp|Q5T4S7|UBR4_HUMAN,sp,Q5T4S7,UBR4,HUMAN,0283361|tr|A0A415ZS45|A0A415ZS45_9BACT,283361,tr,A0A415ZS45,A0A415ZS45,LQPSSV,2257,2262,LQPSSV,103,108,LGKVLLQPSSVALEEV,6,,,,strong,weak,very_weak,,,very_weak,,,,,weak,very_weak,,weak,very_weak,,,very_weak,,weak,very_weak,,,very_weak,,,very_weak,,weak,very_weak,,,,,,very_weak,,weak,very_weak,,,,,,,,weak,very_weak,,weak,very_weak,,weak,very_weak,,,,,,very_weak,strong,weak,very_weak,,,,,,,,weak,very_weak,,weak,very_weak,,,very_weak,strong,weak,very_weak,28.165,0.605,12.275,25.745,3.525,9.93,15.224999999999998,8.195,15.34,17.375,8.99,43.235,3.975,27.3,35.015,3.165,9.395,37.475,11.365,1.29,25.11,28.67,4.109999999999999,3.535,17.895,2194.35050505162,28.271709478854,272.763519315196,2490.29648270948,71.7412472492163,722.330372429955,1254.70928428618,168.794686670057,168.404306082161,549.103963533281,1124.63871562845,1731.59189966102,436.533541281768,994.800759311231,2439.94142128952,12.7186556977709,341.066301475291,2324.91937464355,480.73853554173,41.3449229235481,901.25691280172,335.858911706389,97.4522935264053,83.5731343885523,Ubiquitin protein ligase E3 component n-recognin 4,Q5T4S7,609890.0,gene,23352.0,UBR4,ENSG00000127481,bacteria
sp|Q5T4S7|UBR4_HUMAN,sp,Q5T4S7,UBR4,HUMAN,0283361|tr|A0A3R6QZL0|A0A3R6QZL0_9BACT,283361,tr,A0A3R6QZL0,A0A3R6QZL0,LNSTGM,2321,2326,LNSTGM,204,209,LIFESLNSTGMDLSQS,6,,,,,weak,very_weak,,,,,,,,,,,,,,,,,,very_weak,,,,,,,,,,,,,,,,,,,,,,,,,,,very_weak,,weak,very_weak,,,very_weak,,,,,,,,,very_weak,,,,,,,,,,,,very_weak,,,,,weak,very_weak,38.425,5.695,43.415,30.915,40.53,34.03,58.03,17.740000000000002,48.75,28.015,52.94,49.28,20.74,32.83,56.195,3.205,13.785,44.065,30.315,17.28,43.905,34.37,26.17,14.75,39.49,3396.97771989962,388.05459016094,1358.55067366132,2291.60346738061,896.219816369788,3102.525286344,5579.52028394703,189.196940615882,948.622743680814,1049.9189505068,6880.9563448409,1363.21832561796,1307.24475160135,855.172851798124,4346.36142111721,13.0654042116405,460.316633635608,2179.77382593351,1698.92950341816,243.465653365645,1441.67872144658,700.72218504382,229.303195742556,193.04723763566,Ubiquitin protein ligase E3 component n-recognin 4,Q5T4S7,609890.0,gene,23352.0,UBR4,ENSG00000127481,bacteria
sp|Q5T4S7|UBR4_HUMAN,sp,Q5T4S7,UBR4,HUMAN,0283361|tr|A0A3R6IL34|A0A3R6IL34_9BACT,283361,tr,A0A3R6IL34,A0A3R6IL34,LLTGDK,4586,4591,LLTGDK,503,508,IYHTALLTGDKQTAET,6,,,,,,very_weak,,,,,,very_weak,,,,,,,,weak,very_weak,,,,,,,,,,,,,,,,,,,,,,,,,,,,,,,,,,,,,,,,,,,,,,,,,,,,,,,,,,,,,,weak,very_weak,61.47,18.185,28.31,13.59,51.485,48.28,8.365,55.7,41.51,28.315,40.760000000000005,54.045,20.255000000000003,46.08,46.475,40.715,34.370000000000005,48.33,43.125,35.055,45.705,27.1,38.525,27.745,24.805,9010.17109961577,913.252248602893,2006.3990945757,2276.79950158157,2779.3049620139,7785.77129084616,1283.80844749815,1911.48386528406,3798.31315680343,833.973584611903,7584.96584474447,3199.44391466737,2262.77658365833,1775.24327248394,4575.92436567294,497.427152064763,1136.77472316144,4680.93464529296,4388.89216320534,1339.12621844034,2101.49767948824,904.813421270329,924.886723066571,685.595636890134,Ubiquitin protein ligase E3 component n-recognin 4,Q5T4S7,609890.0,gene,23352.0,UBR4,ENSG00000127481,bacteria
sp|Q5T4S7|UBR4_HUMAN,sp,Q5T4S7,UBR4,HUMAN,0283361|tr|A0A3R6IDG2|A0A3R6IDG2_9BACT,283361,tr,A0A3R6IDG2,A0A3R6IDG2,EALREH,4769,4774,EALREH,88,93,TAGRREALREHYGKMK,6,,,,,,,,,,,,,,,,,,,,,,,,,,,,,,,,,,,,,,,,,,,,,,,,,,,,,,,,,,,,,,,,,,,,,,,,,,,,,,,,,,,,,74.16,52.585,50.73,74.76,52.025,72.76499999999999,57.86,75.645,54.21,91.12,33.82,47.045,91.17,55.105,34.045,66.43,69.435,43.885000000000005,51.59,73.595,55.635,30.97,72.075,73.72999999999999,36.965,15291.7181151072,2168.83449664822,4777.17708221945,9750.27182171553,2463.60388940575,13438.7841909119,6110.71042274343,4696.00090232436,4412.41346656287,10022.2724358496,9389.7690329256,5339.49576845549,13966.2211635485,5809.99431652646,5215.81618483982,1963.34168877287,8242.35122922393,6938.97309010385,6007.78414960007,7133.7825556948,4727.04617279252,3069.17080759109,3896.42427298848,7585.70448954638,Ubiquitin protein ligase E3 component n-recognin 4,Q5T4S7,609890.0,gene,23352.0,UBR4,ENSG00000127481,bacteria
sp|Q5T4S7|UBR4_HUMAN,sp,Q5T4S7,UBR4,HUMAN,0283361|tr|A0A3R6J013|A0A3R6J013_9BACT,283361,tr,A0A3R6J013,A0A3R6J013,KITDTN,3173,3178,KITDTN,543,548,HNKCCKITDTNKWKLL,6,,,,,,,,,,,,,,,,,,,,,,,,,,,,,,,,,,,,,,,,,,,,,,,,,,,,,,,,,,,,,,,,,,,,,,,,,,,,,,,,,,,,,88.58500000000001,64.42,64.02,55.305,50.3,59.47,38.68,41.2,39.635,85.815,75.23,71.095,93.16,71.795,62.465,65.14,86.625,68.9,46.285,58.85,72.71000000000001,61.21,63.2,58.295,54.11,16302.0151853216,1426.98222660848,2613.64171553123,4056.05763784635,1109.53068494463,4916.07966170853,2023.46928603487,382.26211346243,734.546476594306,6176.65126818278,10954.9533702761,3669.25216098574,14991.2681580013,3945.12399590832,4490.48481117898,537.308542999826,7180.24477313477,5415.36462350727,2682.28416231684,1293.28883594835,3475.7602796023,2488.11493788405,1281.90685560199,1593.70943804321,Ubiquitin protein ligase E3 component n-recognin 4,Q5T4S7,609890.0,gene,23352.0,UBR4,ENSG00000127481,bacteria
sp|Q5T4S7|UBR4_HUMAN,sp,Q5T4S7,UBR4,HUMAN,0283361|tr|A0A415ZPS9|A0A415ZPS9_9BACT,283361,tr,A0A415ZPS9,A0A415ZPS9,LALEEA,4221,4226,LALEEA,40,45,LMQVKLALEEAVTNVI,6,,,,,,very_weak,,,,,,,,,,,,very_weak,,,,,,very_weak,,,,,,,,weak,very_weak,,,,,,,,,,,,very_weak,,,,,,very_weak,,weak,very_weak,,,,,,,,,very_weak,,,very_weak,,,very_weak,,,,,weak,very_weak,,,very_weak,,,,,weak,very_weak,30.655,16.735,35.26,27.825,25.515,16.125,28.975,11.325,26.56,30.405,7.470000000000001,25.485,22.15,10.125,20.375,8.185,36.185,20.265,17.585,12.575,16.93,42.245000000000005,5.955,18.44,44.42,1286.67308646122,374.516370026474,1011.20905693697,2050.91109406901,660.461034776165,2448.93382400475,2274.50964852506,168.333259280168,208.491025361622,966.034199216929,1261.31079314099,876.759201098309,1502.07522064458,363.525215814531,1427.49182541303,66.780189090995,824.909557178474,1230.56274124423,833.78411454308,352.151033308263,409.063665622503,1232.02819891002,109.70870462881,428.43377594532,Ubiquitin protein ligase E3 component n-recognin 4,Q5T4S7,609890.0,gene,23352.0,UBR4,ENSG00000127481,bacteria
sp|Q5T4S7|UBR4_HUMAN,sp,Q5T4S7,UBR4,HUMAN,0283361|tr|A0A415ZVP2|A0A415ZVP2_9BACT,283361,tr,A0A415ZVP2,A0A415ZVP2,FLFNEE,2051,2056,FLFNEE,589,594,RLFKRFLFNEEDVPFV,6,,weak,very_weak,,,,,,,,weak,very_weak,,,,,,very_weak,,,very_weak,,,,,,,,,,,,,,weak,very_weak,,,,,,very_weak,,weak,very_weak,,weak,very_weak,,,very_weak,,,,,,,,weak,very_weak,,,,,,,,weak,very_weak,,,,,,,,,very_weak,,,,,weak,very_weak,6.95,29.145000000000003,39.365,5.955,29.625,13.915,16.705000000000002,38.895,29.09,65.43,30.4,2.65,17.02,7.07,5.63,45.525,66.325,2.615,32.125,21.9,2.9,20.98,33.315,17.59,39.47,222.487020501754,675.135288631595,1919.64990044807,206.314315957001,616.84096093928,1639.23252843204,787.32451538139,933.805723525364,547.265282073002,4715.80752392833,3231.06626737967,83.652745648136,1176.45370590463,145.77026131344,337.498162674509,455.249651682777,3021.88572275555,108.294655024374,1449.82856421106,416.220392729618,104.04603438183,829.922919579751,739.746652106249,192.126223779784,Ubiquitin protein ligase E3 component n-recognin 4,Q5T4S7,609890.0,gene,23352.0,UBR4,ENSG00000127481,bacteria
sp|Q5T4S7|UBR4_HUMAN,sp,Q5T4S7,UBR4,HUMAN,0283361|tr|A0A416A9V0|A0A416A9V0_9BACT,283361,tr,A0A416A9V0,A0A416A9V0,TTNEKG,4810,4815,TTNEKG,857,862,PSTPYTTNEKGEGPAW,6,,,,,,,,,,,,,,,,,,,,,,,,,,,,,,,,,,,,,,,,,,,,,,,,,,,,,,,,,,,,,,,,,,,,,,,,,,,,,,,,,very_weak,,,very_weak,95.0,68.61500000000001,29.785,49.25,77.45,24.355,44.425,68.275,36.58,51.31,73.13,95.0,46.73,95.0,59.15,58.31,95.0,95.0,79.4,48.745,95.0,42.21,62.88,60.56,16.395,35549.2363581037,15676.6952826508,4667.78501435003,16591.5330903332,16336.4464120568,7527.08393188116,13810.8427393392,15587.8980797297,6730.81420640274,5715.65709617828,28295.0328648877,34163.4373903336,12297.2960880466,35064.0909454786,24034.2701910575,8195.84159048642,30976.0819599396,37105.4922314417,24034.2701910575,8801.08617224102,32864.7135008848,7228.02620012543,11915.6251190072,13824.7467473878,Ubiquitin protein ligase E3 component n-recognin 4,Q5T4S7,609890.0,gene,23352.0,UBR4,ENSG00000127481,bacteria
sp|Q5T4S7|UBR4_HUMAN,sp,Q5T4S7,UBR4,HUMAN,0283361|tr|A0A3R6IG38|A0A3R6IG38_9BACT,283361,tr,A0A3R6IG38,A0A3R6IG38,KMVDGV,1683,1688,KMVDGV,142,147,VYNPLKMVDGVYEMDF,6,,,,,,,,,,,,very_weak,,,,,,,,,,,,very_weak,,,,,,,,,,,,,,,,,,very_weak,,,,,,,,,very_weak,,,,,,,,,,,,very_weak,,,,,,,,,,,,,,weak,very_weak,,,,,weak,very_weak,23.76,35.8,33.9,16.46,23.37,42.195,24.85,18.22,43.77,65.31,39.625,30.35,12.585,34.44,40.545,20.93,50.17,26.895,18.85,20.65,25.15,29.175,25.01,6.115,34.885000000000005,1534.70121223625,909.121401958663,1518.514158349,1160.69984246857,880.485743647825,6848.9429154625,1908.77646451822,634.076242883302,1650.85523365275,3371.05491781897,6820.69359035938,1457.3620576798,872.765090934394,1329.48242662989,3594.66905988206,190.064835342207,1787.40482346457,1561.48382266149,1255.99963658094,862.588538888478,863.167380055667,841.260052586743,643.475596080007,198.52281695769,Ubiquitin protein ligase E3 component n-recognin 4,Q5T4S7,609890.0,gene,23352.0,UBR4,ENSG00000127481,bacteria
sp|Q5T4S7|UBR4_HUMAN,sp,Q5T4S7,UBR4,HUMAN,0283361|tr|A0A416A6I7|A0A416A6I7_9BACT,283361,tr,A0A416A6I7,A0A416A6I7,VLFTPA,4132,4137,VLFTPA,6,11,MEKESVLFTPAKIGPL,6,,,very_weak,,,,,weak,very_weak,,,,,weak,very_weak,,,very_weak,,,,strong,weak,very_weak,,,very_weak,,,very_weak,,weak,very_weak,,,very_weak,,weak,very_weak,,,,,,very_weak,,weak,very_weak,,,,,weak,very_weak,,,very_weak,,,very_weak,,,very_weak,,,very_weak,,weak,very_weak,,weak,very_weak,strong,weak,very_weak,,,very_weak,,,very_weak,strong,weak,very_weak,14.655,24.255000000000003,9.49,31.32,6.734999999999999,15.075,41.185,1.875,14.53,19.165,6.21,11.615,33.52,14.72,8.305,6.105,17.2,16.725,14.005,14.43,9.84,4.145,1.275,16.465,13.995,1883.13458237976,772.89987096898,465.560890370576,2791.48042450316,201.465658761232,2071.94376062062,5334.01023293698,35.2233323741586,448.687121622474,345.691761340975,1301.96554741881,432.144291610902,2630.94897177559,541.838857000467,1034.19089857316,40.7864194605556,601.829747396696,967.6451914798,1199.31788376655,646.119711515045,393.355596313241,94.77568147141,25.4874589185383,475.946009541881,Ubiquitin protein ligase E3 component n-recognin 4,Q5T4S7,609890.0,gene,23352.0,UBR4,ENSG00000127481,bacteria
sp|Q5T4S7|UBR4_HUMAN,sp,Q5T4S7,UBR4,HUMAN,0283361|tr|A0A3R6NBD4|A0A3R6NBD4_9BACT,283361,tr,A0A3R6NBD4,A0A3R6NBD4,FPSASV,2440,2445,FPSASV,649,654,NRTGYFPSASVAWRMD,6,,,,,,,,,,,weak,very_weak,,,very_weak,,weak,very_weak,,,,strong,weak,very_weak,,,,,weak,very_weak,,,,,,,,,very_weak,,weak,very_weak,,,,,,,,,very_weak,,,very_weak,,,very_weak,,,,,,,,weak,very_weak,,,,,,very_weak,strong,weak,very_weak,,weak,very_weak,,,,strong,weak,very_weak,28.375,53.59,27.225,6.859999999999999,12.205,6.365,42.475,1.61,27.39,2.2,29.02,43.695,9.885,38.145,47.955,13.44,17.98,35.1,43.775,8.875,36.77,14.955,1.595,9.245,28.61,2233.24888695768,985.267199128326,548.563581940959,556.340059012825,241.369963771812,275.346200568996,2853.28597686415,19.7983539423894,371.336822613432,44.1610015040261,1694.61521107695,2214.40897357751,1168.41115646223,1926.80815780401,3351.48887250508,35.777200566362,361.790864342704,2793.32342778929,2317.91168079796,117.092448253536,1694.61521107695,68.8663104690745,25.8493303443023,165.781088446486,Ubiquitin protein ligase E3 component n-recognin 4,Q5T4S7,609890.0,gene,23352.0,UBR4,ENSG00000127481,bacteria
sp|Q5T4S7|UBR4_HUMAN,sp,Q5T4S7,UBR4,HUMAN,0283361|tr|A0A3R6J6H3|A0A3R6J6H3_9BACT,283361,tr,A0A3R6J6H3,A0A3R6J6H3,KKEEKE,3371,3376,KKEEKE,77,82,AFAPYKKEEKERRLLL,6,,,,,,,,,,,,,,,,,,,,weak,very_weak,,,,,,,,,,,,,,,,,,very_weak,,,,,,,,,,,,,,,,,,,,,,,,,,,,,,,,,,,,,,,,,,very_weak,,weak,very_weak,88.13499999999999,55.03,36.65,20.61,64.035,39.285,4.324999999999999,82.15,22.975,95.0,57.195,59.24,92.945,51.915,21.95,61.265,95.0,62.09,64.36,55.215,55.85,50.49,82.435,70.97,14.31,16989.7371456094,2161.45519183338,4272.2285197975,3024.04443825136,4494.42200626364,8583.56214159363,435.519234338089,7263.22596531478,2260.79435038552,26637.8609780579,11905.7020726529,7986.27428128037,17072.2907480688,5707.93205349259,3434.48918369802,2258.2762405411,32125.3536106993,9466.37786936722,7539.39163149025,4287.6954550479,4116.00526059775,5154.55291598702,7143.20545886466,6137.47996640692,Ubiquitin protein ligase E3 component n-recognin 4,Q5T4S7,609890.0,gene,23352.0,UBR4,ENSG00000127481,bacteria
sp|Q5T4S7|UBR4_HUMAN,sp,Q5T4S7,UBR4,HUMAN,0283361|tr|A0A3R6MBM2|A0A3R6MBM2_9BACT,283361,tr,A0A3R6MBM2,A0A3R6MBM2,LSQKNV,1571,1576,LSQKNV,109,114,EVLAALSQKNVINPSI,6,,,,,,,,,,,,,,,very_weak,,,,,,,,,,,,,,,very_weak,,,very_weak,,,,,,,,,,,,,,,,,,,,,very_weak,,,,,,,strong,weak,very_weak,,,,,,,,,,,,very_weak,,,,,,,strong,weak,very_weak,57.165,22.975,20.7,60.185,19.125,26.17,21.615,22.805,28.26,12.580000000000002,13.39,43.55,56.22,35.845,37.33,10.955,25.06,46.68,1.795,23.51,44.2,26.515,15.114999999999998,31.445,26.72,6072.41720495242,556.249774198146,603.472925947801,5466.46295732968,581.997260298727,1149.70079559674,2722.92922747455,316.962576836318,474.20861334017,161.577034072986,1307.8955420656,2946.62410788157,4413.55940739212,1771.50171192154,3287.13263078864,51.1406619567573,440.59537795187,4596.26875698337,304.626350799611,372.044625975534,2090.86069131343,336.120655810711,187.637396050137,543.829919647625,Ubiquitin protein ligase E3 component n-recognin 4,Q5T4S7,609890.0,gene,23352.0,UBR4,ENSG00000127481,bacteria
sp|Q5T4S7|UBR4_HUMAN,sp,Q5T4S7,UBR4,HUMAN,0283361|tr|A0A416A6C9|A0A416A6C9_9BACT,283361,tr,A0A416A6C9,A0A416A6C9,SFITQL,2620,2625,SFITQL,58,63,NRVISSFITQLRTDAR,6,,weak,very_weak,,weak,very_weak,,weak,very_weak,,,very_weak,strong,weak,very_weak,,,very_weak,,weak,very_weak,,,very_weak,,weak,very_weak,,,,,weak,very_weak,,weak,very_weak,,weak,very_weak,,,very_weak,,weak,very_weak,strong,weak,very_weak,,,very_weak,,,very_weak,,,very_weak,,weak,very_weak,,weak,very_weak,,,very_weak,,weak,very_weak,strong,weak,very_weak,,,very_weak,,,very_weak,,weak,very_weak,strong,weak,very_weak,6.5200000000000005,6.815,7.415,17.1,1.39,17.655,8.01,10.68,3.605,24.165,9.665,8.190000000000001,14.695,5.045,1.325,15.925,10.885,9.775,5.42,17.09,5.09,1.045,10.465,11.46,2.905,1032.569661806,120.024728448921,278.055606316431,1553.49613614337,58.2416764943443,1509.86385789927,431.719011817053,140.089284296234,164.720820720694,904.793841720963,1176.97570937794,189.13349211977,1531.89750992439,135.251678018632,365.007134769843,86.3331719429729,436.491034586236,365.485312563818,330.466329891747,259.663358939014,221.408781862788,96.1785260384105,134.484119449581,252.285688376623,Ubiquitin protein ligase E3 component n-recognin 4,Q5T4S7,609890.0,gene,23352.0,UBR4,ENSG00000127481,bacteria
sp|Q5T4S7|UBR4_HUMAN,sp,Q5T4S7,UBR4,HUMAN,0283361|tr|A0A3R6QR24|A0A3R6QR24_9BACT,283361,tr,A0A3R6QR24,A0A3R6QR24,KSLTGL,4239,4244,KSLTGL,1306,1311,LYRKLKSLTGLNSSAF,6,,,,,weak,very_weak,,weak,very_weak,,,,,weak,very_weak,,,very_weak,,,,,,very_weak,,,,,,,,weak,very_weak,,,,,weak,very_weak,,,,,,very_weak,,,very_weak,,,,strong,weak,very_weak,,,,,,,,weak,very_weak,,weak,very_weak,,,,,,very_weak,,,very_weak,,weak,very_weak,,weak,very_weak,strong,weak,very_weak,32.56,5.5600000000000005,3.31,42.37,3.4000000000000004,11.465,33.739999999999995,14.955,21.995,40.385000000000005,7.08,23.49,46.59,17.335,15.32,0.4599999999999999,25.235,21.695,2.895,2.175,30.29,10.235,17.915,4.165,2.05,3801.10877473054,80.8120992800914,89.9674626349142,2965.36620745316,52.9749908622852,978.362266068742,2715.30938304606,160.640957844637,359.617046511157,783.102096120798,468.182585351908,747.486610156268,3675.29160109253,492.122031669781,623.81445629215,4.94931799679049,705.148632685185,1470.5564505805,152.950589443735,39.6614642617513,776.042218529995,147.196676833769,149.963280672138,74.3249378454696,Ubiquitin protein ligase E3 component n-recognin 4,Q5T4S7,609890.0,gene,23352.0,UBR4,ENSG00000127481,bacteria
sp|Q5T4S7|UBR4_HUMAN,sp,Q5T4S7,UBR4,HUMAN,0283361|tr|A0A416A9J8|A0A416A9J8_9BACT,283361,tr,A0A416A9J8,A0A416A9J8,SSSSAP,3346,3351,SSSSAP,787,792,GARYYSSSSAPATASL,6,,,,,,,strong,weak,very_weak,,weak,very_weak,,weak,very_weak,strong,weak,very_weak,,,,strong,weak,very_weak,,,very_weak,strong,weak,very_weak,,weak,very_weak,,,,,weak,very_weak,,weak,very_weak,,,,,,,,,very_weak,strong,weak,very_weak,,weak,very_weak,,,,,,,strong,weak,very_weak,,,,strong,weak,very_weak,strong,weak,very_weak,strong,weak,very_weak,,weak,very_weak,strong,weak,very_weak,38.145,31.945,1.2,9.765,7.9,0.63,48.945,0.925,12.79,0.615,3.86,38.12,6.755000000000001,44.93,47.405,0.965,2.43,35.72,64.995,0.18,50.03,0.235,0.12,1.585,3.39,6688.41795737053,1396.55555191538,164.355865849625,1629.1540432317,286.04137728587,39.2792480986816,5695.47044749157,31.835316233277,368.152400740078,20.5889716909384,1201.65590339148,3261.1658250271,1424.82231452229,4143.61965659683,7597.8614153813,6.66932474137842,118.355996106117,4924.59757525102,7213.26043667337,19.3923551623092,3921.88649206735,100.515055976214,16.2408867933974,72.0095451061861,Ubiquitin protein ligase E3 component n-recognin 4,Q5T4S7,609890.0,gene,23352.0,UBR4,ENSG00000127481,bacteria
sp|Q5T4S7|UBR4_HUMAN,sp,Q5T4S7,UBR4,HUMAN,0283361|tr|A0A3R6IST4|A0A3R6IST4_9BACT,283361,tr,A0A3R6IST4,A0A3R6IST4,SVSLSE,675,680,SVSLSE,19,24,NYFTGSVSLSEKDIIK,6,,,,,,,,,,,,,,,,,,very_weak,,,very_weak,,weak,very_weak,,,,,weak,very_weak,,,very_weak,,,,,,,,weak,very_weak,,,,,,,,,very_weak,,,,,,,,,,,,,,weak,very_weak,,,,,,very_weak,strong,weak,very_weak,strong,weak,very_weak,,,,strong,weak,very_weak,45.965,22.565,30.945,21.575,52.465,14.66,10.24,4.699999999999999,38.1,2.85,14.245,29.98,5.615,27.29,44.59,25.895000000000003,20.235,24.46,29.4,6.875,24.23,12.475,1.83,1.92,32.405,4249.36254663639,1337.18609268984,1521.49089975207,2138.26419451334,2428.116735466,1353.23996425508,1494.21358739479,111.70663491266,1659.41533263994,44.6989232337084,2700.07517556796,1542.87602468399,716.810414687747,1164.05781401469,3291.2608822849,138.099745482247,579.383561049282,1844.99675504143,3206.37486585627,140.983377582203,874.598981169761,333.530411033643,70.1022444405561,65.2269970420991,Ubiquitin protein ligase E3 component n-recognin 4,Q5T4S7,609890.0,gene,23352.0,UBR4,ENSG00000127481,bacteria
sp|Q5T4S7|UBR4_HUMAN,sp,Q5T4S7,UBR4,HUMAN,0283361|tr|A0A415ZS02|A0A415ZS02_9BACT,283361,tr,A0A415ZS02,A0A415ZS02,SQLLKP,3122,3127,SQLLKP,225,230,NGKVISQLLKPDEKAE,6,,,,,weak,very_weak,,,,,,,,,,,,,,,,,,,,,,,,,,,,,,very_weak,,,,,,,,,very_weak,,,very_weak,,,,,,,,,,,,very_weak,,,very_weak,,,,,,very_weak,,,very_weak,,,,,,,,,very_weak,,weak,very_weak,41.92,5.21,20.575,50.66,36.635,46.915,25.48,56.075,41.435,52.905,25.905,19.97,36.85,15.56,11.815,41.935,33.1,19.755,11.735,37.605,13.21,10.535,46.765,21.34,12.33,7795.46495708747,360.797947124819,1822.65539927502,9005.4928879611,2556.28025609237,11492.2079421649,4360.86979562069,3011.6039719358,4270.05651753587,5760.10802774072,6141.59853036551,2073.73797479719,5032.70622179107,1417.45702767129,2186.76607901584,865.945607609458,2889.57318824859,3338.96554974071,1476.56718402742,2829.00109564444,1096.5578218218,1562.8529101186,2977.16466695473,1218.58518138084,Ubiquitin protein ligase E3 component n-recognin 4,Q5T4S7,609890.0,gene,23352.0,UBR4,ENSG00000127481,bacteria
sp|Q5T4S7|UBR4_HUMAN,sp,Q5T4S7,UBR4,HUMAN,0283361|tr|A0A416A7C9|A0A416A7C9_9BACT,283361,tr,A0A416A7C9,A0A416A7C9,SGAVDY,3092,3097,SGAVDY,54,59,LNGRLSGAVDYYYKKT,6,,weak,very_weak,,,,,,,,,,,,very_weak,,,,,,very_weak,,,very_weak,,,,,,,,,,,,,,,,,,very_weak,,,,,,,,,very_weak,,,,,,very_weak,,,,,weak,very_weak,,,,,,,,,very_weak,,,very_weak,,,,,,,,weak,very_weak,5.105,27.005000000000003,46.775,23.485,18.73,42.0,19.0,18.055,31.455,20.195,22.93,44.49,11.405,43.77,39.84,43.45,10.895,40.82,7.58,30.11,38.27,14.83,12.035,28.755,49.71,744.991702534607,1095.14685337702,2556.77815551611,2290.98368517239,862.569873056956,5614.5230020734,1970.04462521674,542.906897133811,806.552195357323,676.949315241984,5500.51835576302,2933.32759782627,1391.89422816295,2980.22640508643,4044.66340462958,468.577871405908,559.703030686216,4779.71046556683,798.287002386853,1475.60892733163,2012.66097831042,448.604599394145,400.948334040866,1275.12856518098,Ubiquitin protein ligase E3 component n-recognin 4,Q5T4S7,609890.0,gene,23352.0,UBR4,ENSG00000127481,bacteria
sp|Q5T4S7|UBR4_HUMAN,sp,Q5T4S7,UBR4,HUMAN,0283361|tr|A0A3R6KWQ4|A0A3R6KWQ4_9BACT,283361,tr,A0A3R6KWQ4,A0A3R6KWQ4,RALSVL,3857,3862,RALSVL,307,312,NRYICRALSVLRHPED,6,,,,,,very_weak,,,very_weak,,,,,,very_weak,,,,,,very_weak,,,,,,,,,,,,very_weak,,,very_weak,,weak,very_weak,,,,,,,,,,,,,,,very_weak,,,,,,,,,very_weak,,,,,,,,,,,,,,,,,,very_weak,,weak,very_weak,48.325,19.175,19.04,31.675,17.78,27.95,10.32,24.03,20.06,49.05,12.935,14.96,44.655,25.84,20.01,18.62,29.96,34.010000000000005,18.655,27.075,33.96,22.925,26.945,28.83,18.775,2959.82076246714,68.3762841845074,194.23728837816,1984.48521947644,103.632580200253,758.64920383394,219.519577576468,90.225791222735,205.261147037408,1146.90531047901,350.721309772253,524.550533850858,3292.50749326674,329.056992552787,430.012768381978,31.3652016851087,363.973884358708,1053.40083775301,214.362898748299,139.745634642053,491.414362351657,80.1581088117534,132.918893774449,166.64611415907,Ubiquitin protein ligase E3 component n-recognin 4,Q5T4S7,609890.0,gene,23352.0,UBR4,ENSG00000127481,bacteria
sp|Q5T4S7|UBR4_HUMAN,sp,Q5T4S7,UBR4,HUMAN,0283361|tr|A0A416ACY0|A0A416ACY0_9BACT,283361,tr,A0A416ACY0,A0A416ACY0,GVLSVI,470,475,GVLSVI,461,466,VYRITGVLSVIGGWFI,6,,,,,,,,,,,,,,,,,,,,,,,weak,very_weak,,,,,,,,,,,,,,,,,,,,,,,,,,,,,,,,,very_weak,,,,,,,,,very_weak,,,,,,,,,,,,,,,,,weak,very_weak,55.91499999999999,44.915,26.775,28.14,22.84,28.200000000000003,59.790000000000006,4.415,36.93,30.645,26.83,37.045,38.355,29.86,44.285,21.815,16.665,29.96,35.005,19.04,40.81,37.49,22.635,20.38,34.87,4107.28579364001,639.277183120654,407.804204703148,1424.3290795451,252.577932759766,789.542489597803,4774.59338131648,28.7038416367667,266.644447889529,496.889237973002,1071.14649021319,709.810371572656,4661.87973824932,408.055786285262,2054.57578085892,42.4817603299783,376.055300983132,1034.09019603031,851.065260960508,284.66437509349,842.717673473259,568.510214670631,159.096309211121,235.396721948738,Ubiquitin protein ligase E3 component n-recognin 4,Q5T4S7,609890.0,gene,23352.0,UBR4,ENSG00000127481,bacteria
sp|Q5T4S7|UBR4_HUMAN,sp,Q5T4S7,UBR4,HUMAN,0283361|tr|A0A416A5F5|A0A416A5F5_9BACT,283361,tr,A0A416A5F5,A0A416A5F5,SALNEV,3046,3051,SALNEV,61,66,PGHIESALNEVNGKIN,6,,,,,,,,,,,,,,,,,,very_weak,,,,,,,,,,,,very_weak,,,,,,,,,,,,very_weak,,,,,,,,,very_weak,,,,,,,,,,,,,,weak,very_weak,,,,,,,,,,,,very_weak,,,,,weak,very_weak,40.89,25.89,29.36,46.2,39.115,19.355,41.025,45.235,47.025,13.495,21.450000000000003,43.195,11.76,35.955,47.94,24.365,21.43,45.425,62.685,9.26,42.895,30.32,25.34,16.46,41.315,7636.67982278828,2241.60078929317,2658.73544088372,7338.74455190906,4497.09737795457,4625.00303346623,7026.38449766189,2968.3194607229,2177.06327562426,905.822341057273,6919.85454833485,5435.67581212442,1740.64597052165,4650.79602391481,10016.418452818,587.469804760925,1611.04664403998,9191.04825049509,7878.30730853609,650.039450820722,3908.07739524706,2236.70690730824,1144.10424353205,1030.81711930973,Ubiquitin protein ligase E3 component n-recognin 4,Q5T4S7,609890.0,gene,23352.0,UBR4,ENSG00000127481,bacteria
sp|Q5T4S7|UBR4_HUMAN,sp,Q5T4S7,UBR4,HUMAN,0283361|tr|A0A416AF87|A0A416AF87_9BACT,283361,tr,A0A416AF87,A0A416AF87,STFVRS,4603,4608,STFVRS,6,11,MEELLSTFVRSIFVDN,6,,,very_weak,,,,,,,,,,,,very_weak,,,,,,,,weak,very_weak,,,very_weak,,,,,,very_weak,,weak,very_weak,,,,,,,,weak,very_weak,,,very_weak,,,,,,,,,very_weak,strong,weak,very_weak,,weak,very_weak,,,,,weak,very_weak,,,,,,very_weak,,,,,,,strong,weak,very_weak,10.975,37.155,35.71,31.545,18.96,36.87,21.48,2.62,17.39,37.105,12.29,3.62,25.275,3.785,12.085,30.965,19.09,1.78,8.44,41.35,3.865,34.82,10.82,35.32,32.975,590.005064229681,457.20441372743,727.459806539272,1477.51007659475,162.450001230252,1687.46122823137,1559.96402096984,23.197479562399,212.964269215816,1093.0397173033,899.415781348193,28.866105109617,1735.28671777313,40.0140491586471,291.995191315054,83.6418851032739,323.154157231232,33.0250417661912,341.864330178018,742.681885572743,63.2908244832446,245.05664432809,112.742377929422,379.361437008125,Ubiquitin protein ligase E3 component n-recognin 4,Q5T4S7,609890.0,gene,23352.0,UBR4,ENSG00000127481,bacteria
sp|Q5T4S7|UBR4_HUMAN,sp,Q5T4S7,UBR4,HUMAN,0283361|tr|A0A3R6LU72|A0A3R6LU72_9BACT,283361,tr,A0A3R6LU72,A0A3R6LU72,KKIDAA,4779,4784,KKIDAA,281,286,LLDMLKKIDAASGTAV,6,,,,,weak,very_weak,,weak,very_weak,,,,,,very_weak,,,very_weak,,,,,,very_weak,,,very_weak,,,very_weak,,,very_weak,,,,,,very_weak,,,,,,,,,,,,,,weak,very_weak,,,,,,,,,very_weak,,weak,very_weak,,,,,,very_weak,,weak,very_weak,,,very_weak,,weak,very_weak,,weak,very_weak,56.84,7.695,3.61,30.915,16.055,16.335,32.36,10.565,19.995,18.875,16.93,59.915,45.77,56.77,38.48,4.98,24.27,62.825,12.245,6.735,59.485,17.375,9.155,14.415,7.315,7115.82088065346,212.786917688379,161.744951123215,2556.69516554472,564.874256926315,1927.05834569029,2698.20611302954,190.823121016376,206.390227274275,278.386738331186,3082.78287283153,5852.70871649148,4739.43962428406,4520.26922995981,4107.64132840012,36.6374546396989,1158.44150961082,8014.32015981033,652.63991987927,312.738440455888,4112.44406092876,434.653048077001,115.848656930568,595.314535357531,Ubiquitin protein ligase E3 component n-recognin 4,Q5T4S7,609890.0,gene,23352.0,UBR4,ENSG00000127481,bacteria
sp|Q5T4S7|UBR4_HUMAN,sp,Q5T4S7,UBR4,HUMAN,0283361|tr|A0A3R6IPK7|A0A3R6IPK7_9BACT,283361,tr,A0A3R6IPK7,A0A3R6IPK7,DELYAA,964,969,DELYAA,174,179,YIKKVDELYAAKEKEI,6,,,,,,,,,,,,,,,very_weak,,,,,,,,,very_weak,,,,,,,,,,,,,,,,,,very_weak,,,,,,very_weak,,,,,,very_weak,,,,,,,,,very_weak,,,,,,,,,very_weak,,weak,very_weak,,,very_weak,,,,,weak,very_weak,27.37,23.455,28.025,32.24,17.48,38.870000000000005,27.835,18.61,42.985,45.385,21.405,31.815,10.45,23.455,10.760000000000002,19.875,39.665,29.93,10.015,26.52,20.675,17.575,8.415,16.645,28.065,3786.00407298115,641.987395316998,1186.05210488769,2393.7363776224,448.818217540056,7161.15877518097,1782.0944137117,1047.3547516646,1677.50362181437,4263.77779339791,4482.81477320032,2008.59288116844,1655.55960029598,1180.78952536612,1382.18444243813,325.287010397441,2352.75531774205,2862.62454612252,849.997763863608,1294.43677918714,940.213062371825,1460.88264178184,417.194267365201,993.209032588368,Ubiquitin protein ligase E3 component n-recognin 4,Q5T4S7,609890.0,gene,23352.0,UBR4,ENSG00000127481,bacteria
sp|Q5T4S7|UBR4_HUMAN,sp,Q5T4S7,UBR4,HUMAN,0283361|tr|A0A415ZSW6|A0A415ZSW6_9BACT,283361,tr,A0A415ZSW6,A0A415ZSW6,SESGGS,2895,2900,SESGGS,50,55,EEIYPSESGGSQTDRE,6,,,,,,,,,,,,,,,,,,,,,,,,,,,,,,very_weak,,,,,,,,,,,,,,,,,,,,,,,,,,,,,,,,,,,,,,,,,,,,,,,,,,,,,,very_weak,85.06,56.75,44.635000000000005,67.47999999999999,50.61,40.67,55.185,40.84,48.485,10.23,70.53,95.0,26.59,95.0,95.0,51.7,43.03,95.0,78.9,24.675,95.0,35.59,24.38,48.725,53.18,19034.6388277309,9483.80599141848,6456.82266699378,18901.4450994948,8811.94861134645,11984.2810226474,15795.5370969837,4816.20501541099,6909.00672262624,437.507604813973,25067.4370197613,30897.4207365682,3388.71800511328,32390.6105185367,33274.3952682519,2696.86352353943,5056.01134656824,33586.5489859995,20718.4075474576,2361.34974703631,28783.8360444577,3511.82311658386,1754.23999588044,7550.82072193991,Ubiquitin protein ligase E3 component n-recognin 4,Q5T4S7,609890.0,gene,23352.0,UBR4,ENSG00000127481,bacteria
sp|Q5T4S7|UBR4_HUMAN,sp,Q5T4S7,UBR4,HUMAN,0283361|tr|A0A3R6N3Y9|A0A3R6N3Y9_9BACT,283361,tr,A0A3R6N3Y9,A0A3R6N3Y9,GKAPSK,4084,4089,GKAPSK,352,357,VEKFFGKAPSKGVNPD,6,,,,,,,,weak,very_weak,,,,,,,,,very_weak,,,,,weak,very_weak,,,,,,very_weak,,,,,,,,weak,very_weak,,,,,,,,,,,,,,weak,very_weak,,,,,,,,,,,,very_weak,,,,strong,weak,very_weak,,weak,very_weak,,,,,weak,very_weak,strong,weak,very_weak,75.15,42.25,2.8350000000000004,32.97,25.355,13.43,61.755,3.445,26.32,14.895,21.305,34.075,74.35,45.24,35.325,4.045,51.96,38.705,53.08,13.57,45.83,0.555,2.185,26.995,7.435,17478.0614625794,3275.55852407965,364.166903240287,6841.53651858085,1878.63706488533,3146.74523010418,12560.0514169739,160.118640871322,2604.29809997772,569.94524176095,6672.51610701155,6812.06464135562,11194.1127638442,9388.85472047158,8388.00632936838,47.5995422316381,6125.07456630261,10761.8126351346,8468.34498495985,879.276688639307,7050.37288897825,378.377609343486,124.228961470802,2043.09282168502,Ubiquitin protein ligase E3 component n-recognin 4,Q5T4S7,609890.0,gene,23352.0,UBR4,ENSG00000127481,bacteria
sp|Q5T4S7|UBR4_HUMAN,sp,Q5T4S7,UBR4,HUMAN,0283361|tr|A0A416AFP5|A0A416AFP5_9BACT,283361,tr,A0A416AFP5,A0A416AFP5,TLAENL,4762,4767,TLAENL,153,158,AAALETLAENLSDGVI,6,,,,,,,,,,,,,,,,,,very_weak,,,,,,,,,,,,,,,,,,,,,,,weak,very_weak,,,,,,,,weak,very_weak,,,,,,,,,,,,,,,,,,,,,,,,,,,,,,,,weak,very_weak,20.875,31.945,38.86,27.645,41.165,14.8,40.41,35.385,21.065,31.65,40.77,53.975,7.725,29.335,45.74,26.16,33.525,33.86,21.520000000000003,34.24,39.375,27.29,49.1,25.23,41.455,2956.39611256408,2067.68872108421,4638.28306234902,3176.05928051891,4135.96029352749,1281.94846612118,5366.65977492635,2211.4639257578,263.892005067452,3140.96254539046,9241.20550075982,4780.38281314848,945.896474602323,3317.57500237411,8694.70058355543,842.261895850528,1959.37327839532,6035.80051596735,3498.96567792843,2241.06727307556,2867.67759360312,2686.52468189326,2510.66853377742,1209.05049823716,Ubiquitin protein ligase E3 component n-recognin 4,Q5T4S7,609890.0,gene,23352.0,UBR4,ENSG00000127481,bacteria
sp|Q5T4S7|UBR4_HUMAN,sp,Q5T4S7,UBR4,HUMAN,0283361|tr|A0A3R6NFH7|A0A3R6NFH7_9BACT,283361,tr,A0A3R6NFH7,A0A3R6NFH7,VRKLLL,3210,3215,VRKLLL,143,148,ENGSNVRKLLLIGSEP,6,,,,,weak,very_weak,,,,,,,,,,,,,,,,,,,,,,,,,,,very_weak,,,,,,,,,,,,,,,,,,,,,,,,,,,,,,very_weak,,,,,,,,,,,,,,,,,,,,weak,very_weak,57.92,5.0600000000000005,20.805,76.69,40.755,63.13,50.540000000000006,61.515,50.875,62.64,18.81,32.56,54.945,38.58,24.885,28.375,22.5,41.81,18.07,35.7,41.205,34.879999999999995,65.03,52.385000000000005,28.025,6510.20666086943,190.897463393055,647.806710197575,8473.20253520777,740.996314035571,7127.14765174565,4163.79867019029,1449.671704461,1903.08486651344,2094.16620823726,3154.89301383486,2720.19068690044,5732.13080088378,1491.61295656572,2005.09698967482,229.822313505786,1043.72344242402,3744.49130456243,803.355840947219,1554.20225288965,1922.10234766027,553.170836891175,1681.17397519309,1295.48761942071,Ubiquitin protein ligase E3 component n-recognin 4,Q5T4S7,609890.0,gene,23352.0,UBR4,ENSG00000127481,bacteria
sp|Q5T4S7|UBR4_HUMAN,sp,Q5T4S7,UBR4,HUMAN,0283361|tr|A0A415ZH05|A0A415ZH05_9BACT,283361,tr,A0A415ZH05,A0A415ZH05,ISSSRR,392,397,ISSSRR,76,81,GYLNRISSSRRLETET,6,,,,,,very_weak,,,very_weak,,,,,,very_weak,,,,,weak,very_weak,,weak,very_weak,,weak,very_weak,,,,,,,,,,,weak,very_weak,,,,,,,,,,,,,,,,,,very_weak,,,,,,,,,,,,,,,very_weak,,,very_weak,,,,,weak,very_weak,,weak,very_weak,64.005,19.215,13.72,38.715,18.995,22.335,6.369999999999999,5.66,9.98,43.975,21.72,34.82,66.845,39.73,22.505000000000003,25.565,17.634999999999998,37.96,20.615,29.475,42.59,14.595,15.735,34.115,3.815,9269.44511897173,194.004150317226,350.7668494503,3437.09139781606,158.60818570352,893.025545474934,288.987318409998,41.2725168492438,167.477595668427,1193.3894150921,2396.12033605774,2668.50533604097,6185.81376696003,1895.27636650016,1975.59444374588,55.1656237611388,597.540892163186,4035.09079329147,816.783164848941,310.778641940902,2065.25161771868,132.321966543696,125.949151334377,505.358275273876,Ubiquitin protein ligase E3 component n-recognin 4,Q5T4S7,609890.0,gene,23352.0,UBR4,ENSG00000127481,bacteria
sp|Q5T4S7|UBR4_HUMAN,sp,Q5T4S7,UBR4,HUMAN,0283361|tr|A0A415ZGZ9|A0A415ZGZ9_9BACT,283361,tr,A0A415ZGZ9,A0A415ZGZ9,ELAVEE,1639,1644,ELAVEE,338,343,MPACTELAVEECSRYY,6,,,,,,,,,,,,,,,,,,,,,,,,,,,,,,,,,,,,,,,,,,,,,,,,,,,,,,,,,,,,,,,,,,,,,,,,,,,,,,,,,,,,,61.89,67.435,86.64,32.525,76.805,86.16,29.98,78.925,81.77,73.87,83.61,75.86,42.39,63.510000000000005,76.405,77.665,61.8,66.155,45.475,76.005,67.11,66.595,80.53,72.445,84.22,5502.66129109158,3492.08229554933,9283.39638173712,2561.34675488561,6872.10244577667,17372.6687138541,2228.42146044776,5651.15144898954,6317.16529123082,4100.9357985586,15708.9559210862,6306.85281821102,1769.08828317453,4234.4003953988,8394.81581954363,2901.79212139755,2379.73982216588,7860.25681237431,3686.20360830344,4926.40953234788,3293.46948720455,3318.72385487887,4861.07120771623,4569.93751656202,Ubiquitin protein ligase E3 component n-recognin 4,Q5T4S7,609890.0,gene,23352.0,UBR4,ENSG00000127481,bacteria
sp|Q5T4S7|UBR4_HUMAN,sp,Q5T4S7,UBR4,HUMAN,0283361|tr|A0A416A8T8|A0A416A8T8_9BACT,283361,tr,A0A416A8T8,A0A416A8T8,PNSGLD,1368,1373,PNSGLD,164,169,LFCDEPNSGLDPKTSL,6,,,,,,,,,,,,,,,,,,,,,,,,,,,,,,,,,,,,,,,,,,,,,,,,,,,,,,,,,,,,,,,,,,,,,,,,,,,,,,,,,,,,,85.975,91.615,93.48,63.165000000000006,90.71,80.58500000000001,80.14,90.6,85.1,32.150000000000006,94.93,93.89,82.205,93.71,93.4,83.025,20.235,93.39,92.545,71.175,94.285,41.74,91.665,79.285,92.98,17738.4943601227,11391.0672833281,16862.6402422399,5500.39932827277,13939.8016856893,13142.4218320821,9516.49302377822,12408.6310547742,7869.19174157252,1729.98140118512,28631.3270564215,19895.4620724656,9558.69957793267,20328.2634964244,23604.1495863116,4209.77783047906,1776.7805567997,22989.6452272939,20245.7313042169,4676.47985901841,18202.3934134265,3612.95648211021,11180.3138444906,8452.96586333495,Ubiquitin protein ligase E3 component n-recognin 4,Q5T4S7,609890.0,gene,23352.0,UBR4,ENSG00000127481,bacteria
sp|Q5T4S7|UBR4_HUMAN,sp,Q5T4S7,UBR4,HUMAN,0283361|tr|A0A3R6LR93|A0A3R6LR93_9BACT,283361,tr,A0A3R6LR93,A0A3R6LR93,NIHDIK,4957,4962,NIHDIK,96,101,ALPGTNIHDIKEVNSH,6,,,,,,,,,,,,,,,,,,,,,,,,,,,,,,,,,,,,,,,,,,,,,,,,,,,,,,,,,,,,,,,,,,,,,,,,,,,,,,,,,,,,,46.88,41.81,42.39,55.3,42.93,59.295,25.075,57.855,50.66,46.83,73.575,58.81,36.215,56.755,63.61,54.995000000000005,33.129999999999995,71.35499999999999,39.51,48.58,61.11,20.995,52.885000000000005,53.115,49.04,8773.03934516032,4617.30305813616,5406.87529310676,9370.48576895279,6466.40077448644,15549.8280266182,3826.52771601842,5536.28324659295,6482.72319059927,3502.45035101976,22017.088300877,9323.15678023724,3895.45474935391,10583.0639655838,15197.5356858312,3756.70606827865,2707.15427940759,15099.0314899785,7794.79022467004,6158.56686506258,8835.05193077017,2062.30410852395,4986.84937842175,5445.15292616504,Ubiquitin protein ligase E3 component n-recognin 4,Q5T4S7,609890.0,gene,23352.0,UBR4,ENSG00000127481,bacteria
sp|Q5T4S7|UBR4_HUMAN,sp,Q5T4S7,UBR4,HUMAN,0283361|tr|A0A415ZR16|A0A415ZR16_9BACT,283361,tr,A0A415ZR16,A0A415ZR16,LLTSYL,4165,4170,LLTSYL,297,302,SSSSSLLTSYLNSVLR,6,,weak,very_weak,,,,,,,,,,strong,weak,very_weak,,,,,,,,,very_weak,,,,,,,,,,,weak,very_weak,,,,,,very_weak,strong,weak,very_weak,,,very_weak,,,,,,,,,,,weak,very_weak,,,,,,,,weak,very_weak,,,,,,very_weak,,,,,,,strong,weak,very_weak,7.18,27.8,47.01,26.52,1.215,29.935,32.915,18.13,20.495,44.52,22.225,3.87,16.605,1.235,10.785,37.86,33.75,2.185,27.465,40.665,2.925,41.58,16.02,29.025,52.265,281.202116287953,299.372238156286,998.704795468418,1342.92773490959,17.5026221278821,740.339177493768,1719.54960956424,130.034085286431,67.0785428880309,910.588221313574,1256.97847170619,28.7001150482681,1686.29312350775,25.5443306177626,444.733502685073,83.3762417592613,478.356972863456,42.4394941927721,580.324644767328,523.178854472807,60.6284470638521,373.856446120025,203.483303468385,277.484578462932,Ubiquitin protein ligase E3 component n-recognin 4,Q5T4S7,609890.0,gene,23352.0,UBR4,ENSG00000127481,bacteria
sp|Q5T4S7|UBR4_HUMAN,sp,Q5T4S7,UBR4,HUMAN,0283361|tr|A0A415ZX95|A0A415ZX95_9BACT,283361,tr,A0A415ZX95,A0A415ZX95,NLLSQL,3023,3028,NLLSQL,86,91,ITIDENLLSQLEINVS,6,,,,,,very_weak,,,,,,,,,,,,,,,very_weak,,,,,,,,,,,,,,,,,,,,,,,,,,,,,,very_weak,,,,,weak,very_weak,,,,,,very_weak,,,,,,,,,,,,,,,,,,,,weak,very_weak,24.39,15.725,58.94,28.2,28.58,39.345,18.43,50.385000000000005,33.230000000000004,49.785,53.205,47.485,23.165,25.235,44.36,27.565,9.235,40.43,15.055,41.97,25.25,39.605,40.370000000000005,38.945,62.05,1389.56188647831,398.151338168989,2795.07692006086,588.220326345411,1397.91615219959,2207.78215137874,177.417938480391,1988.03121266436,256.441352853192,3486.68342473422,7340.25337518232,1193.69934834434,1366.98469763006,667.566418983685,2739.92239011347,362.641308162537,297.776371113486,1589.78274655931,1024.2909300016,501.105865365979,669.780295587336,1261.55646491958,1450.34632181823,892.214277769753,Ubiquitin protein ligase E3 component n-recognin 4,Q5T4S7,609890.0,gene,23352.0,UBR4,ENSG00000127481,bacteria
sp|Q5T4S7|UBR4_HUMAN,sp,Q5T4S7,UBR4,HUMAN,0283361|tr|A0A3R6KT28|A0A3R6KT28_9BACT,283361,tr,A0A3R6KT28,A0A3R6KT28,LLAAGS,973,978,LLAAGS,418,423,IDYDNLLAAGSMMGSG,6,,,,,,,,,very_weak,,,,,,very_weak,,,,,,,,,,,,,,weak,very_weak,,,,,,,,,,,,,,,,,,,,,,,weak,very_weak,,weak,very_weak,,,,,,,,weak,very_weak,,,,,,,,,very_weak,,,very_weak,,,very_weak,,weak,very_weak,61.865,36.345,13.364999999999998,46.55500000000001,18.485,23.24,36.58,22.62,44.555,4.515000000000001,41.17,67.67,34.4,56.870000000000005,64.64,4.67,6.915,66.33,47.63,5.484999999999999,69.065,24.425,15.475,17.375,18.885,4916.02647110432,718.39433095303,280.679285270766,2281.28739168367,321.688977206654,2113.14884351467,1363.2330754178,193.162151881332,675.157203429668,39.5564670677268,3710.29208462637,3226.62946998503,2212.18186875208,1949.45567030288,5260.93162918571,17.9768780203687,127.262824469144,4826.06393352693,2265.25069209718,104.340271704923,2977.48680699796,277.217500452475,105.591808505679,266.240848913331,Ubiquitin protein ligase E3 component n-recognin 4,Q5T4S7,609890.0,gene,23352.0,UBR4,ENSG00000127481,bacteria
sp|Q5T4S7|UBR4_HUMAN,sp,Q5T4S7,UBR4,HUMAN,0283361|tr|A0A415ZWD0|A0A415ZWD0_9BACT,283361,tr,A0A415ZWD0,A0A415ZWD0,LLLSLP,2511,2516,LLLSLP,10,15,IIIASLLLSLPIMAQT,6,,,,,,very_weak,,,,,,,,,,,,,,,,,,,,,,,,,,,,,,,,,,,,,,,,,,,,,,,,very_weak,,,,,,,,,very_weak,,,,,,,,,,,,,,,,,,,,,very_weak,28.32,12.295000000000002,22.45,41.625,32.175,25.035,22.425,21.845,30.93,39.06,28.285,33.730000000000004,44.495,26.17,34.285,16.165,33.105,25.035,18.13,20.72,33.235,46.805,25.255,20.515,23.225,676.400204956497,66.9306480751767,214.300285200522,2361.6308058493,134.808995927884,841.123529956898,874.182709714033,111.339811652337,204.071992393942,798.693058177332,1200.34345394756,286.648622182647,2227.79466193628,124.339229024667,807.049771583917,21.4566159086597,295.047140230432,367.802034758488,189.641676469482,159.810561855969,305.544015330471,489.323925464115,171.928162154642,141.967635325084,Ubiquitin protein ligase E3 component n-recognin 4,Q5T4S7,609890.0,gene,23352.0,UBR4,ENSG00000127481,bacteria
sp|Q5T4S7|UBR4_HUMAN,sp,Q5T4S7,UBR4,HUMAN,0283361|tr|A0A3R6LTU7|A0A3R6LTU7_9BACT,283361,tr,A0A3R6LTU7,A0A3R6LTU7,QVEALH,492,497,QVEALH,159,164,YQSSGQVEALHLGSEQ,6,,,,,,,,,,,,,,,,,,,,,,,,,,,,,,very_weak,,,,,,,,,,,weak,very_weak,,,,,,,,,,,,,,,,,,,,,,,,,,,,,,,,,,,,,,,,,weak,very_weak,43.745000000000005,33.32,60.44,73.655,65.425,74.82499999999999,70.715,27.49,71.63,17.87,47.69,68.475,8.31,50.935,54.255,38.255,22.605,49.535,34.135000000000005,61.425,39.28,22.735000000000003,44.760000000000005,59.61,62.125,5345.04477722579,2800.1016217867,5034.01325785758,9726.77462147212,6261.56916359796,14501.1731045103,11402.2884494417,1417.71777335389,6937.4716895508,272.400758137185,9401.56147710527,6291.04128167615,1144.31470510945,4178.37572244395,9843.01896869228,672.510670462986,1097.62614802048,7686.33423760883,5108.69121252664,3914.29816707493,3111.09710802928,1136.2459612044,1282.50340212523,3458.24212679156,Ubiquitin protein ligase E3 component n-recognin 4,Q5T4S7,609890.0,gene,23352.0,UBR4,ENSG00000127481,bacteria
sp|Q5T4S7|UBR4_HUMAN,sp,Q5T4S7,UBR4,HUMAN,0283361|tr|A0A415ZX61|A0A415ZX61_9BACT,283361,tr,A0A415ZX61,A0A415ZX61,EDLNVE,804,809,EDLNVE,556,561,IPGQAEDLNVELEKAL,6,,,,,,,,,,,,,,,,,,,,,,,,,,,,,,,,,,,,,,,,strong,weak,very_weak,,,,,,,,weak,very_weak,,,,,,,,,,,,,,,,,,,,,,,,,,,,,,,strong,weak,very_weak,34.095,59.835,76.47999999999999,20.52,72.31,77.445,42.06,75.275,71.225,43.44,67.22,67.295,1.305,47.79,54.175,72.98500000000001,23.905,55.44,56.870000000000005,61.075,45.28,50.8,71.33,47.055,77.6,3364.82361869353,4085.92150862731,8894.03784544581,2921.48158711998,8349.8847882721,19540.044393566,6054.04842527266,7966.85574126981,7998.72697896613,4760.20196240609,15953.0362976578,5214.34910786231,545.155459282905,3377.62664718385,7653.47157491557,3690.79311217423,1642.89024651268,6551.40238688325,7548.0434937975,6114.81102296473,2414.36320064326,4825.69842877626,6198.07393206158,4437.11689114488,Ubiquitin protein ligase E3 component n-recognin 4,Q5T4S7,609890.0,gene,23352.0,UBR4,ENSG00000127481,bacteria
sp|Q5T4S7|UBR4_HUMAN,sp,Q5T4S7,UBR4,HUMAN,0283361|tr|A0A3R6ISB8|A0A3R6ISB8_9BACT,283361,tr,A0A3R6ISB8,A0A3R6ISB8,NDLLQV,2306,2311,NDLLQV,355,360,ALPFANDLLQVRLTLD,6,,,,,,,,,,,weak,very_weak,,,,,,,,weak,very_weak,,,,,,,,,,,,,,,,,,,,,,,,very_weak,,,,,,,,,,,,very_weak,,,very_weak,,,,,,,,,,,,,,,,,,,,,,,weak,very_weak,29.955,43.45,52.525,5.324999999999999,57.305,26.225,4.205,58.03,29.52,65.505,54.565,31.075,39.825,16.955,22.18,49.915,10.36,17.884999999999998,35.54,40.19,23.565,40.985,63.25,44.620000000000005,46.975,867.97175163742,425.804245774488,1350.54856104582,182.883043487952,1021.46876184003,926.880275277865,104.424976463975,1207.62543797142,263.233265187586,2663.60149925508,4805.3262737574,509.365621408025,1784.66074802181,225.780214526776,966.828898878819,184.784549653701,211.352830018452,621.873615962144,1109.96294466073,645.972919879833,298.463421731046,295.804696791566,1398.33972035629,800.154838459087,Ubiquitin protein ligase E3 component n-recognin 4,Q5T4S7,609890.0,gene,23352.0,UBR4,ENSG00000127481,bacteria
sp|Q5T4S7|UBR4_HUMAN,sp,Q5T4S7,UBR4,HUMAN,0283361|tr|A0A3R6LT30|A0A3R6LT30_9BACT,283361,tr,A0A3R6LT30,A0A3R6LT30,FQLTEK,1435,1440,FQLTEK,15,20,NILDQFQLTEKVVSAE,6,,,,,,very_weak,strong,weak,very_weak,,,,,,,,,,,,,,,,,,very_weak,,,,,,,,,,,,very_weak,,,,,,very_weak,,,very_weak,,,,,,,,,,,,very_weak,,,,,,,,,very_weak,,,very_weak,,,,,,,strong,weak,very_weak,strong,weak,very_weak,28.625,19.54,1.155,26.835,39.27,21.4,22.375,21.865,18.16,48.07,28.525,26.025,21.65,19.115,11.71,21.69,26.83,19.315,32.66,23.49,13.965,10.585,24.375,26.865,1.0,1994.47313424647,389.889532635966,179.487754566121,2496.98768099739,1129.27220422205,2842.22445403781,1745.77620164643,385.126626887606,772.598875804764,2753.44428244966,2449.17230790519,893.508793099169,2417.78772357716,487.838465010388,669.280447868355,132.203189254919,1475.09811140167,1025.23338437865,1675.21825260651,537.651652502081,474.829850590105,663.878508054508,512.838454786704,577.612203506015,Ubiquitin protein ligase E3 component n-recognin 4,Q5T4S7,609890.0,gene,23352.0,UBR4,ENSG00000127481,bacteria
sp|Q5T4S7|UBR4_HUMAN,sp,Q5T4S7,UBR4,HUMAN,0283361|tr|A0A416A137|A0A416A137_9BACT,283361,tr,A0A416A137,A0A416A137,GGAAVA,4554,4559,GGAAVA,13,18,TSERTGGAAVAAGRLG,6,,,,,,,,,,,,,,,,,,,,,,,,,,,,strong,weak,very_weak,,,very_weak,,,,,,,,,very_weak,,,,,,,,,,,,,strong,weak,very_weak,,,,,,,,,,,,,,weak,very_weak,,,,,,,,,,strong,weak,very_weak,71.17999999999999,64.41,58.045,84.775,59.915,59.44,58.55,25.435,64.695,0.2249999999999999,10.670000000000002,70.15,14.19,81.265,74.8,28.12,0.445,73.38,53.115,60.28,79.91,2.625,30.935,71.125,53.59,16079.0173758456,4414.89671451154,3647.67905971038,13552.6797605606,4395.21245940017,11698.0772610074,7902.38213194856,1213.45393481158,5170.52816082604,16.0930777496677,3380.6246810066,14131.9077040171,1963.95783016356,13240.1893808747,13292.8688232352,351.785444383615,75.9039983226631,16893.136941025,7944.47533634819,4963.05749498977,10987.478824892,396.401873964485,982.680131033421,7460.83954857191,Ubiquitin protein ligase E3 component n-recognin 4,Q5T4S7,609890.0,gene,23352.0,UBR4,ENSG00000127481,bacteria
sp|Q5T4S7|UBR4_HUMAN,sp,Q5T4S7,UBR4,HUMAN,0283361|tr|A0A415ZPY9|A0A415ZPY9_9BACT,283361,tr,A0A415ZPY9,A0A415ZPY9,LLTSLF,483,488,LLTSLF,164,169,LDNFSLLTSLFMVPPA,6,,,very_weak,,,,,,,,,very_weak,,,,,,,,,,,,very_weak,,,,,,,,,,,weak,very_weak,,,,,,,,weak,very_weak,,,,,,,,weak,very_weak,,,,,weak,very_weak,,,very_weak,,,,,weak,very_weak,,,,,,,,,very_weak,,,,,weak,very_weak,16.875,49.645,41.73,17.035,20.805,44.315,64.69,15.62,52.05500000000001,63.34,47.055,7.51,35.16,9.925,24.935,3.325,43.8,3.83,19.705,20.255000000000003,6.109999999999999,40.935,35.305,14.28,29.875,298.08905697802,518.417380104875,954.987080565537,1343.18930362599,223.104133385998,3612.83920984925,5217.96111679398,139.881782430768,919.677756672078,1839.49533565312,2735.06486323635,64.7306416242865,1591.38325367686,56.4175466819082,624.996743715451,16.3321667577814,611.577671120421,44.8136912078867,372.395004170539,295.692699056024,93.6797068611745,161.510615076047,324.10308742512,158.970697588651,Ubiquitin protein ligase E3 component n-recognin 4,Q5T4S7,609890.0,gene,23352.0,UBR4,ENSG00000127481,bacteria
sp|Q5T4S7|UBR4_HUMAN,sp,Q5T4S7,UBR4,HUMAN,0283361|tr|A0A3R6IR20|A0A3R6IR20_9BACT,283361,tr,A0A3R6IR20,A0A3R6IR20,LQGVVP,795,800,LQGVVP,158,163,STIDALQGVVPGMNIS,6,,,,,,,,,,,,,,,,,,,,,,,,,,,,,weak,very_weak,,weak,very_weak,,,,,,,,,,,,,,,,,,,,weak,very_weak,,,very_weak,,,,,,,,,,,,,,,,,,,,,,,,,,weak,very_weak,64.535,32.595,26.72,69.595,42.79,39.45,69.53999999999999,40.065,56.615,9.96,9.86,60.315,28.235,52.715,47.46,7.725,15.285,63.07,30.5,35.315,52.33,24.525,29.865,32.33,35.67,6183.07028105301,801.853508584702,830.974195944135,6662.34435251377,2023.03146362719,5320.98307226233,7335.33099172656,822.156232753098,1992.8553089714,259.41062701413,1931.8389946068,4923.95822011115,2338.54289539403,3559.71922182335,5436.91102139774,60.6848881455457,442.338825985476,6942.80313240017,2181.59060217942,1168.41115646223,3251.05471088654,514.238659998781,437.04394461812,1083.92426899095,Ubiquitin protein ligase E3 component n-recognin 4,Q5T4S7,609890.0,gene,23352.0,UBR4,ENSG00000127481,bacteria
sp|Q5T4S7|UBR4_HUMAN,sp,Q5T4S7,UBR4,HUMAN,0283361|tr|A0A3R6ING9|A0A3R6ING9_9BACT,283361,tr,A0A3R6ING9,A0A3R6ING9,RVRDIL,443,448,RVRDIL,412,417,STIDDRVRDILRVKFL,6,,,,,,,,,,,,,,,,,,,,,very_weak,,,,,,,,,,,,,,,,,,,,,,,,,,,very_weak,,,,,,,,,,,,,,weak,very_weak,,,,,,,,,,,,,,,,,,,,weak,very_weak,58.635,28.94,35.49,41.08,38.425,60.105,13.02,50.19,24.335,89.16,34.655,39.205,80.065,42.24,17.9,56.77,70.80000000000001,41.620000000000005,3.725,68.405,40.1,36.260000000000005,65.54,66.055,20.16,5045.8464628554,413.822504409915,1367.90201449926,2549.23708843416,814.911780450654,6904.22412777118,761.568795094836,1172.90767868133,718.923080423502,7639.90296289481,3944.99594188578,1954.98979228084,7375.91986924829,1419.69793650527,1180.4446269635,508.000670191078,4337.85792366149,2573.23551256692,316.140573012719,2858.8483375191,1306.73566321428,929.833389625896,2143.29050597838,2157.29640692485,Ubiquitin protein ligase E3 component n-recognin 4,Q5T4S7,609890.0,gene,23352.0,UBR4,ENSG00000127481,bacteria
sp|Q5T4S7|UBR4_HUMAN,sp,Q5T4S7,UBR4,HUMAN,0283361|tr|A0A3R6JC87|A0A3R6JC87_9BACT,283361,tr,A0A3R6JC87,A0A3R6JC87,GVVPSE,797,802,GVVPSE,176,181,NLMKYGVVPSEVMVET,6,,,,,,,,,,,weak,very_weak,,,very_weak,,,very_weak,,,very_weak,strong,weak,very_weak,,,,,,very_weak,strong,weak,very_weak,,,,,,very_weak,,weak,very_weak,,,,,,,,,very_weak,,weak,very_weak,,,very_weak,,,,,,,,weak,very_weak,,,,,,very_weak,,weak,very_weak,,weak,very_weak,,,,strong,weak,very_weak,21.785,38.535,24.735,9.145,12.685,13.215,19.83,1.63,35.230000000000004,12.07,1.82,38.23,5.055,25.0,26.405,4.04,15.68,28.6,27.97,6.640000000000001,23.695,17.525,3.77,5.585,27.42,1332.44898068822,510.132257764001,556.725438898335,841.496744306017,88.3975539857584,1551.3293542347,2410.23931241696,42.377090832185,750.736799302373,182.75842446491,593.359636089928,1477.79785858343,582.079128113378,916.439539755032,2394.53940289067,23.5108063066616,531.555077044427,2027.85272491606,1413.0775479815,158.022362204158,818.534848233271,121.055051935998,71.2269106146933,107.96122798785,Ubiquitin protein ligase E3 component n-recognin 4,Q5T4S7,609890.0,gene,23352.0,UBR4,ENSG00000127481,bacteria
sp|Q5T4S7|UBR4_HUMAN,sp,Q5T4S7,UBR4,HUMAN,0283361|tr|A0A3R6IJL7|A0A3R6IJL7_9BACT,283361,tr,A0A3R6IJL7,A0A3R6IJL7,AVKDYS,5083,5088,AVKDYS,43,48,MIPNEAVKDYSRNNRA,6,,,,,,,,,,,,,,,,,,,,,,,,,,,very_weak,,,,,,,,,,,,,,,,,,,,,,,,,,,,,,,,,,,,,,,,,,,,,,,,,,,,,,,,,very_weak,42.995000000000005,52.48,63.005,46.81,35.625,29.96,33.505,63.87,18.305,69.345,63.4,46.405,79.53999999999999,71.87,48.22,65.52000000000001,35.485,71.50999999999999,56.055,44.81,70.86,32.980000000000004,77.64500000000001,68.455,40.165,10101.7461808465,4473.41504782156,6781.91250795716,6853.46475419327,3838.55320518656,1373.22568952995,5233.73646936999,4826.06393352693,882.135399368297,5455.00068347013,14165.2801420886,9509.08233389727,8937.64102601281,11468.358839523,10582.0334581079,3541.1648212319,3442.07828001907,15184.2223692984,8377.57583750745,3831.54066071877,8882.68977215207,3107.02674596322,6238.71189352219,7074.97900537457,Ubiquitin protein ligase E3 component n-recognin 4,Q5T4S7,609890.0,gene,23352.0,UBR4,ENSG00000127481,bacteria
sp|Q5T4S7|UBR4_HUMAN,sp,Q5T4S7,UBR4,HUMAN,0283361|tr|A0A3R6N5N1|A0A3R6N5N1_9BACT,283361,tr,A0A3R6N5N1,A0A3R6N5N1,GKEPQK,2607,2612,GKEPQK,399,404,VAYAAGKEPQKTLIDD,6,,,,,,,,,,,,,,,,,,,,,,,,,,,,,,,,,,,,,,,very_weak,,,,,,,,,,,,,,,,,,,,,,,,,,,,,,,,,,,,,,,,,,,,,very_weak,86.10499999999999,69.71000000000001,50.07,76.165,79.25,45.27,73.485,74.215,70.985,27.975,54.555,58.400000000000006,73.375,72.46,60.67,56.74,48.45,73.94999999999999,81.325,58.665000000000006,73.205,24.34,40.79,67.265,47.465,22256.1201014206,7064.65233906913,5027.04631919963,14020.2722625527,9006.46731503946,10787.9269236123,13415.6847243401,7208.57920361694,10091.1497729479,1081.41741879495,15865.7634735537,14156.2403814996,8240.30033492667,15143.0415435343,14292.5992279482,1725.51357477924,5066.47079053105,17848.0374343592,16203.8893197535,4782.5039135536,11180.3138444906,2086.07018601764,2213.42685545365,7063.88800070008,Ubiquitin protein ligase E3 component n-recognin 4,Q5T4S7,609890.0,gene,23352.0,UBR4,ENSG00000127481,bacteria
sp|Q5T4S7|UBR4_HUMAN,sp,Q5T4S7,UBR4,HUMAN,0283361|tr|A0A3R6LRD4|A0A3R6LRD4_9BACT,283361,tr,A0A3R6LRD4,A0A3R6LRD4,SSSALG,2832,2837,SSSALG,159,164,QKFFGSSSALGQQLVG,6,,,,,,,,weak,very_weak,,,,,,,,weak,very_weak,,,,,weak,very_weak,,,,,weak,very_weak,,weak,very_weak,,,,,weak,very_weak,,,very_weak,,,,,,,,,,,weak,very_weak,,weak,very_weak,,,,,,,strong,weak,very_weak,,,,,weak,very_weak,strong,weak,very_weak,,weak,very_weak,,weak,very_weak,strong,weak,very_weak,56.96,40.79,5.115,22.32,32.365,3.75,52.005,2.54,24.32,2.465,7.535,32.53,16.495,36.29,39.555,4.635000000000001,9.045,40.12,54.0,0.68,45.225,6.745,0.775,2.805,8.15,5441.38364913072,997.495282849944,162.639940867823,2285.90778977686,619.637045510852,236.47654688094,4864.01746011519,34.3245301824589,518.271562427231,49.0010530927043,1044.48033810512,1376.06650141968,1473.56672435098,1304.22141606443,3500.66970421017,13.2112525125546,162.939369939741,2519.485399095,3089.1602704475,22.9173215043456,1571.90883795881,106.873388639029,20.9419316758461,59.0162092202332,Ubiquitin protein ligase E3 component n-recognin 4,Q5T4S7,609890.0,gene,23352.0,UBR4,ENSG00000127481,bacteria
sp|Q5T4S7|UBR4_HUMAN,sp,Q5T4S7,UBR4,HUMAN,0283361|tr|A0A3R6LVK0|A0A3R6LVK0_9BACT,283361,tr,A0A3R6LVK0,A0A3R6LVK0,LIGTDS,4739,4744,LIGTDS,163,168,ALTVKLIGTDSAEENK,6,,,,strong,weak,very_weak,,,very_weak,,weak,very_weak,,,,,,,,,very_weak,,,very_weak,,,,,,,,,,,,,,,,strong,weak,very_weak,,,,,,,strong,weak,very_weak,,,very_weak,,,,,,,,,,,weak,very_weak,,,,,,very_weak,,,,,weak,very_weak,,,,strong,weak,very_weak,23.765,0.27,11.57,9.36,23.265,24.700000000000003,13.22,19.81,31.795,21.54,28.11,40.365,0.615,36.005,48.525,18.095,24.16,35.765,21.84,2.22,30.205,11.38,21.51,3.38,23.305,3978.43033250324,69.1290921717422,646.11272068084,1602.73605507849,1364.97467275522,6482.65304935112,2136.04433532354,1453.29950037715,1695.12867895565,1509.55349835011,8285.62776482905,4550.84203324161,476.533429599468,4240.13117906899,8522.94587096479,190.202668073707,1731.94790962152,6874.63096807859,2474.87829237712,161.979627168983,2870.87522153253,846.730005052008,1342.24499004613,256.474650677765,Ubiquitin protein ligase E3 component n-recognin 4,Q5T4S7,609890.0,gene,23352.0,UBR4,ENSG00000127481,bacteria
sp|Q5T4S7|UBR4_HUMAN,sp,Q5T4S7,UBR4,HUMAN,0283361|tr|A0A3R6LS33|A0A3R6LS33_9BACT,283361,tr,A0A3R6LS33,A0A3R6LS33,GSSSSA,2830,2835,GSSSSA,1129,1134,EPYFSGSSSSAVLYHT,6,,,,,,,,,,,weak,very_weak,,,,,weak,very_weak,,,,strong,weak,very_weak,,,very_weak,strong,weak,very_weak,,,very_weak,,,,,,,,,very_weak,,,,,,,,,,,weak,very_weak,,,very_weak,,,,,,,,weak,very_weak,,,,,,,strong,weak,very_weak,,,very_weak,,,,strong,weak,very_weak,56.82,70.53,33.6,8.665,37.61,4.875,62.73,0.595,17.5,1.375,17.955,40.11,14.025,65.895,72.53,6.43,13.095,34.105,54.605,5.010000000000001,58.14,32.185,0.265,10.58,38.95,5926.37214720841,2632.77144491428,1417.36501123351,840.159401309449,1371.47356456214,301.909459613036,5118.26272659562,21.6684522738374,279.663769457005,25.7034686863257,3334.63313885914,2438.48987384516,1368.37570918725,3213.45990424098,8165.21664334567,24.6424876881115,137.405196696626,3748.99112294519,2839.12017444025,111.879604356001,2988.04001426965,207.622092052031,22.1921060241235,290.133988348921,Ubiquitin protein ligase E3 component n-recognin 4,Q5T4S7,609890.0,gene,23352.0,UBR4,ENSG00000127481,bacteria
sp|Q5T4S7|UBR4_HUMAN,sp,Q5T4S7,UBR4,HUMAN,0283361|tr|A0A3R6QVI1|A0A3R6QVI1_9BACT,283361,tr,A0A3R6QVI1,A0A3R6QVI1,RRLLVT,5060,5065,RRLLVT,166,171,QLNRARRLLVTRIKEQ,6,,,,,,,,,,,,,,,,,,,,,very_weak,,,,,,,,,,,,very_weak,,,,,,very_weak,,,,,,very_weak,,,very_weak,,,,,,,,,,,,,,,very_weak,,,,,,,,,,,,,,,,,,very_weak,,,very_weak,56.55,24.185,26.7,47.06,34.66,39.955,19.375,26.505000000000003,26.075,59.695,18.075,31.89,71.33,18.009999999999998,12.205,22.115,31.42,32.875,11.425,43.185,21.81,27.8,39.545,36.705,18.57,5326.45521055259,76.8535211248944,166.278692703485,3062.66898561807,120.309468033545,1321.37985969158,209.742236987253,137.908619156953,165.118740715693,1978.48224396538,1113.64395815126,792.872593159745,6689.93784122129,420.534347623834,566.21433128733,41.7851993330081,558.934464292704,1460.977483418,170.448248847227,492.297776534963,553.332460514736,123.967132463955,195.381818409236,390.907522206888,Ubiquitin protein ligase E3 component n-recognin 4,Q5T4S7,609890.0,gene,23352.0,UBR4,ENSG00000127481,bacteria
sp|Q5T4S7|UBR4_HUMAN,sp,Q5T4S7,UBR4,HUMAN,0283361|tr|A0A416AFR3|A0A416AFR3_9BACT,283361,tr,A0A416AFR3,A0A416AFR3,LSEITD,5165,5170,LSEITD,391,396,EYNKWLSEITDKFSKI,6,,,very_weak,,weak,very_weak,,,,,weak,very_weak,,,,,,very_weak,,weak,very_weak,,,,,,,,,,,,,,,,,,very_weak,,,very_weak,,,very_weak,,,very_weak,strong,weak,very_weak,,,very_weak,,,,,,very_weak,,,,,weak,very_weak,,weak,very_weak,,weak,very_weak,,,,,weak,very_weak,,,,strong,weak,very_weak,17.265,8.504999999999999,35.55,2.05,29.345,18.79,9.41,22.115,27.335,34.96,27.29,21.865,19.925,11.62,12.955,16.96,37.64,10.805,26.945,6.035,6.085,6.955,20.35,8.005,32.010000000000005,1565.50999263024,368.140450951967,1918.34182458376,102.608338833981,695.119115888405,2719.45498990281,501.241430058909,641.154396852095,943.351541182096,3011.63655699934,4062.38209625852,646.308492633037,2311.20016634611,478.408732827434,1268.53708527592,168.315046980019,2216.15870172366,625.971277675838,1773.24679115648,206.057763957768,343.406539179565,239.460663361403,500.67772187808,252.627128620381,Ubiquitin protein ligase E3 component n-recognin 4,Q5T4S7,609890.0,gene,23352.0,UBR4,ENSG00000127481,bacteria
sp|Q5T4S7|UBR4_HUMAN,sp,Q5T4S7,UBR4,HUMAN,0283361|tr|A0A415ZXI8|A0A415ZXI8_9BACT,283361,tr,A0A415ZXI8,A0A415ZXI8,QLLTEM,3158,3163,QLLTEM,321,326,ENTLNQLLTEMDGFGS,6,,,,,,,,,,,,,,,,,,,,,,,,,,,,,,,,,,,,,,,,,,very_weak,,,,,,,,,,,,very_weak,,,,,,,,,,,,very_weak,,,,,,,,,,,weak,very_weak,,,,,weak,very_weak,24.24,25.225,47.91,56.585,25.115,58.25,51.685,73.43,74.6,58.995000000000005,66.75999999999999,69.63,17.28,49.515,66.285,14.079999999999998,35.099999999999994,53.815,41.135000000000005,14.505,49.665000000000006,59.4,62.370000000000005,5.29,46.11,1641.57537056182,994.725417498833,3415.07222293898,5345.73880867334,1605.21777304884,13068.5450482195,6026.14295902924,5141.24083782664,5275.69513304778,3634.87478498851,15747.7563317522,5761.22995263955,1781.88232580222,2957.9959227878,7207.56533694892,203.52954325017,1574.73465394772,6442.16842980359,2984.55042103488,734.276306870797,2602.60797295937,2577.55461811288,2608.95161073768,190.075117917232,Ubiquitin protein ligase E3 component n-recognin 4,Q5T4S7,609890.0,gene,23352.0,UBR4,ENSG00000127481,bacteria
sp|Q5T4S7|UBR4_HUMAN,sp,Q5T4S7,UBR4,HUMAN,0283361|tr|A0A3R6IHY9|A0A3R6IHY9_9BACT,283361,tr,A0A3R6IHY9,A0A3R6IHY9,LLSKAV,2547,2552,LLSKAV,197,202,QKYTTLLSKAVSANKL,6,,,,,,very_weak,,weak,very_weak,,,,,,,,,very_weak,,,,,weak,very_weak,,,,,,very_weak,,weak,very_weak,,,very_weak,,weak,very_weak,,,,,,very_weak,,weak,very_weak,,,,strong,weak,very_weak,,weak,very_weak,,,,,weak,very_weak,,,,,,,,weak,very_weak,,,very_weak,,weak,very_weak,,weak,very_weak,strong,weak,very_weak,42.48,19.035,4.08,25.6,22.18,15.115,31.105,6.725,22.880000000000003,16.255,6.154999999999999,14.505,32.875,16.22,8.395,0.53,7.24,20.195,8.265,20.075,25.925,3.68,11.685,9.76,3.165,5999.2748026456,195.181092731937,77.3540669407578,3107.43018023926,187.071825716885,510.535341738243,1576.28590096411,34.7941721484382,197.197664275454,163.147533002951,527.059419221517,792.769655374485,2930.78966004218,620.428662328319,731.91259692811,5.63739760348306,146.010193246141,1707.33242611164,555.997054656694,167.615369661065,737.189834608225,72.6410538637554,52.8136011029706,175.066761764274,Ubiquitin protein ligase E3 component n-recognin 4,Q5T4S7,609890.0,gene,23352.0,UBR4,ENSG00000127481,bacteria
sp|Q5T4S7|UBR4_HUMAN,sp,Q5T4S7,UBR4,HUMAN,0283361|tr|A0A3R6LUX9|A0A3R6LUX9_9BACT,283361,tr,A0A3R6LUX9,A0A3R6LUX9,QQEDFL,4358,4363,QQEDFL,4,9,MSVQQEDFLITAVS,6,,,very_weak,,,,,,,,,,,,,,,,,,,,,,,,,,,,,,,,weak,very_weak,,,,,,,strong,weak,very_weak,,,very_weak,,,,,,,,,,strong,weak,very_weak,,,,,,,,weak,very_weak,,,,,,,,,,,,,strong,weak,very_weak,18.045,63.22,84.14500000000001,53.475,70.445,85.035,68.41,81.56,83.36,80.245,64.36,3.015,37.28,1.55,13.6,73.59,55.08,0.8700000000000001,72.59,73.685,2.19,47.040000000000006,84.74,73.32,87.30000000000001,1036.29670622858,3149.2316491729,9811.33329180925,4743.69774991681,6240.93984006811,17086.8897401707,7914.44711789657,7993.79546603113,7803.48187082368,6686.68137006924,8906.07492321063,138.520257035347,2118.73498172534,116.148620776745,1348.2709125765,3243.18489667868,2990.49809949166,74.1546472039951,7735.80929538313,6453.95898524416,144.982220955947,2551.66547618188,6596.21231031653,4817.09097148566,Ubiquitin protein ligase E3 component n-recognin 4,Q5T4S7,609890.0,gene,23352.0,UBR4,ENSG00000127481,bacteria
sp|Q5T4S7|UBR4_HUMAN,sp,Q5T4S7,UBR4,HUMAN,0283361|tr|A0A3R6JAJ4|A0A3R6JAJ4_9BACT,283361,tr,A0A3R6JAJ4,A0A3R6JAJ4,KEKDGE,3377,3382,KEKDGE,261,266,VVLDIKEKDGELWFAT,6,,,,,,,,,,,,,,,,,,,,,,,,,,,,,,,,,,,,,,,,,,,,,,,,,,,,,,,,,,,,,,,,,,,,,,,,,,,,,,,,,,,,,70.695,46.125,66.23,36.650000000000006,49.95,75.67,23.97,73.41499999999999,51.665,32.545,71.655,44.84,66.415,54.415,48.11,66.015,59.495,51.315,41.495000000000005,77.025,48.12,67.98,72.59,74.36500000000001,64.25999999999999,8138.22752137605,2765.44661187374,6871.73068270868,2163.0460566814,3738.45949765864,15291.7181151072,640.080039982292,6494.09609859873,3636.01549157964,1991.77748791251,13143.5594660399,2035.54660469117,5561.49906745742,3372.91560855097,4317.90976618615,2542.62595265003,3780.10988953398,3167.06859446163,5320.11956447999,6178.72334557945,2202.34246509393,4569.14645366575,4669.40143492879,5773.46062192626,Ubiquitin protein ligase E3 component n-recognin 4,Q5T4S7,609890.0,gene,23352.0,UBR4,ENSG00000127481,bacteria
sp|Q5T4S7|UBR4_HUMAN,sp,Q5T4S7,UBR4,HUMAN,0283361|tr|A0A3R6ILE7|A0A3R6ILE7_9BACT,283361,tr,A0A3R6ILE7,A0A3R6ILE7,VLIGTD,4738,4743,VLIGTD,222,227,WSCATVLIGTDQLIIA,6,,,very_weak,,,,,,,,,very_weak,,,,,,,,,very_weak,,weak,very_weak,,,,,,,,,,,,,,,,,,,,,very_weak,,,,,,very_weak,,,,,,,,,very_weak,,,very_weak,,,,,,very_weak,,,,,,very_weak,,,,,,,,weak,very_weak,17.7,29.395000000000003,49.325,13.795,23.515,49.760000000000005,19.09,8.02,23.3,37.975,52.895,23.32,23.575000000000003,12.864999999999998,40.45,35.615,49.075,12.445,19.57,37.760000000000005,13.0,53.29,10.97,33.645,58.685,550.454269663852,447.717232364617,1799.55233242226,541.12409454367,383.745669761281,4138.73573509183,689.993717377738,144.689175199575,156.154455942204,581.732842967573,4860.22974915041,476.05416406487,1538.97466864673,305.448158733333,2720.45558653904,216.390268164312,595.90097059884,595.842945776625,786.839100509517,862.579205922228,375.583612194401,1415.43404529648,263.099437316564,677.257011693073,Ubiquitin protein ligase E3 component n-recognin 4,Q5T4S7,609890.0,gene,23352.0,UBR4,ENSG00000127481,bacteria
sp|Q5T4S7|UBR4_HUMAN,sp,Q5T4S7,UBR4,HUMAN,0283361|tr|A0A3R6NDX8|A0A3R6NDX8_9BACT,283361,tr,A0A3R6NDX8,A0A3R6NDX8,TLASII,685,690,TLASII,180,185,ALTYSTLASIIKYPYS,6,,,,,,,,weak,very_weak,,,,,,,,,,,weak,very_weak,,weak,very_weak,,,,,,,,weak,very_weak,,,very_weak,strong,weak,very_weak,,,,,weak,very_weak,,weak,very_weak,,,,,weak,very_weak,,weak,very_weak,,weak,very_weak,strong,weak,very_weak,,,very_weak,,weak,very_weak,,,,,,very_weak,,,very_weak,,weak,very_weak,strong,weak,very_weak,26.075,25.26,9.175,26.755000000000003,20.61,22.805,6.885,9.41,20.425,21.345,9.425,12.98,25.085,9.58,5.59,6.655,9.91,8.219999999999999,0.43,13.12,7.21,30.555000000000003,19.925,13.275,8.209999999999999,1358.05099219586,329.007151795911,322.487023650747,1854.2625615052,198.806551944168,1220.34002497201,631.857311653698,35.238961294998,150.437820180326,243.423509103454,478.268993776393,62.1480759393968,1537.36033355627,61.7719861731336,322.867574961752,22.0263295345587,93.9314156430455,113.797574036942,56.1787666792037,199.045461132169,115.571973911666,180.127816933822,76.9783531054121,181.953421105623,Ubiquitin protein ligase E3 component n-recognin 4,Q5T4S7,609890.0,gene,23352.0,UBR4,ENSG00000127481,bacteria
sp|Q5T4S7|UBR4_HUMAN,sp,Q5T4S7,UBR4,HUMAN,0283361|tr|A0A3R6LQW4|A0A3R6LQW4_9BACT,283361,tr,A0A3R6LQW4,A0A3R6LQW4,LNTTRA,5001,5006,LNTTRA,179,184,NIDDMLNTTRALDGQD,6,,,,,,,,,,,,,,,,,,very_weak,,,,,,,,,very_weak,,,,,,,,,,,,,,weak,very_weak,,,,,,,,,,,,,,,very_weak,,,,,,,,,,,,,,weak,very_weak,,,,,,,,,very_weak,,weak,very_weak,41.165,36.55,21.69,43.54,53.525000000000006,14.805,28.66,21.34,15.365,28.955,40.17,51.61,5.76,48.435,46.82,37.94,13.085,45.395,39.42,32.730000000000004,39.205,9.975,37.19,31.35,17.55,7701.81839755673,2201.84211593883,1894.29231149293,6530.73671077277,3905.03409457584,1984.61405379878,4478.79082616596,1192.21498235219,566.067318851236,1913.11842846389,10554.3618494913,7221.92873345189,1384.65420969526,6240.46717887016,9059.63533477776,718.238890424323,949.598314316582,9204.98111496432,4877.98378443742,2068.04670300597,4411.07691163888,988.374256372423,2270.60007167294,2037.50769927029,Ubiquitin protein ligase E3 component n-recognin 4,Q5T4S7,609890.0,gene,23352.0,UBR4,ENSG00000127481,bacteria
sp|Q5T4S7|UBR4_HUMAN,sp,Q5T4S7,UBR4,HUMAN,0283361|tr|A0A416A8P9|A0A416A8P9_9BACT,283361,tr,A0A416A8P9,A0A416A8P9,STALKG,3952,3957,STALKG,89,94,FRHICSTALKGPGPDE,6,,,,,,,,,,,,,,,,,,,,,,,,,,,,,,,,,,,,,,,,,,,,,,,,,,,,,,,,,,,,,,,,,,,,,,,,,,,,,,,,,,,,,82.97,51.355,33.53,64.49,55.79,34.8,69.18,23.21,52.645,31.78,28.245,69.17,75.72,57.205,63.025,23.385,29.25,67.05,57.8,33.800000000000004,62.785,28.675,28.715,42.22,28.425,12973.8696857638,1710.08711678606,961.987216896049,4902.16338214091,1201.55189468935,2484.4563944305,8620.32517930811,88.9530721130849,1560.60553450431,1154.38757749746,4042.12598393455,5377.23821157328,8288.76606195361,4127.37717859783,5168.17904795179,40.0244411432201,1384.47444154723,6861.55219587576,3372.11283172006,510.916631714425,4203.22390123694,356.475268856462,213.024187523918,454.614679579372,Ubiquitin protein ligase E3 component n-recognin 4,Q5T4S7,609890.0,gene,23352.0,UBR4,ENSG00000127481,bacteria
sp|Q5T4S7|UBR4_HUMAN,sp,Q5T4S7,UBR4,HUMAN,0283361|tr|A0A416ADN0|A0A416ADN0_9BACT,283361,tr,A0A416ADN0,A0A416ADN0,LETAEN,2776,2781,LETAEN,28,33,YPEIRLETAENYLKQT,6,,,very_weak,,weak,very_weak,,,,strong,weak,very_weak,,,very_weak,,weak,very_weak,strong,weak,very_weak,,,very_weak,,weak,very_weak,,,,,weak,very_weak,,,very_weak,,weak,very_weak,,,very_weak,,weak,very_weak,,weak,very_weak,,weak,very_weak,,weak,very_weak,,,,,,very_weak,strong,weak,very_weak,,,very_weak,,weak,very_weak,,,very_weak,,,very_weak,,,very_weak,,,,strong,weak,very_weak,15.85,4.425,27.28,1.465,11.985,8.32,1.035,16.575,3.535,35.98,8.765,14.905,12.67,8.31,4.71,9.485,49.065,10.365,0.7749999999999999,10.045,5.145,16.325,16.365000000000002,14.345,27.42,2147.00410797075,257.444956111961,1510.55014229346,139.487318811502,548.545776220947,1633.46073449005,96.5152376594069,750.541877274385,101.528288233224,3017.11585570337,2337.78394310702,834.117971657919,1634.69836091926,553.889525650422,1022.01045663312,124.531759103536,2676.68881455398,1126.51420230466,195.105082155063,480.223864285705,389.982351085121,1195.62531918204,597.010975957093,586.466368405319,Ubiquitin protein ligase E3 component n-recognin 4,Q5T4S7,609890.0,gene,23352.0,UBR4,ENSG00000127481,bacteria
sp|Q5T4S7|UBR4_HUMAN,sp,Q5T4S7,UBR4,HUMAN,0283361|tr|A0A3R6QV75|A0A3R6QV75_9BACT,283361,tr,A0A3R6QV75,A0A3R6QV75,LADKGK,429,434,LADKGK,118,123,IVAQRLADKGKGSQAV,6,,,,,,,,,,,,,,,,,,,,,,,,,,,,,,,,,,,,,,,,,,,,,,,,,,,,,,,,,,,,,,,,,,,,,,,,,,,,,,,,,very_weak,,,very_weak,90.145,21.12,23.885,75.25999999999999,60.06999999999999,48.685,44.705,79.875,39.61,45.575,25.545,65.895,84.88499999999999,69.04499999999999,44.66,62.855,78.175,63.105,55.905,66.12,69.37,40.07,71.59,78.07,13.955000000000002,20400.9758401626,602.79424576523,1878.86066899318,13243.3413861017,3798.23096388032,10270.6983248511,5787.47032654639,7542.32888715198,4590.80164406348,1780.10948771164,8112.38083020638,10490.1515036099,14734.1375434991,7055.18038600105,7139.26486332754,1406.0467823597,8608.11546338215,13133.6085069162,5072.61413823168,5498.67371907717,7715.99786861753,2011.87717533098,5578.55446079089,7777.77257208935,Ubiquitin protein ligase E3 component n-recognin 4,Q5T4S7,609890.0,gene,23352.0,UBR4,ENSG00000127481,bacteria
sp|Q5T4S7|UBR4_HUMAN,sp,Q5T4S7,UBR4,HUMAN,0283361|tr|A0A3R6LX86|A0A3R6LX86_9BACT,283361,tr,A0A3R6LX86,A0A3R6LX86,LYAGVS,337,342,LYAGVS,109,114,VELPLLYAGVSVKERV,6,,,,,,,,,very_weak,,,,,weak,very_weak,,,very_weak,,,very_weak,,,very_weak,,,very_weak,,weak,very_weak,,weak,very_weak,,,,strong,weak,very_weak,,,very_weak,,,,,,very_weak,,,,,,,,,,,,,,,,,,very_weak,,,,,weak,very_weak,,weak,very_weak,,,very_weak,,,very_weak,strong,weak,very_weak,38.605,24.315,15.595,35.08,4.9,15.005,16.07,13.065,18.675,6.23,9.575,33.12,18.75,24.05,17.91,20.375,21.96,37.065,29.575,15.0,23.28,6.85,6.045,11.265,17.189999999999998,2597.17883278709,394.519207556902,439.780949928527,3216.52102660369,99.8171078303277,1341.98360522256,1068.98143210234,165.033008668135,472.55424709956,175.942161776261,1008.21564645466,1188.57000665015,1860.53270428981,737.341398567347,1031.2745024723,54.9018386890453,561.911711185936,1940.5328575112,1332.60757495379,265.136967590607,758.378374453019,178.341754243406,83.909282683052,203.006107092851,Ubiquitin protein ligase E3 component n-recognin 4,Q5T4S7,609890.0,gene,23352.0,UBR4,ENSG00000127481,bacteria
sp|Q5T4S7|UBR4_HUMAN,sp,Q5T4S7,UBR4,HUMAN,0283361|tr|A0A416A5D5|A0A416A5D5_9BACT,283361,tr,A0A416A5D5,A0A416A5D5,GSVSSS,2931,2936,GSVSSS,81,86,ERNSDGSVSSSYIQEG,6,,,,,,,,,,,,,,,,,,,,,,,,,,,,,weak,very_weak,,,,,,,,,,,,very_weak,,,,,,,,,,,,,,weak,very_weak,,,,,,,,,,,,,,,,,,,,,,,,,,weak,very_weak,57.855,67.99,80.15,70.1,73.72999999999999,73.885,79.61500000000001,40.82,81.875,6.945,76.345,59.635000000000005,10.34,77.045,83.65,66.535,9.745,68.24000000000001,79.485,70.87,65.41499999999999,31.980000000000004,50.645,68.435,88.4,9386.11231725238,8493.02817848555,10522.0938499599,8193.44765607896,10068.5739751677,14036.2094186782,11602.7801703044,2926.98686997873,9015.63208487662,232.581494089566,17121.3113676422,7560.30366359288,1005.27460360501,8703.54810688103,15861.1292213344,2751.62759097375,563.781300908827,10823.8204579633,14688.1370914393,5710.58828940127,6406.92584514867,2218.84590432037,3023.25927243136,7109.35652394431,Ubiquitin protein ligase E3 component n-recognin 4,Q5T4S7,609890.0,gene,23352.0,UBR4,ENSG00000127481,bacteria
sp|Q5T4S7|UBR4_HUMAN,sp,Q5T4S7,UBR4,HUMAN,0283361|tr|A0A416AG88|A0A416AG88_9BACT,283361,tr,A0A416AG88,A0A416AG88,QKGITQ,4684,4689,QKGITQ,220,225,QLRLRQKGITQSMSRK,6,,,,,weak,very_weak,,weak,very_weak,,,,,,,,,,,,,,,,,,,,,,,weak,very_weak,,,,,,,,,,,,,,,,,,,,,,,,very_weak,,,,,,,,,,,,,,,very_weak,,,,,,,,,very_weak,,weak,very_weak,84.06,7.215,2.95,77.055,37.51,37.165,43.75,54.495,27.98,55.29,9.95,38.695,84.035,63.975,42.725,50.35,19.05,58.82,42.98,48.49,60.385,16.27,51.25,54.6,11.41,14416.8504040481,198.935656414898,221.600512344468,9986.01120574636,1124.71172804767,4309.13555375606,4215.88580484214,1331.87243335765,1147.00458886501,2353.16265365364,2001.60718266823,5475.460533451,10836.5931240344,4887.81050791919,4234.67529596246,297.634642382772,1168.75253896529,8642.83258306209,3385.45637497939,1277.36557568304,4287.6954550479,421.897027079126,1172.6919583038,1924.03741614353,Ubiquitin protein ligase E3 component n-recognin 4,Q5T4S7,609890.0,gene,23352.0,UBR4,ENSG00000127481,bacteria
sp|Q5T4S7|UBR4_HUMAN,sp,Q5T4S7,UBR4,HUMAN,0283361|tr|A0A416AE69|A0A416AE69_9BACT,283361,tr,A0A416AE69,A0A416AE69,KEIARL,4215,4220,KEIARL,106,111,KATNTKEIARLKKELQ,6,,,,,,very_weak,,weak,very_weak,,,,,,,,,,,,very_weak,,,,,,,,,,,,,,,,,,very_weak,,,,,,,,,very_weak,,,,,,,,,,,,,,weak,very_weak,,,,,,,,,very_weak,,,,,,,,weak,very_weak,,weak,very_weak,67.435,14.34,9.89,72.505,37.555,58.965,17.895,67.185,27.145,59.88,34.215,49.935,70.39500000000001,42.915,12.635,56.150000000000006,45.135000000000005,45.435,7.38,55.755,34.78,19.995,67.39500000000001,57.01,2.805,14419.1904008038,438.749603023117,671.267553618301,10851.8462883951,1459.1291816239,9412.55396196852,2261.67512848145,3684.72819913688,2087.37970424699,4913.20819247776,6120.43728621147,5703.67230318965,8900.87290821724,3124.11757169872,1910.28469535747,1018.54415924943,3498.73853710419,6128.12383470906,768.048126737648,3562.37777480947,2334.19490976407,1511.44931978119,3948.71119661846,2925.11897465395,Ubiquitin protein ligase E3 component n-recognin 4,Q5T4S7,609890.0,gene,23352.0,UBR4,ENSG00000127481,bacteria
sp|Q5T4S7|UBR4_HUMAN,sp,Q5T4S7,UBR4,HUMAN,0283361|tr|A0A3R6MI56|A0A3R6MI56_9BACT,283361,tr,A0A3R6MI56,A0A3R6MI56,MTTNEK,4809,4814,MTTNEK,1,6,MTTNEKQNKRP,6,,,,,,,,,,,,,,,,,,,,,,,,,,,,,,,,,,,,,,,,,,,,,,,,,,,,,,,,,,,,,,,,,,,,,,,,,,,,,,,,,,,,,95.0,95.0,95.0,95.0,95.0,95.0,94.18,95.0,95.0,95.0,95.0,95.0,95.0,95.0,95.0,95.0,95.0,95.0,95.0,95.0,95.0,95.0,95.0,95.0,95.0,39492.412297276,24699.9365950489,31362.8992787742,32026.4432679008,30017.6007439777,29154.6313129545,22783.8663964386,35175.4273383772,22667.0714991908,28388.5616285379,40329.697563361,36814.7661373815,36177.4463721879,35795.4823384096,33922.9126283681,30696.1599291203,35234.4683327039,38132.7738204746,31966.551549032,31944.0778376589,33695.0166638506,29386.7730343422,35569.6278516235,35435.1831576504,Ubiquitin protein ligase E3 component n-recognin 4,Q5T4S7,609890.0,gene,23352.0,UBR4,ENSG00000127481,bacteria
