human_id,database,protein,gene,species,pathogen_id,pathogen_species,database_pathogen,pathogen_protein,pathogen_gene,human_seq,human_start,human_end,pathogen_seq,pathogen_start,pathogen_end,extended_pathogen_seq,pathogen_length,binding_rank_strong_HLA_DQA10101_DQB10501,binding_rank_weak_HLA_DQA10101_DQB10501,binding_rank_very_weak_HLA_DQA10101_DQB10501,binding_rank_strong_DRB4_0101,binding_rank_weak_DRB4_0101,binding_rank_very_weak_DRB4_0101,binding_rank_strong_DRB1_0802,binding_rank_weak_DRB1_0802,binding_rank_very_weak_DRB1_0802,binding_rank_strong_DRB3_0101,binding_rank_weak_DRB3_0101,binding_rank_very_weak_DRB3_0101,binding_rank_strong_DRB1_1501,binding_rank_weak_DRB1_1501,binding_rank_very_weak_DRB1_1501,binding_rank_strong_DRB3_0202,binding_rank_weak_DRB3_0202,binding_rank_very_weak_DRB3_0202,binding_rank_strong_DRB1_0301,binding_rank_weak_DRB1_0301,binding_rank_very_weak_DRB1_0301,binding_rank_strong_DRB1_0701,binding_rank_weak_DRB1_0701,binding_rank_very_weak_DRB1_0701,binding_rank_strong_DRB1_1302,binding_rank_weak_DRB1_1302,binding_rank_very_weak_DRB1_1302,binding_rank_strong_HLA_DQA10501_DQB10301,binding_rank_weak_HLA_DQA10501_DQB10301,binding_rank_very_weak_HLA_DQA10501_DQB10301,binding_rank_strong_HLA_DPA10201_DPB11401,binding_rank_weak_HLA_DPA10201_DPB11401,binding_rank_very_weak_HLA_DPA10201_DPB11401,binding_rank_strong_HLA_DPA10103_DPB10201,binding_rank_weak_HLA_DPA10103_DPB10201,binding_rank_very_weak_HLA_DPA10103_DPB10201,binding_rank_strong_DRB5_0101,binding_rank_weak_DRB5_0101,binding_rank_very_weak_DRB5_0101,binding_rank_strong_HLA_DQA10301_DQB10302,binding_rank_weak_HLA_DQA10301_DQB10302,binding_rank_very_weak_HLA_DQA10301_DQB10302,binding_rank_strong_HLA_DPA10301_DPB10402,binding_rank_weak_HLA_DPA10301_DPB10402,binding_rank_very_weak_HLA_DPA10301_DPB10402,binding_rank_strong_HLA_DPA10201_DPB10501,binding_rank_weak_HLA_DPA10201_DPB10501,binding_rank_very_weak_HLA_DPA10201_DPB10501,binding_rank_strong_HLA_DQA10501_DQB10201,binding_rank_weak_HLA_DQA10501_DQB10201,binding_rank_very_weak_HLA_DQA10501_DQB10201,binding_rank_strong_DRB1_0101,binding_rank_weak_DRB1_0101,binding_rank_very_weak_DRB1_0101,binding_rank_strong_HLA_DQA10102_DQB10602,binding_rank_weak_HLA_DQA10102_DQB10602,binding_rank_very_weak_HLA_DQA10102_DQB10602,binding_rank_strong_HLA_DPA10103_DPB10401,binding_rank_weak_HLA_DPA10103_DPB10401,binding_rank_very_weak_HLA_DPA10103_DPB10401,binding_rank_strong_DRB1_1201,binding_rank_weak_DRB1_1201,binding_rank_very_weak_DRB1_1201,binding_rank_strong_DRB1_0401,binding_rank_weak_DRB1_0401,binding_rank_very_weak_DRB1_0401,binding_rank_strong_HLA_DPA10201_DPB10101,binding_rank_weak_HLA_DPA10201_DPB10101,binding_rank_very_weak_HLA_DPA10201_DPB10101,binding_rank_strong_HLA_DQA10401_DQB10402,binding_rank_weak_HLA_DQA10401_DQB10402,binding_rank_very_weak_HLA_DQA10401_DQB10402,binding_rank_strong_DRB1_0901,binding_rank_weak_DRB1_0901,binding_rank_very_weak_DRB1_0901,binding_rank_strong_DRB1_0405,binding_rank_weak_DRB1_0405,binding_rank_very_weak_DRB1_0405,binding_rank_strong_DRB1_1101,binding_rank_weak_DRB1_1101,binding_rank_very_weak_DRB1_1101,binding_rank_strong,binding_rank_weak,binding_rank_very_weak,Rank_average_HLA_DQA10101_DQB10501,Rank_average_DRB4_0101,Rank_average_DRB1_0802,Rank_average_DRB3_0101,Rank_average_DRB1_1501,Rank_average_DRB3_0202,Rank_average_DRB1_0301,Rank_average_DRB1_0701,Rank_average_DRB1_1302,Rank_average_HLA_DQA10501_DQB10301,Rank_average_HLA_DPA10201_DPB11401,Rank_average_HLA_DPA10103_DPB10201,Rank_average_HLA_DQA10301_DQB10302,Rank_average_HLA_DPA10301_DPB10402,Rank_average_HLA_DPA10201_DPB10501,Rank_average_DRB1_0101,Rank_average_HLA_DQA10102_DQB10602,Rank_average_HLA_DPA10103_DPB10401,Rank_average_DRB1_1201,Rank_average_DRB1_0401,Rank_average_HLA_DPA10201_DPB10101,Rank_average_HLA_DQA10401_DQB10402,Rank_average_DRB1_0901,Rank_average_DRB1_0405,Rank_average_DRB1_1101,nM_HLA_DQA10101_DQB10501,nM_DRB4_0101,nM_DRB1_0802,nM_DRB3_0101,nM_DRB1_1501,nM_DRB3_0202,nM_DRB1_0301,nM_DRB1_0701,nM_DRB1_1302,nM_HLA_DQA10501_DQB10301,nM_HLA_DPA10201_DPB11401,nM_HLA_DPA10103_DPB10201,nM_HLA_DQA10301_DQB10302,nM_HLA_DPA10301_DPB10402,nM_HLA_DPA10201_DPB10501,nM_DRB1_0101,nM_HLA_DQA10102_DQB10602,nM_HLA_DPA10103_DPB10401,nM_DRB1_1201,nM_DRB1_0401,nM_HLA_DPA10201_DPB10101,nM_HLA_DQA10401_DQB10402,nM_DRB1_0901,nM_DRB1_0405,Gene description,Uniprot,# MIM Number,MIM Entry Type,Entrez Gene ID,HGNC,Ensembl Gene ID,type
sp|Q8IWL8|STH_HUMAN,sp,Q8IWL8,STH,HUMAN,0001259|tr|Q1GC15|Q1GC15_LACDA,1259,tr,Q1GC15,Q1GC15,AALPLP,111,116,AALPLP,775,780,HQITDAALPLPGKVEV,6,,,,,,,,,,,weak,very_weak,,,,,,,,,,,,,,,,,weak,very_weak,,,,,,,,,,,,,,,,,,,,,very_weak,,,,,weak,very_weak,,,,,,,,,,,,,,,very_weak,,,,,,,,,,,weak,very_weak,64.32000000000001,41.825,52.61,7.915000000000001,70.525,50.975,27.47,55.58,52.31999999999999,2.81,35.25,63.690000000000005,21.48,59.86,64.525,38.805,3.68,68.275,61.05499999999999,40.885000000000005,59.005,19.025,38.475,59.0,60.900000000000006,7434.73055922055,2711.08209450885,3891.15802917366,371.847431675436,5761.16761774605,7983.16413722542,1764.48127686229,3354.35482413988,2067.48738348558,98.7407937839608,7165.11145530285,5513.50780573916,1930.000487879,4695.23881883904,8971.3572080718,692.798996763022,276.51352931262,7981.7822397879,6512.10879149615,2279.90556102505,4296.61196092598,856.487756507349,1538.65832523482,3853.03368816104,Saitohin,Q8IWL8,607067.0,gene,246744.0,STH,ENSG00000256762,bacteria
sp|Q8IWL8|STH_HUMAN,sp,Q8IWL8,STH,HUMAN,0001259|tr|Q1GAG6|Q1GAG6_LACDA,1259,tr,Q1GAG6,Q1GAG6,SSEESS,79,84,SSEESS,91,96,MSQSSSSEESSSDSSS,6,,,,,,,,,,,,,,,,,,,,,,,,,,,,,,,,,,,,,,,,,,very_weak,,,,,,,,,,,,,,,,,,,,,,,,,,,,,,,,,,,,,,,,,,very_weak,78.91,95.0,95.0,95.0,95.0,95.0,95.0,82.54499999999999,95.0,27.21,95.0,91.88,15.375,95.0,95.0,93.45,31.925,95.0,95.0,81.945,95.0,64.99000000000001,75.495,78.62,95.0,17793.8554244355,29848.5414747515,30629.8066189003,32557.1548934682,30791.62814,35046.2643511187,37093.0486492573,14340.9292971536,31856.7535696396,1709.27318895302,36322.1734803495,21312.5188452341,2040.48600040887,30674.5793517643,33118.153852858,12523.1417795029,2819.25360358664,32094.7803181468,33989.7794314018,13080.1448915892,28175.8874883203,6767.91163106072,10423.7374779781,12307.9450175176,Saitohin,Q8IWL8,607067.0,gene,246744.0,STH,ENSG00000256762,bacteria
sp|Q8IWL8|STH_HUMAN,sp,Q8IWL8,STH,HUMAN,0644875|tr|A0A934UE11|A0A934UE11_9STRE,644875,tr,A0A934UE11,A0A934UE11,GLEGVG,66,71,GLEGVG,182,187,ALIASGLEGVGRRTLL,6,,,,,,,,,,,,,,,,,,,,,,,,,,,,,,very_weak,,,,,,,,,,,,,,,,,,,,,,,,,,,,,,,,,,,,,,,,,,,,,,,,,,,very_weak,,,very_weak,64.155,49.42999999999999,33.69,60.345,43.125,53.96,35.99,43.94,30.275,16.435000000000002,50.635,32.125,48.995,30.1,52.425,52.26,38.77,41.125,29.125,62.88,45.325,41.125,28.14,65.135,15.69,5435.61699963547,1081.25362144716,1767.84454628259,4658.90469812972,1607.89469009246,4008.80686370047,3416.88326886648,666.938320555107,533.739298159179,369.601191827141,5075.96320149,625.673342301326,3562.84033448985,598.323700931581,4104.5314424473,352.543702268675,701.412455748247,1893.73900510064,2365.59473867288,2665.18704774988,1061.35200229278,650.905120500008,341.033090736455,2770.3281228123,Saitohin,Q8IWL8,607067.0,gene,246744.0,STH,ENSG00000256762,bacteria
sp|Q8IWL8|STH_HUMAN,sp,Q8IWL8,STH,HUMAN,0644875|tr|A0A934PB75|A0A934PB75_9STRE,644875,tr,A0A934PB75,A0A934PB75,SYSSEE,77,82,SYSSEE,525,530,ILPKVSYSSEEALYAG,6,,,very_weak,,,,,,,,,very_weak,,,very_weak,,,very_weak,,,,,,very_weak,,,,,,,,,,,,,,,very_weak,,weak,very_weak,,,very_weak,,,,strong,weak,very_weak,strong,weak,very_weak,,,,,,very_weak,,,,,weak,very_weak,,,very_weak,,,very_weak,,weak,very_weak,,weak,very_weak,,,,strong,weak,very_weak,11.585,39.43,37.12,12.405,17.259999999999998,15.045,35.385,11.44,40.875,20.26,21.22,21.405,5.42,16.61,24.625,1.98,33.99,15.39,30.375,2.395,12.22,10.225,5.1450000000000005,7.105,27.145,1444.31730394841,1597.40384017479,1250.1426120928,891.336236079778,597.049734373511,3566.35003399693,4169.25345688624,485.899911037704,1959.01291180295,1222.6661093245,4343.16478386564,1180.31691238143,849.914996807394,939.338600147629,3212.76460100017,26.9121417113393,2090.52137911224,1419.97445813579,3237.71538945122,153.502662260129,688.196856564402,437.242595931743,236.131384812353,331.311243253237,Saitohin,Q8IWL8,607067.0,gene,246744.0,STH,ENSG00000256762,bacteria
sp|Q8IWL8|STH_HUMAN,sp,Q8IWL8,STH,HUMAN,0644875|tr|A0A934PBQ6|A0A934PBQ6_9STRE,644875,tr,A0A934PBQ6,A0A934PBQ6,SSEESS,79,84,SSEESS,201,206,AKYVLSSEESSEYAKL,6,,,,,,,,,,,weak,very_weak,,,,,,very_weak,,weak,very_weak,,,very_weak,,,,,,,,,,,,,,,,,weak,very_weak,,,,,,,,weak,very_weak,,,very_weak,,,,,,,,,very_weak,,weak,very_weak,,,,,,very_weak,,weak,very_weak,,,very_weak,,,,,weak,very_weak,33.99,33.77,23.19,8.02,44.08,13.535,9.14,19.83,43.35,29.65,25.605,33.445,3.3550000000000004,25.805,36.725,19.16,55.45,29.715,18.815,7.49,21.725,17.83,4.975,10.265,21.265,4351.77285376872,1996.61067481756,1814.35222270563,794.719161837514,3395.03028740324,2684.20027990586,1071.35512274437,1046.086319998,2430.29826470368,2135.4666253079,6020.73366122967,1603.77686780869,742.119602798102,1889.0730800289,4662.33372489953,229.625953946455,3587.09281824928,2283.31229777132,2373.82508560661,372.806212637903,1245.21526104256,1772.34527195568,230.611927461389,466.705755034048,Saitohin,Q8IWL8,607067.0,gene,246744.0,STH,ENSG00000256762,bacteria
sp|Q8IWL8|STH_HUMAN,sp,Q8IWL8,STH,HUMAN,0283361|tr|A0A415ZYU2|A0A415ZYU2_9BACT,283361,tr,A0A415ZYU2,A0A415ZYU2,SEGGGQ,2,7,SEGGGQ,67,72,SGTFNSEGGGQSSSSL,6,,,,,,,,,,,,,,,,,,,,,,,,,,,,,weak,very_weak,,,,,,,,,,,,,,,,,,,,,,,,very_weak,,,,,,,,,,,,very_weak,,,,,,,,,,,,,,,,,weak,very_weak,90.345,62.39,46.745,46.195,65.785,33.555,71.38499999999999,58.925,64.185,6.355,68.74,74.195,72.495,75.305,95.0,14.105,69.055,74.015,95.0,14.52,95.0,42.285,44.975,42.575,40.95,24897.6856464241,11083.1172080209,8028.46687714606,11229.1705961847,13541.2469003455,10373.6698823239,19014.2606371986,10109.94690682,12152.3301218135,115.469481408226,25645.1924975427,20902.8174694324,8438.89287178387,21454.8087183416,38650.3395934899,291.039483824592,7268.57181329493,24464.5510250276,38587.2447454229,1164.48611760398,37251.9166255058,3252.11015290687,4064.71233022913,5580.24476104697,Saitohin,Q8IWL8,607067.0,gene,246744.0,STH,ENSG00000256762,bacteria
sp|Q8IWL8|STH_HUMAN,sp,Q8IWL8,STH,HUMAN,0283361|tr|A0A3R6IGN7|A0A3R6IGN7_9BACT,283361,tr,A0A3R6IGN7,A0A3R6IGN7,AAALPL,110,115,AAALPL,11,16,VSLMAAAALPLLAQKD,6,,,very_weak,,,very_weak,,,,,,,,weak,very_weak,,,very_weak,,,,,weak,very_weak,,,very_weak,strong,weak,very_weak,,weak,very_weak,,,very_weak,,,very_weak,,weak,very_weak,,weak,very_weak,,,,,weak,very_weak,,weak,very_weak,strong,weak,very_weak,,,very_weak,,,very_weak,,,,,,very_weak,,,,,weak,very_weak,,,,,,,strong,weak,very_weak,14.645,10.82,27.07,23.19,8.11,13.46,26.865,3.3,17.255000000000003,0.99,4.11,14.32,7.525,9.32,22.69,2.91,0.64,15.45,11.47,25.125,15.085,20.65,2.6950000000000003,28.335,34.885,495.858072987326,98.2516351833629,203.107170370037,1040.13848503983,41.5898950325531,296.577033751545,717.524297072877,13.4326472928496,38.1847064345902,14.4632194070622,124.786679401137,158.445239449054,532.222647626034,124.210145078487,677.960843152185,5.95579905097758,21.3025558707962,379.472277576715,177.586945729653,205.797077575442,249.416857645044,95.261963476064,15.0259846441681,213.968970111839,Saitohin,Q8IWL8,607067.0,gene,246744.0,STH,ENSG00000256762,bacteria
sp|Q8IWL8|STH_HUMAN,sp,Q8IWL8,STH,HUMAN,0283361|tr|A0A416AF21|A0A416AF21_9BACT,283361,tr,A0A416AF21,A0A416AF21,ASLLTL,55,60,ASLLTL,154,159,FSRVNASLLTLQKDDI,6,,,,,,very_weak,,,,,,,,,,,,,,,,,,,,,,,,very_weak,,weak,very_weak,,,,,,,,,very_weak,,,very_weak,,,very_weak,,,,,,,,weak,very_weak,,,,,,very_weak,,,,,,very_weak,,,,,,very_weak,,,,,,,,weak,very_weak,28.38,10.35,32.86,48.35,43.335,26.935,33.605000000000004,30.175,30.03,11.36,5.82,20.675,16.73,12.57,10.1,34.155,3.535,25.63,18.595,32.42,13.875,21.435,18.64,26.93,32.84,2634.13912819501,412.981596017044,858.176013607867,3167.75400821927,818.366594582359,339.652180683737,2532.96062136772,104.782621728373,190.1656285681,508.985488929262,494.732686370875,493.065397977282,1382.21435262018,332.683437869075,691.436079591055,71.9791655511039,166.487519160781,1000.60842195772,1168.52493954905,625.24699987409,428.948632042981,414.934407531583,244.775750829537,516.094796587446,Saitohin,Q8IWL8,607067.0,gene,246744.0,STH,ENSG00000256762,bacteria
sp|Q8IWL8|STH_HUMAN,sp,Q8IWL8,STH,HUMAN,0283361|tr|A0A3R6QVP3|A0A3R6QVP3_9BACT,283361,tr,A0A3R6QVP3,A0A3R6QVP3,LTLSSS,58,63,LTLSSS,231,236,LNDKYLTLSSSYGLSD,6,,,,,,,,weak,very_weak,,,very_weak,,weak,very_weak,,weak,very_weak,,,,strong,weak,very_weak,,,very_weak,,,very_weak,,,very_weak,,,,,weak,very_weak,,,very_weak,,,,,,,,,very_weak,strong,weak,very_weak,,,,,,,,,very_weak,strong,weak,very_weak,,,,,weak,very_weak,,weak,very_weak,strong,weak,very_weak,,weak,very_weak,strong,weak,very_weak,25.625,27.865,5.635,14.85,2.92,8.190000000000001,22.29,0.845,14.485,18.935,18.475,31.215,12.195,34.2,27.45,0.86,24.97,36.865,17.265,0.8049999999999999,28.2,6.42,2.22,1.235,4.83,3002.85138073985,650.334915824647,309.875429423357,1557.50171045618,67.2274918826086,838.969410513377,1853.60061026468,11.7246599961117,81.836300765166,722.330372429955,1840.65006797756,958.963110054218,2028.15992101831,970.255663270236,1551.41328170316,8.19369452816832,657.438052382009,1737.91726806458,663.289761769678,45.8296967042827,895.008523211238,183.305004127407,31.7156726505802,54.8626469865599,Saitohin,Q8IWL8,607067.0,gene,246744.0,STH,ENSG00000256762,bacteria
