human_id,database,protein,gene,species,pathogen_id,pathogen_species,database_pathogen,pathogen_protein,pathogen_gene,human_seq,human_start,human_end,pathogen_seq,pathogen_start,pathogen_end,extended_pathogen_seq,pathogen_length,binding_rank_strong_HLA_DQA10101_DQB10501,binding_rank_weak_HLA_DQA10101_DQB10501,binding_rank_very_weak_HLA_DQA10101_DQB10501,binding_rank_strong_DRB4_0101,binding_rank_weak_DRB4_0101,binding_rank_very_weak_DRB4_0101,binding_rank_strong_DRB1_0802,binding_rank_weak_DRB1_0802,binding_rank_very_weak_DRB1_0802,binding_rank_strong_DRB3_0101,binding_rank_weak_DRB3_0101,binding_rank_very_weak_DRB3_0101,binding_rank_strong_DRB1_1501,binding_rank_weak_DRB1_1501,binding_rank_very_weak_DRB1_1501,binding_rank_strong_DRB3_0202,binding_rank_weak_DRB3_0202,binding_rank_very_weak_DRB3_0202,binding_rank_strong_DRB1_0301,binding_rank_weak_DRB1_0301,binding_rank_very_weak_DRB1_0301,binding_rank_strong_DRB1_0701,binding_rank_weak_DRB1_0701,binding_rank_very_weak_DRB1_0701,binding_rank_strong_DRB1_1302,binding_rank_weak_DRB1_1302,binding_rank_very_weak_DRB1_1302,binding_rank_strong_HLA_DQA10501_DQB10301,binding_rank_weak_HLA_DQA10501_DQB10301,binding_rank_very_weak_HLA_DQA10501_DQB10301,binding_rank_strong_HLA_DPA10201_DPB11401,binding_rank_weak_HLA_DPA10201_DPB11401,binding_rank_very_weak_HLA_DPA10201_DPB11401,binding_rank_strong_HLA_DPA10103_DPB10201,binding_rank_weak_HLA_DPA10103_DPB10201,binding_rank_very_weak_HLA_DPA10103_DPB10201,binding_rank_strong_DRB5_0101,binding_rank_weak_DRB5_0101,binding_rank_very_weak_DRB5_0101,binding_rank_strong_HLA_DQA10301_DQB10302,binding_rank_weak_HLA_DQA10301_DQB10302,binding_rank_very_weak_HLA_DQA10301_DQB10302,binding_rank_strong_HLA_DPA10301_DPB10402,binding_rank_weak_HLA_DPA10301_DPB10402,binding_rank_very_weak_HLA_DPA10301_DPB10402,binding_rank_strong_HLA_DPA10201_DPB10501,binding_rank_weak_HLA_DPA10201_DPB10501,binding_rank_very_weak_HLA_DPA10201_DPB10501,binding_rank_strong_HLA_DQA10501_DQB10201,binding_rank_weak_HLA_DQA10501_DQB10201,binding_rank_very_weak_HLA_DQA10501_DQB10201,binding_rank_strong_DRB1_0101,binding_rank_weak_DRB1_0101,binding_rank_very_weak_DRB1_0101,binding_rank_strong_HLA_DQA10102_DQB10602,binding_rank_weak_HLA_DQA10102_DQB10602,binding_rank_very_weak_HLA_DQA10102_DQB10602,binding_rank_strong_HLA_DPA10103_DPB10401,binding_rank_weak_HLA_DPA10103_DPB10401,binding_rank_very_weak_HLA_DPA10103_DPB10401,binding_rank_strong_DRB1_1201,binding_rank_weak_DRB1_1201,binding_rank_very_weak_DRB1_1201,binding_rank_strong_DRB1_0401,binding_rank_weak_DRB1_0401,binding_rank_very_weak_DRB1_0401,binding_rank_strong_HLA_DPA10201_DPB10101,binding_rank_weak_HLA_DPA10201_DPB10101,binding_rank_very_weak_HLA_DPA10201_DPB10101,binding_rank_strong_HLA_DQA10401_DQB10402,binding_rank_weak_HLA_DQA10401_DQB10402,binding_rank_very_weak_HLA_DQA10401_DQB10402,binding_rank_strong_DRB1_0901,binding_rank_weak_DRB1_0901,binding_rank_very_weak_DRB1_0901,binding_rank_strong_DRB1_0405,binding_rank_weak_DRB1_0405,binding_rank_very_weak_DRB1_0405,binding_rank_strong_DRB1_1101,binding_rank_weak_DRB1_1101,binding_rank_very_weak_DRB1_1101,binding_rank_strong,binding_rank_weak,binding_rank_very_weak,Rank_average_HLA_DQA10101_DQB10501,Rank_average_DRB4_0101,Rank_average_DRB1_0802,Rank_average_DRB3_0101,Rank_average_DRB1_1501,Rank_average_DRB3_0202,Rank_average_DRB1_0301,Rank_average_DRB1_0701,Rank_average_DRB1_1302,Rank_average_HLA_DQA10501_DQB10301,Rank_average_HLA_DPA10201_DPB11401,Rank_average_HLA_DPA10103_DPB10201,Rank_average_HLA_DQA10301_DQB10302,Rank_average_HLA_DPA10301_DPB10402,Rank_average_HLA_DPA10201_DPB10501,Rank_average_DRB1_0101,Rank_average_HLA_DQA10102_DQB10602,Rank_average_HLA_DPA10103_DPB10401,Rank_average_DRB1_1201,Rank_average_DRB1_0401,Rank_average_HLA_DPA10201_DPB10101,Rank_average_HLA_DQA10401_DQB10402,Rank_average_DRB1_0901,Rank_average_DRB1_0405,Rank_average_DRB1_1101,nM_HLA_DQA10101_DQB10501,nM_DRB4_0101,nM_DRB1_0802,nM_DRB3_0101,nM_DRB1_1501,nM_DRB3_0202,nM_DRB1_0301,nM_DRB1_0701,nM_DRB1_1302,nM_HLA_DQA10501_DQB10301,nM_HLA_DPA10201_DPB11401,nM_HLA_DPA10103_DPB10201,nM_HLA_DQA10301_DQB10302,nM_HLA_DPA10301_DPB10402,nM_HLA_DPA10201_DPB10501,nM_DRB1_0101,nM_HLA_DQA10102_DQB10602,nM_HLA_DPA10103_DPB10401,nM_DRB1_1201,nM_DRB1_0401,nM_HLA_DPA10201_DPB10101,nM_HLA_DQA10401_DQB10402,nM_DRB1_0901,nM_DRB1_0405,Gene description,Uniprot,# MIM Number,MIM Entry Type,Entrez Gene ID,HGNC,Ensembl Gene ID,type
sp|Q8N3U1|YS014_HUMAN,sp,Q8N3U1,YS014,HUMAN,0102041|tr|B7TQ24|B7TQ24_9BETA,102041,tr,B7TQ24,B7TQ24,DASLGS,3,8,DASLGS,577,582,DDDGDDASLGSSLGNP,6,,,,,,,,,,,,,,,,,,,,,,,,,,,,,,very_weak,,,,,,,,,,,,,,,,,,,,,,,,,,,,,,,,,,,,,,,,,,,,,,,,,,,,,,very_weak,87.095,95.0,89.065,84.335,87.75999999999998,83.99,95.0,66.57,93.235,16.465,95.0,93.605,38.24500000000001,95.0,95.0,57.075,57.475,92.19,93.595,68.9,95.0,50.22,74.475,76.785,95.0,21977.3414786982,35909.5295948976,19090.120232268702,20083.4091037384,18522.0537172179,25801.0503642893,36315.8860587714,10125.0536411599,19695.8437397148,605.375988312855,42262.7164864482,20275.1058728397,4688.13200076994,37644.1265939126,38211.2462029878,4193.68437333151,6453.2607189675,24973.7689168327,24803.0416113137,11660.6722922865,36113.3084539999,6068.60767235521,8379.75156430075,14511.0611413028,,,,,,,,virus
sp|Q8N3U1|YS014_HUMAN,sp,Q8N3U1,YS014,HUMAN,0102041|tr|E9RH99|E9RH99_9BETA,102041,tr,E9RH99,E9RH99,ASLGSL,4,9,ASLGSL,365,370,LSESLASLGSLSQHFS,6,,,,,,very_weak,,,very_weak,,,,,,very_weak,,,,,,,,,,,,,,,,,,,,,,,,very_weak,,,,,,,,,,,,,,,very_weak,,,very_weak,,,,,weak,very_weak,,weak,very_weak,,,,,,,,,,,weak,very_weak,,,very_weak,,weak,very_weak,39.22,15.79,12.215,50.215,13.53,34.885,38.09,29.145,42.305,25.11,40.025,51.78999999999999,20.34,33.38,40.66,14.31,18.89,48.1,6.565,3.585,44.48,28.85,32.515,5.385,11.12,3992.531217792221,521.59061924027,639.270266320689,5372.17888747498,440.223697556809,4386.37608216906,4659.66088422954,273.496409879077,1549.28293034647,252.695472101238,3464.9463337886896,2407.81525450029,1783.11664570348,1461.65736201797,3863.0520429515705,55.760314217739705,318.619896688301,3439.0629570996307,583.952632962585,169.429611241277,1674.58398055855,286.462594100405,262.826298148236,168.203994610786,,,,,,,,virus
sp|Q8N3U1|YS014_HUMAN,sp,Q8N3U1,YS014,HUMAN,0001259|tr|Q1GA13|Q1GA13_LACDA,1259,tr,Q1GA13,Q1GA13,VSSGRF,22,27,VSSGRF,89,94,LNYFPVSSGRFFSEDD,6,,,,,,,,,,,,very_weak,,,,,,,,,,,weak,very_weak,,,,,,,,,,,,,,weak,very_weak,,,,,,,,,,,,,,,very_weak,,,,,,very_weak,,,very_weak,,,,,,very_weak,,,,,weak,very_weak,,,very_weak,,,,,weak,very_weak,36.6,59.24,31.35,13.52,27.885,31.11,49.7,2.33,33.28,25.42,42.085,20.855,28.485,26.925,37.235,16.735,49.89,14.23,19.985,20.5,18.47,24.175,6.24,13.835,24.44,2014.88341208892,1351.67420285116,858.296730662075,979.781773672132,372.596520243572,2407.89341185037,4373.15481479495,32.9230051634257,759.273300026671,657.815167199605,5161.75241361478,684.66160662205,1790.54054128213,1040.63378191143,2350.36364284148,55.7054396413637,2159.42152661173,780.420758903917,1025.06700591172,344.217492215923,663.318468983527,172.673864495617,75.1131630057693,219.683524335219,,,,,,,,bacteria
sp|Q8N3U1|YS014_HUMAN,sp,Q8N3U1,YS014,HUMAN,0644875|tr|A0A934P9E3|A0A934P9E3_9STRE,644875,tr,A0A934P9E3,A0A934P9E3,ALAPGD,76,81,ALAPGD,188,193,VSAKFALAPGDFNQID,6,,,,,,very_weak,,,,,,,,,,,,very_weak,,,,,,,,,,,,,,,very_weak,,weak,very_weak,,,very_weak,,,very_weak,,,,,,,,,,,weak,very_weak,,,,,weak,very_weak,,,,,weak,very_weak,,,,,,,,weak,very_weak,,weak,very_weak,,,,,weak,very_weak,36.2,12.46,27.57,26.595,47.525000000000006,10.875,63.735,22.045,46.185,21.455,14.335,5.89,17.415,23.01,40.245,6.5600000000000005,38.905,5.235,43.735,5.17,27.14,21.45,6.869999999999999,7.555,28.795,3603.70369161093,507.198821318704,1340.4888818627,2516.9242360425,1593.83014769371,1538.80816400761,7060.83147408686,660.568234104404,1316.89820735546,727.231584685427,2552.82529478825,358.723234476528,1717.78302881052,944.117365956093,3042.35713911993,45.3909841245813,1400.74741718952,576.02074279625,2833.35093773221,157.598908389197,938.668052861251,347.315114503297,166.485717812482,190.775639655805,,,,,,,,bacteria
sp|Q8N3U1|YS014_HUMAN,sp,Q8N3U1,YS014,HUMAN,0644875|tr|A0A934P8U0|A0A934P8U0_9STRE,644875,tr,A0A934P8U0,A0A934P8U0,LEKAGT,102,107,LEKAGT,44,49,DVKQHLEKAGTPTMGG,6,,,,,,,,,,,,,,,,,,,,,,,,,,,,,weak,very_weak,,,,,,,,,,,,,,,,,,,,,,,,,,,,,,,,,,,,,,,,,,,,,very_weak,,,,,,,,weak,very_weak,86.58000000000001,57.18,41.21,61.915000000000006,42.235,31.61,46.14,33.145,47.825,6.289999999999999,59.575,84.095,69.32000000000001,82.315,77.475,27.75,57.31999999999999,85.03999999999999,50.945,20.45,84.19,39.86,19.295,41.05,49.98,21512.4558219537,4131.48769625245,3437.3517276425,11404.0157635238,4808.70697913505,7877.54017204278,9618.6653903957,2230.37530961763,4352.38500464588,187.045514583545,14986.7271843538,16700.6776439491,9481.03585375467,15852.2078084114,16060.239437803,561.54096817783,5054.09703679617,20184.0521297772,9906.48326515262,1431.68360219928,13575.1338004302,2597.29123881603,906.675411830767,3226.10584124571,,,,,,,,bacteria
sp|Q8N3U1|YS014_HUMAN,sp,Q8N3U1,YS014,HUMAN,0283361|tr|A0A416ADA6|A0A416ADA6_9BACT,283361,tr,A0A416ADA6,A0A416ADA6,GNGGGY,63,68,GNGGGY,226,231,ILDLQGNGGGYLNIAI,6,,,,,,,,,,,,,,,,,weak,very_weak,,,,,,,,,very_weak,,,very_weak,,,,,,,,,,,,,,,,,,,,,,,,,,,very_weak,,,,,,,,,,,,,,,,,,,,,,,,,,weak,very_weak,57.345,68.435,72.22,24.44,35.355000000000004,4.04,42.095,31.96,10.725,15.05,75.175,60.155,61.115,73.86,83.325,31.835,11.72,72.955,50.95,59.010000000000005,82.515,45.06,39.62,77.55000000000001,73.47,3606.94142102169,2851.58852628947,4546.5110544599,2747.10596607004,1474.42793383828,256.877341313471,4819.28050290718,1092.57858315435,73.2115314422095,154.946054182375,12887.8260255505,5159.5747614502,4041.5137416088,7620.50205498535,12508.3812448699,308.076871748811,412.968191126689,9686.65531811711,4592.88831930153,2902.168906826,7188.17339037022,1160.91335685864,948.427749857024,5568.60415619287,,,,,,,,bacteria
sp|Q8N3U1|YS014_HUMAN,sp,Q8N3U1,YS014,HUMAN,0283361|tr|A0A3R6MAB2|A0A3R6MAB2_9BACT,283361,tr,A0A3R6MAB2,A0A3R6MAB2,RTATDA,47,52,RTATDA,161,166,AGNFARTATDATRSVV,6,,,,,weak,very_weak,,,very_weak,,,very_weak,,,,,,very_weak,,,,,,very_weak,,,,,,very_weak,strong,weak,very_weak,,,,,,,,,very_weak,,,,,,,,,,,,very_weak,,,,,,,,,,strong,weak,very_weak,,,,,weak,very_weak,,,very_weak,,weak,very_weak,,,,strong,weak,very_weak,58.86,9.595,10.995,10.64,60.56,13.82,23.7,12.41,37.76,14.66,1.415,58.215,15.41,56.245000000000005,39.84,15.41,23.2,52.425,65.47,0.97,47.645,7.55,13.515,6.42,20.415,12181.2913909976,656.279600782829,858.21315550838,995.58680692445,4671.22057717155,3154.07387436426,1930.35551754466,635.257358642241,1968.9791411475,604.073933805542,834.695769864629,8127.14029966035,2216.80621163537,7405.10658712048,8477.42078080011,233.420993439978,1492.22636167441,10157.7524771443,9530.19740575199,102.007267935008,5392.9699210348,502.104480279301,659.197395733187,407.3588006568,,,,,,,,bacteria
sp|Q8N3U1|YS014_HUMAN,sp,Q8N3U1,YS014,HUMAN,0283361|tr|A0A3R6N8H6|A0A3R6N8H6_9BACT,283361,tr,A0A3R6N8H6,A0A3R6N8H6,LGSLGI,6,11,LGSLGI,693,698,DTLIGLGSLGIEIRRN,6,,,,,,very_weak,,,,,,,,weak,very_weak,,,,,,,,weak,very_weak,,,,,,,,,,,,,,,very_weak,,,,,,,,,,,,,,weak,very_weak,,,very_weak,,,,,weak,very_weak,,,,,,,,,,,,,,,,,,,,weak,very_weak,34.885,18.69,36.24,37.165,4.395,43.26,26.28,9.47,25.195,24.44,39.825,36.895,24.345,22.895,33.735,3.485,14.58,37.63,2.7350000000000003,28.04,38.655,22.675,20.785,23.065,33.515,2353.95206767972,373.605737501241,811.471551152644,2915.07184296987,61.7713178175548,3728.92563955609,2045.3709894552,74.8519264380832,249.238811307925,453.656518868351,3111.66940413647,997.840708334934,1724.22584799762,562.879225036743,2024.82713774573,11.2376524406606,283.861627675462,1599.79075235834,149.989244030578,498.299808982317,897.025020544793,195.879237691954,127.195371529771,319.303212901178,,,,,,,,bacteria
sp|Q8N3U1|YS014_HUMAN,sp,Q8N3U1,YS014,HUMAN,0283361|tr|A0A3R6LQ34|A0A3R6LQ34_9BACT,283361,tr,A0A3R6LQ34,A0A3R6LQ34,QDHGDD,36,41,QDHGDD,266,271,GFIGLQDHGDDVWYRN,6,,,very_weak,,,,,,,,,,,,,,,,,,,,,,,,,,,,,,,,,,,,,,,,,,,,,,,,,,,,,,,,,,,,,,,,,,,,,,,,,,weak,very_weak,,,,,weak,very_weak,13.82,38.175,71.235,25.675,70.03999999999999,58.61,31.46,68.395,73.10499999999999,74.275,86.53,83.95,27.585,82.475,83.00999999999999,68.56,67.195,75.9,67.28,37.305,83.275,47.285,69.75,6.59,67.475,1090.97204715313,2152.33039862795,8104.13425332301,2195.91806215771,6279.48041303483,13464.2541128945,3228.20086619876,6627.47465546835,5601.8410366977,6613.72104744888,23263.8902568745,11733.4438130233,2446.57673310954,10967.6434424346,14959.9957969558,2448.32447064498,5403.54175321772,12864.4208095042,7956.51849999217,2220.86344435508,8659.58772528581,3012.22314843535,5179.20675116335,342.041923310748,,,,,,,,bacteria
sp|Q8N3U1|YS014_HUMAN,sp,Q8N3U1,YS014,HUMAN,0283361|tr|A0A416AF01|A0A416AF01_9BACT,283361,tr,A0A416AF01,A0A416AF01,LAPGDR,77,82,LAPGDR,59,64,GDLFLLAPGDRHYFTV,6,,,,,weak,very_weak,,,,,,very_weak,,,,,weak,very_weak,,,very_weak,,,,,,,,,,,,,,,,,weak,very_weak,,,,,,,,,,,,,,weak,very_weak,,,,,,,,,,,weak,very_weak,,,,,,,,,very_weak,,weak,very_weak,,,very_weak,,weak,very_weak,45.585,6.32,24.73,16.49,30.89,9.225,18.135,23.41,25.57,53.415,23.3,54.315,61.06,42.13,37.965,7.545,73.3,48.45,20.985,4.98,46.86,43.89,12.52,8.395,18.74,2658.33273439303,98.726906165227,713.599002188538,1359.99196092586,370.50607238137,823.536199540898,829.65357583622,441.12962175075,705.675268323076,2264.71154704202,3318.50841473421,2886.97939616712,4312.82041578445,1637.61933467872,2033.65340762485,29.1845461697224,3333.65912137488,2885.1370321401,700.464456057267,80.189337440063,1621.97804310236,453.151228793669,186.457517559831,121.287106690713,,,,,,,,bacteria
sp|Q8N3U1|YS014_HUMAN,sp,Q8N3U1,YS014,HUMAN,0283361|tr|A0A415ZVR9|A0A415ZVR9_9BACT,283361,tr,A0A415ZVR9,A0A415ZVR9,LARLLG,29,34,LARLLG,104,109,SVMIPLARLLGLRVVM,6,,,,,,very_weak,,weak,very_weak,,,,,,very_weak,,,,,,very_weak,,,,,,very_weak,,,,,,,,,,,,,,,,,,,,,,,,,,weak,very_weak,,,,,,,,weak,very_weak,,,,,,,,,,,,,,,,strong,weak,very_weak,strong,weak,very_weak,42.365,18.17,2.685,47.36,13.33,41.725,19.17,24.475,14.455,55.64,38.64,26.145,72.29,24.62,24.51,4.305,49.71,28.51,6.390000000000001,36.475,38.05500000000001,43.86,38.790000000000006,38.7,0.93,2068.09145510379,56.1010167804083,61.9647738376239,2731.33871150787,50.7718202975329,1823.20766329069,817.41970647537,102.444160797946,211.439745933938,969.741399998905,1280.70073789041,393.547163860878,5868.18043297632,217.978785659888,602.911654999561,11.6081525855402,535.457214358226,700.388671456097,85.3403655032449,456.759413893727,436.670535461001,146.694263422687,180.256493113306,317.322875265506,,,,,,,,bacteria
sp|Q8N3U1|YS014_HUMAN,sp,Q8N3U1,YS014,HUMAN,0283361|tr|A0A415ZPG8|A0A415ZPG8_9BACT,283361,tr,A0A415ZPG8,A0A415ZPG8,MPDASL,1,6,MPDASL,262,267,AHVDTMPDASLQVHQS,6,,,very_weak,,,,,,,,weak,very_weak,,,,,,,,weak,very_weak,,,,,,,,,,,,,,,,,,,,,very_weak,,,,,,,,,very_weak,,,,,,,,,,,,,,,,,,,,,very_weak,,,,,,,,,,,weak,very_weak,18.07,50.015,74.365,3.785,39.985,45.565,6.890000000000001,53.625,37.385,39.975,70.44,75.65,18.76,65.595,70.65,41.25,24.665,74.895,42.47,32.655,70.345,10.25,64.925,37.725,80.475,2837.49255267033,3939.83455949397,7686.50056827304,416.062803137642,4213.69685572132,10764.6075682452,833.459408852339,4712.59410777296,2408.51876198902,2058.22474626766,15298.5031929466,10060.9510805995,1728.52201190684,7896.91189669707,15034.9641073038,1260.86051912828,1388.67511920994,13516.655025144,6440.56546408093,2228.42146044776,6457.8706728806,938.393876045593,4454.96388571278,2850.60138341039,,,,,,,,bacteria
sp|Q8N3U1|YS014_HUMAN,sp,Q8N3U1,YS014,HUMAN,0283361|tr|A0A416AAZ5|A0A416AAZ5_9BACT,283361,tr,A0A416AAZ5,A0A416AAZ5,VSSGRF,22,27,VSSGRF,145,150,SIKDLVSSGRFKEFGI,6,,,,,,,,,very_weak,,,,,,,,,,,weak,very_weak,,,,,,very_weak,,,,,,,,weak,very_weak,,,very_weak,,,,,,very_weak,,,very_weak,,,,,,,,,,,weak,very_weak,,,very_weak,,,,,,very_weak,,,,,,,,,,,weak,very_weak,,weak,very_weak,55.11,32.275,17.405,44.545,26.8,31.335,5.165,34.265,15.025,38.74,40.88,7.725,56.620000000000005,16.955,14.75,46.81,66.18,7.68,19.435,46.92,10.83,24.595,32.14,34.19,5.825,6651.10856369853,905.743938075371,964.394584913309,4752.431158249,700.381093446955,4608.46891939018,511.281610324187,905.979167381814,890.333817887634,1736.50754915988,4805.43026001224,421.05337773596,5535.08534906252,915.7159814396,1567.30650056601,407.566007337246,3756.70606827865,683.359059149959,1396.38934717045,2100.72473854425,632.616625246653,820.245912704787,818.419723577525,1265.24728890664,,,,,,,,bacteria
