human_id,database,protein,gene,species,pathogen_id,pathogen_species,database_pathogen,pathogen_protein,pathogen_gene,human_seq,human_start,human_end,pathogen_seq,pathogen_start,pathogen_end,extended_pathogen_seq,pathogen_length,binding_rank_strong_HLA_DQA10101_DQB10501,binding_rank_weak_HLA_DQA10101_DQB10501,binding_rank_very_weak_HLA_DQA10101_DQB10501,binding_rank_strong_DRB4_0101,binding_rank_weak_DRB4_0101,binding_rank_very_weak_DRB4_0101,binding_rank_strong_DRB1_0802,binding_rank_weak_DRB1_0802,binding_rank_very_weak_DRB1_0802,binding_rank_strong_DRB3_0101,binding_rank_weak_DRB3_0101,binding_rank_very_weak_DRB3_0101,binding_rank_strong_DRB1_1501,binding_rank_weak_DRB1_1501,binding_rank_very_weak_DRB1_1501,binding_rank_strong_DRB3_0202,binding_rank_weak_DRB3_0202,binding_rank_very_weak_DRB3_0202,binding_rank_strong_DRB1_0301,binding_rank_weak_DRB1_0301,binding_rank_very_weak_DRB1_0301,binding_rank_strong_DRB1_0701,binding_rank_weak_DRB1_0701,binding_rank_very_weak_DRB1_0701,binding_rank_strong_DRB1_1302,binding_rank_weak_DRB1_1302,binding_rank_very_weak_DRB1_1302,binding_rank_strong_HLA_DQA10501_DQB10301,binding_rank_weak_HLA_DQA10501_DQB10301,binding_rank_very_weak_HLA_DQA10501_DQB10301,binding_rank_strong_HLA_DPA10201_DPB11401,binding_rank_weak_HLA_DPA10201_DPB11401,binding_rank_very_weak_HLA_DPA10201_DPB11401,binding_rank_strong_HLA_DPA10103_DPB10201,binding_rank_weak_HLA_DPA10103_DPB10201,binding_rank_very_weak_HLA_DPA10103_DPB10201,binding_rank_strong_DRB5_0101,binding_rank_weak_DRB5_0101,binding_rank_very_weak_DRB5_0101,binding_rank_strong_HLA_DQA10301_DQB10302,binding_rank_weak_HLA_DQA10301_DQB10302,binding_rank_very_weak_HLA_DQA10301_DQB10302,binding_rank_strong_HLA_DPA10301_DPB10402,binding_rank_weak_HLA_DPA10301_DPB10402,binding_rank_very_weak_HLA_DPA10301_DPB10402,binding_rank_strong_HLA_DPA10201_DPB10501,binding_rank_weak_HLA_DPA10201_DPB10501,binding_rank_very_weak_HLA_DPA10201_DPB10501,binding_rank_strong_HLA_DQA10501_DQB10201,binding_rank_weak_HLA_DQA10501_DQB10201,binding_rank_very_weak_HLA_DQA10501_DQB10201,binding_rank_strong_DRB1_0101,binding_rank_weak_DRB1_0101,binding_rank_very_weak_DRB1_0101,binding_rank_strong_HLA_DQA10102_DQB10602,binding_rank_weak_HLA_DQA10102_DQB10602,binding_rank_very_weak_HLA_DQA10102_DQB10602,binding_rank_strong_HLA_DPA10103_DPB10401,binding_rank_weak_HLA_DPA10103_DPB10401,binding_rank_very_weak_HLA_DPA10103_DPB10401,binding_rank_strong_DRB1_1201,binding_rank_weak_DRB1_1201,binding_rank_very_weak_DRB1_1201,binding_rank_strong_DRB1_0401,binding_rank_weak_DRB1_0401,binding_rank_very_weak_DRB1_0401,binding_rank_strong_HLA_DPA10201_DPB10101,binding_rank_weak_HLA_DPA10201_DPB10101,binding_rank_very_weak_HLA_DPA10201_DPB10101,binding_rank_strong_HLA_DQA10401_DQB10402,binding_rank_weak_HLA_DQA10401_DQB10402,binding_rank_very_weak_HLA_DQA10401_DQB10402,binding_rank_strong_DRB1_0901,binding_rank_weak_DRB1_0901,binding_rank_very_weak_DRB1_0901,binding_rank_strong_DRB1_0405,binding_rank_weak_DRB1_0405,binding_rank_very_weak_DRB1_0405,binding_rank_strong_DRB1_1101,binding_rank_weak_DRB1_1101,binding_rank_very_weak_DRB1_1101,binding_rank_strong,binding_rank_weak,binding_rank_very_weak,Rank_average_HLA_DQA10101_DQB10501,Rank_average_DRB4_0101,Rank_average_DRB1_0802,Rank_average_DRB3_0101,Rank_average_DRB1_1501,Rank_average_DRB3_0202,Rank_average_DRB1_0301,Rank_average_DRB1_0701,Rank_average_DRB1_1302,Rank_average_HLA_DQA10501_DQB10301,Rank_average_HLA_DPA10201_DPB11401,Rank_average_HLA_DPA10103_DPB10201,Rank_average_HLA_DQA10301_DQB10302,Rank_average_HLA_DPA10301_DPB10402,Rank_average_HLA_DPA10201_DPB10501,Rank_average_DRB1_0101,Rank_average_HLA_DQA10102_DQB10602,Rank_average_HLA_DPA10103_DPB10401,Rank_average_DRB1_1201,Rank_average_DRB1_0401,Rank_average_HLA_DPA10201_DPB10101,Rank_average_HLA_DQA10401_DQB10402,Rank_average_DRB1_0901,Rank_average_DRB1_0405,Rank_average_DRB1_1101,nM_HLA_DQA10101_DQB10501,nM_DRB4_0101,nM_DRB1_0802,nM_DRB3_0101,nM_DRB1_1501,nM_DRB3_0202,nM_DRB1_0301,nM_DRB1_0701,nM_DRB1_1302,nM_HLA_DQA10501_DQB10301,nM_HLA_DPA10201_DPB11401,nM_HLA_DPA10103_DPB10201,nM_HLA_DQA10301_DQB10302,nM_HLA_DPA10301_DPB10402,nM_HLA_DPA10201_DPB10501,nM_DRB1_0101,nM_HLA_DQA10102_DQB10602,nM_HLA_DPA10103_DPB10401,nM_DRB1_1201,nM_DRB1_0401,nM_HLA_DPA10201_DPB10101,nM_HLA_DQA10401_DQB10402,nM_DRB1_0901,nM_DRB1_0405,Gene description,Uniprot,# MIM Number,MIM Entry Type,Entrez Gene ID,HGNC,Ensembl Gene ID,type
sp|Q8N9W8|GAR2_HUMAN,sp,Q8N9W8,GAR2,HUMAN,0102041|tr|E9RHA9|E9RHA9_9BETA,102041,tr,E9RHA9,E9RHA9,DVTDVT,204,209,DVTDVT,24,29,SLVNPDVTDVTVSGAG,6,,,,,,,,,,,,very_weak,,,,,,,,,very_weak,,,,,,,,,very_weak,,,,,,,,,,,,,,,,,,,,,,,,,,,very_weak,,,,,,,,,,,,,,,,,,,,,,,,,,,very_weak,57.115,37.495,61.57,17.935,80.685,46.35,12.945,76.1,60.1,17.97,79.36,88.765,20.37,86.32499999999997,85.88,77.825,13.735,88.365,72.805,32.43,88.695,29.61,77.4,56.87,76.545,11002.94437006,4845.947218600851,8714.57302762389,2754.96407621819,12807.3406549056,12293.172105172,1918.715469565269,8686.80189596983,4569.73973799908,1153.50111258147,22630.0685789731,15949.7570767352,2814.2554327617,16108.2711511276,20751.1620236729,4994.84135307973,1082.95129685886,20906.4364042805,15339.9408140728,2564.06408926957,14780.282060226698,3684.52886481805,8074.46350808376,6752.405233793461,Golgi associated RAB2 interactor family member 2,Q8N9W8,619898.0,gene,161142.0,GARIN2,ENSG00000172717,virus
sp|Q8N9W8|GAR2_HUMAN,sp,Q8N9W8,GAR2,HUMAN,0001259|sp|Q1GBM4|RPOC_LACDA,1259,sp,Q1GBM4,RPOC,TALKAE,379,384,TALKAE,189,194,LDKEVTALKAELQTLK,6,,,very_weak,,weak,very_weak,,weak,very_weak,,,,,,very_weak,,,,,,very_weak,,,,,,,,,very_weak,,,very_weak,,,,,weak,very_weak,,weak,very_weak,,,very_weak,,,very_weak,,weak,very_weak,,weak,very_weak,,weak,very_weak,,,,,weak,very_weak,,weak,very_weak,,,very_weak,strong,weak,very_weak,,,very_weak,,,very_weak,,weak,very_weak,strong,weak,very_weak,16.495,4.985,8.355,34.49,14.11,25.11,17.54,27.405,27.05,16.325,10.33,25.59,2.13,12.645,10.91,3.255,4.715,20.24,2.49,10.0,13.905,1.755,18.925,12.255,9.885,3022.31080238586,316.760302982112,667.169276527327,5199.70101478438,850.75223506825,6630.27185004277,1824.66802383999,1173.79635724672,2043.7118781707,1173.97417374264,3006.88286764629,1774.18716113109,864.588118523687,855.876352333335,1973.24453809873,43.7131883533421,333.552064087069,2543.341330144,433.188232829773,674.594948729716,926.338886941179,340.001481494894,630.389160416698,690.471679903532,Golgi associated RAB2 interactor family member 2,Q8N9W8,619898.0,gene,161142.0,GARIN2,ENSG00000172717,bacteria
sp|Q8N9W8|GAR2_HUMAN,sp,Q8N9W8,GAR2,HUMAN,0001259|sp|P54262|SYN_LACDA,1259,sp,P54262,SYN,ESSKHV,327,332,ESSKHV,9,14,LISIRESSKHVDEEVR,6,,,,,,,,,,,,,,,,,,,,,very_weak,,,,,,,,,,,,,,,,,,,,,,,,,,,,,,,,,,,,,,,,,,,,,,,,,,,very_weak,,,,,,,,,very_weak,,,very_weak,40.655,26.725,21.86,54.23,38.815,40.065,16.03,43.34,23.855,69.63,37.505,61.55,32.705,56.53,37.21,50.965,57.625,50.645,34.235,50.17,45.885,13.61,40.68,39.65,14.905,6371.39348116648,1365.32916813971,1844.51771830117,8565.10044837977,2149.04933102739,9758.60955116361,2729.53660503829,2959.66064377624,2193.59088021259,6135.68726161823,11634.9628348032,10115.855551504,3460.15094145974,7445.75930387528,7360.85198141623,858.371026520112,5738.70873300885,11789.5639837795,4282.41003716392,3669.92713147207,5307.24117384698,1528.60267482018,2772.87711332733,3332.28876390888,Golgi associated RAB2 interactor family member 2,Q8N9W8,619898.0,gene,161142.0,GARIN2,ENSG00000172717,bacteria
sp|Q8N9W8|GAR2_HUMAN,sp,Q8N9W8,GAR2,HUMAN,0001259|sp|Q1G939|MUTL_LACDA,1259,sp,Q1G939,MUTL,KQEEKE,300,305,KQEEKE,399,404,EKKENKQEEKEEKTSA,6,,,,,,,,,,,,,,,,,,,,,,,,,,,,,,,,,,,,,,,,,,,,,,,,,,,,,,,,,,,,,,,,,,,,,,,,,,,,,,,,,,,,,95.0,70.065,95.0,95.0,95.0,95.0,58.38,95.0,95.0,95.0,64.025,95.0,95.0,85.505,62.305,95.0,95.0,87.345,95.0,95.0,72.78,95.0,95.0,95.0,77.04,38108.4388872808,13130.48261886,34770.1677061138,36517.2292957237,35315.7637798103,39752.2063553618,14725.3720462993,37452.3705327471,32664.0651875318,34192.2815438318,27348.6970854675,34732.9433012398,31482.2339418972,20868.9204061951,19308.2352751838,33388.71805296,37283.7717786672,25743.8856478438,37220.0886893005,34808.9384729585,15770.6047802508,35706.9006117052,37540.407960435,35096.7332993144,Golgi associated RAB2 interactor family member 2,Q8N9W8,619898.0,gene,161142.0,GARIN2,ENSG00000172717,bacteria
sp|Q8N9W8|GAR2_HUMAN,sp,Q8N9W8,GAR2,HUMAN,0001259|tr|Q1G9X2|Q1G9X2_LACDA,1259,tr,Q1G9X2,Q1G9X2,ALKAEE,380,385,ALKAEE,76,81,EPSALALKAEEEAEKK,6,,,,,,,,,,,,,,,,,,,,,,,,,,,,,,,,,,,,,,,,strong,weak,very_weak,,,,,,,,weak,very_weak,,,,,,,,,,,,,,,,,,,,,very_weak,,,,,,,,,,strong,weak,very_weak,28.475,28.59,24.175,51.51,37.86,55.88,26.04,57.63,45.125,35.295,32.365,34.605,0.97,33.165,29.655,40.08,25.615,35.475,37.535,48.620000000000005,28.37,10.015,49.21,31.155,34.230000000000004,4144.78547976593,2600.01857494891,3087.95723970857,10097.9214522011,6007.84915284422,18687.5209585528,4641.29515160867,9594.23957735105,7828.59849229242,2595.85842628904,9078.671816586,6019.36581356374,364.190545238592,4744.05704382814,6631.77852070469,2265.69190624479,2005.16207484573,7668.3916949131,7366.508791767,5714.29673095638,2768.62011239917,1762.9927839482,5325.70605940309,3070.73196864553,Golgi associated RAB2 interactor family member 2,Q8N9W8,619898.0,gene,161142.0,GARIN2,ENSG00000172717,bacteria
sp|Q8N9W8|GAR2_HUMAN,sp,Q8N9W8,GAR2,HUMAN,0001259|tr|Q1G9B1|Q1G9B1_LACDA,1259,tr,Q1G9B1,Q1G9B1,SLLNQE,172,177,SLLNQE,233,238,YAEPMSLLNQELREPA,6,,,,,,very_weak,,,,,,,,,,,,,,,very_weak,,,,,,,,,,,,,,,,,,very_weak,,,,,,,,,,,,very_weak,,,,,,,,,,,,very_weak,,,,,,,,,,,,,,,,,,,,,very_weak,33.46,11.61,45.23,34.230000000000004,39.38,55.370000000000005,11.41,57.85,37.13,50.59,60.615,50.785,27.305,31.6,25.59,28.22,47.46,45.25,13.08,50.655,30.085,33.395,54.83,44.09,32.15,3283.6845340389,539.901814925541,4222.13968689808,5344.92911407843,3168.7824069968,11828.0222753513,1535.76430839099,4111.68770303161,3340.48322296503,3945.3374285162,10059.3183541958,4324.59572937213,1945.1785555219,2051.68790526207,4138.95964216349,445.171602854773,1587.32489163313,5172.82237235791,1933.47004419522,3259.19045842651,1765.58891955469,1176.51735246752,3119.62510436455,2274.43582065296,Golgi associated RAB2 interactor family member 2,Q8N9W8,619898.0,gene,161142.0,GARIN2,ENSG00000172717,bacteria
sp|Q8N9W8|GAR2_HUMAN,sp,Q8N9W8,GAR2,HUMAN,0001259|tr|Q1G8E5|Q1G8E5_LACDA,1259,tr,Q1G8E5,Q1G8E5,ALCTPH,17,22,ALCTPH,39,44,DGVTHALCTPHTLNGR,6,,,,,,,,,,,,,,,,,,,,,,,,,,,,,,very_weak,,,,,,,,,,,,,,,,,,,,,,,,,,,,,,,,,,,,,,,,,,,,,,,,,,,,,,very_weak,81.955,65.765,63.84,73.13,68.935,53.075,76.34,47.21,72.83500000000001,13.42,49.425,76.22,63.395,76.725,75.66,34.129999999999995,50.135000000000005,73.62,66.75999999999999,59.48,71.945,21.385,54.635000000000005,67.38499999999999,62.0,15779.4802680687,2990.01279097876,3793.63099770458,10838.4692789857,4249.86832550073,8869.24473503878,9992.49609610239,2593.66859468007,6061.78277005068,455.323543183216,11853.7735591225,9907.01920941202,6661.76769676129,8790.71267814978,11312.7053128594,438.270400390415,2545.48867049758,12754.1011737474,7350.267108626,2614.88628881046,8314.09518043476,473.306446160682,1869.31013386503,3658.07368386877,Golgi associated RAB2 interactor family member 2,Q8N9W8,619898.0,gene,161142.0,GARIN2,ENSG00000172717,bacteria
sp|Q8N9W8|GAR2_HUMAN,sp,Q8N9W8,GAR2,HUMAN,0644875|tr|A0A934P8X9|A0A934P8X9_9STRE,644875,tr,A0A934P8X9,A0A934P8X9,TLTPVE,350,355,TLTPVE,108,113,YRDEETLTPVEYLVKL,6,,,,,,,,,,,,,,,,,,,,,,,,,,,,,,,,,,,,very_weak,,,,,weak,very_weak,,,,,,very_weak,,,very_weak,,,,,,,,,very_weak,,,,,,,,,,,,,,,,,,,,,,,weak,very_weak,36.83,47.24,64.88499999999999,45.865,52.715,75.845,51.345,20.18,60.985,42.225,29.365,14.95,7.855,25.935,16.84,50.525,41.85,18.565,29.315,55.86,20.105,33.13,41.74,53.22,51.73,3315.45784807456,2022.96579843722,4345.93820172139,5265.31645824528,2335.71073001978,12789.754022213,5080.30379923296,791.218630483942,3833.32370154567,2845.39370023067,4972.5175554183,727.129301580419,681.373020301384,830.345067261147,1501.55524279917,1047.89883595479,2035.98713561292,1298.01311788867,2368.18126796089,4032.16671451,623.02526043401,1477.12645445078,1521.5238244967,3000.31821529293,Golgi associated RAB2 interactor family member 2,Q8N9W8,619898.0,gene,161142.0,GARIN2,ENSG00000172717,bacteria
sp|Q8N9W8|GAR2_HUMAN,sp,Q8N9W8,GAR2,HUMAN,0644875|tr|A0A934P7N0|A0A934P7N0_9STRE,644875,tr,A0A934P7N0,A0A934P7N0,TEVIEV,264,269,TEVIEV,139,144,SGIYQTEVIEVAHAKL,6,,,,,,very_weak,,,,,weak,very_weak,,,,,,very_weak,,,,,weak,very_weak,,,,,,very_weak,,weak,very_weak,,weak,very_weak,,,very_weak,,weak,very_weak,,weak,very_weak,,,very_weak,,weak,very_weak,,,very_weak,,weak,very_weak,,weak,very_weak,,,very_weak,,weak,very_weak,,weak,very_weak,,weak,very_weak,,weak,very_weak,,weak,very_weak,,,,,weak,very_weak,20.355,10.565,20.89,9.185,40.765,13.995,33.68,2.985,27.755000000000003,17.759999999999998,8.645,6.890000000000001,4.5,2.855,10.615,11.73,7.135,4.775,19.24,2.765,4.285,3.45,9.43,7.505,29.82,2354.43603297362,509.668828886527,841.159933825072,1253.01347178096,1351.82045891519,3405.99452941758,3079.78238153144,125.00965547108,507.182358249518,950.194419045695,2360.22584623394,431.480851229197,853.57361795265,224.982800372223,1606.10379060299,170.326574287367,325.808318611584,529.843947311738,1250.25082690327,206.933583708601,351.716938725562,650.08165188693,365.975995939476,408.92648330701,Golgi associated RAB2 interactor family member 2,Q8N9W8,619898.0,gene,161142.0,GARIN2,ENSG00000172717,bacteria
sp|Q8N9W8|GAR2_HUMAN,sp,Q8N9W8,GAR2,HUMAN,0644875|tr|A0A934P978|A0A934P978_9STRE,644875,tr,A0A934P978,A0A934P978,DLIRAK,295,300,DLIRAK,137,142,AEAVMDLIRAKTDKAM,6,,,,strong,weak,very_weak,,weak,very_weak,,,,,,very_weak,,,very_weak,,,very_weak,,,,,,very_weak,,,,,,,,,,,,very_weak,,,,,,,,,,,,,,,very_weak,,,,,,,,,very_weak,,weak,very_weak,,,,,weak,very_weak,,,very_weak,,weak,very_weak,,weak,very_weak,strong,weak,very_weak,32.995,0.105,5.905,34.33,19.34,15.275,11.205,22.355,18.93,27.385,25.155,41.89,29.945,38.545,20.725,15.655,23.505000000000003,43.56,15.14,2.02,44.535,4.94,12.65,7.79,2.98,4716.26676221439,32.5215201910014,278.133838320091,3085.05184927157,605.055121712515,1896.42507679526,732.213585816746,658.263717156842,501.084178417837,1905.2893746901,6044.10008189302,5108.3043028351,3350.61868869576,3163.91760084189,3509.61997338953,91.3752323169693,1186.95074260847,6457.10211859966,1237.06397506116,84.1383805868029,2874.63621316651,431.387490788068,376.788404929682,306.441233995993,Golgi associated RAB2 interactor family member 2,Q8N9W8,619898.0,gene,161142.0,GARIN2,ENSG00000172717,bacteria
sp|Q8N9W8|GAR2_HUMAN,sp,Q8N9W8,GAR2,HUMAN,0644875|tr|A0A934PAE5|A0A934PAE5_9STRE,644875,tr,A0A934PAE5,A0A934PAE5,TNSTDI,194,199,TNSTDI,246,251,GFLQGTNSTDIIEVAS,6,,,,,,,,,,,,,,,,,,,,,,,weak,very_weak,,,,,,,,,,,,,,,,,weak,very_weak,,,,,,,,,very_weak,,,,,,very_weak,,,,,,,,,,,,,,,,,,very_weak,,,very_weak,,,,,weak,very_weak,39.06,65.12,69.22999999999999,32.435,58.98,31.42,57.8,2.825,29.72,29.005000000000003,45.71,57.045,7.965,61.765,71.26,44.44,14.36,54.2,55.87,27.355,59.655,45.185,15.53,14.27,76.06,3758.57628308213,3331.02709092066,3885.68868585684,2920.47024915222,2739.41846546267,2525.76306988504,6199.34823696918,51.5004801083899,320.764467735115,1211.1060640001,8300.07377705266,3510.30355953317,821.507114122803,3778.10632310157,10678.3012372211,389.151990407871,806.726748561483,5137.62634839661,5336.26150740564,588.69148153864,3234.10916892337,1458.00870280673,242.361780789662,287.583687831023,Golgi associated RAB2 interactor family member 2,Q8N9W8,619898.0,gene,161142.0,GARIN2,ENSG00000172717,bacteria
sp|Q8N9W8|GAR2_HUMAN,sp,Q8N9W8,GAR2,HUMAN,0644875|tr|A0A934PB85|A0A934PB85_9STRE,644875,tr,A0A934PB85,A0A934PB85,DVTTFT,207,212,DVTTFT,493,498,YASGADVTTFTILPGL,6,,weak,very_weak,,,,,,,,,,,,very_weak,,,,,,,,,,,,,,,,,,,,,,,,,,,very_weak,,,,,,,,,,,,,,weak,very_weak,,,very_weak,,,,,,,,,,,weak,very_weak,,,,,,very_weak,,,,,weak,very_weak,8.4,22.665,33.815,55.19,15.865000000000002,68.675,55.040000000000006,36.215,57.555,25.545,60.97,21.92,10.545,25.805,44.735,61.465,8.35,16.86,28.24,31.1,26.59,4.3100000000000005,43.095,19.575,44.13,781.857556423012,1073.59468247827,1626.03703473664,5264.74679349732,585.015062257903,11768.4079507143,7794.70588722429,1313.86676142021,3830.62872800947,343.313662176105,9634.18459886739,1092.59040467633,1044.63856472819,1010.44347284865,3582.05086364728,1197.11393121042,365.944319077374,1284.808954796,2483.27390016482,1289.05586956874,1018.36784775946,282.767281385058,1527.80900211745,713.058737999085,Golgi associated RAB2 interactor family member 2,Q8N9W8,619898.0,gene,161142.0,GARIN2,ENSG00000172717,bacteria
sp|Q8N9W8|GAR2_HUMAN,sp,Q8N9W8,GAR2,HUMAN,0644875|tr|A0A934UCT6|A0A934UCT6_9STRE,644875,tr,A0A934UCT6,A0A934UCT6,FENNDL,291,296,FENNDL,154,159,KITMNFENNDLKEVET,6,,,very_weak,,,very_weak,,,,,,very_weak,,,,,weak,very_weak,,,very_weak,,,,,,very_weak,,,,,,,,,very_weak,,,,,,,,,very_weak,,,,,,,,,,,,,,,very_weak,,,,,,,,,,,,,,,,,,,,,,,weak,very_weak,12.95,18.395,51.325,13.37,23.225,6.62,11.71,42.04,16.97,70.28999999999999,51.02,16.825,40.185,17.76,30.545,49.315,59.0,18.315,50.045,25.75,24.125,39.545,41.895,28.02,49.165,1006.15601449815,1254.20708479421,4773.09547511873,2014.5346328109,913.094163297309,1224.3870862875,1593.26116794653,2973.04435130461,610.823782791768,7222.16315625952,12786.0182457368,1581.393622664,2745.17464524871,1762.51596866306,5399.80128052381,1466.536448304,4542.97059229799,3049.31069335706,5621.57418180585,1667.26199069985,1921.89439169825,1743.77512476759,2930.75794971941,1190.61651666444,Golgi associated RAB2 interactor family member 2,Q8N9W8,619898.0,gene,161142.0,GARIN2,ENSG00000172717,bacteria
sp|Q8N9W8|GAR2_HUMAN,sp,Q8N9W8,GAR2,HUMAN,0644875|tr|A0A934PB43|A0A934PB43_9STRE,644875,tr,A0A934PB43,A0A934PB43,EKLKNI,305,310,EKLKNI,51,56,ANRLIEKLKNIMREEF,6,,,,,,very_weak,,,very_weak,,,,,weak,very_weak,,,,,weak,very_weak,,,,,weak,very_weak,,,,,,very_weak,,,,strong,weak,very_weak,,,,,,,,weak,very_weak,,,,,,very_weak,,,,,,,strong,weak,very_weak,,,,,,very_weak,,,,,,,,,,,weak,very_weak,strong,weak,very_weak,46.69,11.215,10.16,29.36,4.355,27.225,6.69,35.63,7.95,89.275,16.375,23.48,72.09,23.975,3.285,15.415,72.235,34.045,1.845,20.885,17.495,33.17,56.150000000000006,24.48,4.485,5426.62618137763,209.80805888383,545.314740999975,3420.9893951449,136.100169666816,3749.7619039715,467.661115906021,1069.27062476522,393.393902361345,8299.89416907996,2717.74893906984,1493.06616693737,6326.3308779197,832.657206863507,535.358733433827,124.448247943989,3707.52314524808,1857.41508378816,219.650249877074,770.228464604805,687.170056366192,1064.33042426997,1868.92588845949,792.375184321202,Golgi associated RAB2 interactor family member 2,Q8N9W8,619898.0,gene,161142.0,GARIN2,ENSG00000172717,bacteria
sp|Q8N9W8|GAR2_HUMAN,sp,Q8N9W8,GAR2,HUMAN,0644875|tr|A0A934P8J2|A0A934P8J2_9STRE,644875,tr,A0A934P8J2,A0A934P8J2,TLTFEG,338,343,TLTFEG,1201,1206,ENATLTLTFEGTGIRV,6,,,,,,,,,,,,,,,,,,,,,very_weak,,,,,,,,,,,,,,,,,,very_weak,,,,,,very_weak,,,,,,,,,,,,,,,very_weak,,,,,,,,,very_weak,,,,,,,,,,,,,,,very_weak,41.09,44.38,40.58,45.485,22.625,58.615,10.845,33.94,44.565,47.1,57.60000000000001,23.7,38.565,19.17,35.71,41.63,39.285,15.739999999999998,40.945,47.465,17.75,32.89,29.875,44.39,38.77,3696.74801188317,1318.20972629265,2173.39174171547,4427.09442569936,537.750555216162,8219.46369935382,972.294404742785,889.8330316247,1862.12369771044,1169.09402121235,8690.18616877305,1481.51206959969,2052.33177170999,1102.58965874307,3491.21338187819,306.676733901268,1099.80162214588,1550.44000215584,2936.15363621695,1668.4891216177,991.469656579705,543.624014467007,705.866175390164,1680.50108249449,Golgi associated RAB2 interactor family member 2,Q8N9W8,619898.0,gene,161142.0,GARIN2,ENSG00000172717,bacteria
sp|Q8N9W8|GAR2_HUMAN,sp,Q8N9W8,GAR2,HUMAN,0644875|tr|A0A934P916|A0A934P916_9STRE,644875,tr,A0A934P916,A0A934P916,KEKLKN,304,309,KEKLKN,156,161,NAVGTKEKLKNDIYYV,6,,,,,,,,,,,,,,,,,,,,,,,,,,,,,,,,,,,,,,,,,,,,,,,,,,,,,,,,,,,,,,,,,,,,,,,,,,,,,,,,,,,,,70.345,48.165,60.95,57.14,56.155,43.11,61.0,64.59,27.55,92.045,70.2,64.67500000000001,90.435,65.265,52.095,69.355,85.075,69.83,29.415,69.52,64.73,73.05,78.195,76.61500000000001,48.8,11163.1495041798,2092.33168070735,3922.48061225616,4980.48656175348,3144.80514453229,2591.50864978122,7303.81097862715,2718.71949188024,403.062238690793,9408.37937635754,11601.5248431282,5735.41882392043,12621.6272950376,4320.15285227186,5939.14617888642,1770.37120470968,8606.71850823439,7889.9940588393,2775.06811832636,5020.52357140514,3906.8936077064,5008.42460125938,3859.75146179714,4833.79823182385,Golgi associated RAB2 interactor family member 2,Q8N9W8,619898.0,gene,161142.0,GARIN2,ENSG00000172717,bacteria
sp|Q8N9W8|GAR2_HUMAN,sp,Q8N9W8,GAR2,HUMAN,0283361|tr|A0A3R6ME86|A0A3R6ME86_9BACT,283361,tr,A0A3R6ME86,A0A3R6ME86,QDTKSK,317,322,QDTKSK,238,243,WFMALQDTKSKVSDLN,6,,,,,,,,,,,,very_weak,,,,,,,,weak,very_weak,,,very_weak,,,,,,,,,,,,,,,very_weak,,,,,,,,,,,,,,,very_weak,,,,,,,,,,,,very_weak,,,,,,,,,,,,very_weak,,,,,weak,very_weak,58.97,28.200000000000003,26.200000000000003,15.245,41.47,38.355,4.035,11.155,35.23,62.135000000000005,37.815,62.45,70.285,58.48,51.705,17.455,26.915000000000003,64.59,47.98,10.14,60.370000000000005,20.13,27.84,11.945,28.635,4700.27085626982,504.598813348618,705.698174444664,847.179034187335,1261.39267841768,3074.65497984366,174.61841535379,346.605602295941,1267.39839757623,2775.75879356233,7062.28315928743,4898.23996927019,7034.9043381647,2953.10323006294,4284.77376034882,40.6982548839612,1958.82215632253,5810.24577336919,3081.34894025743,108.790253194859,3286.2791564961,342.519662128373,675.573719776129,127.1761058289,Golgi associated RAB2 interactor family member 2,Q8N9W8,619898.0,gene,161142.0,GARIN2,ENSG00000172717,bacteria
sp|Q8N9W8|GAR2_HUMAN,sp,Q8N9W8,GAR2,HUMAN,0283361|tr|A0A3R6N900|A0A3R6N900_9BACT,283361,tr,A0A3R6N900,A0A3R6N900,RFLPLQ,120,125,RFLPLQ,181,186,KHIIRRFLPLQDGSKD,6,,weak,very_weak,,weak,very_weak,,weak,very_weak,,,,,weak,very_weak,,,,,,,,,very_weak,,,,,,,,weak,very_weak,,weak,very_weak,,weak,very_weak,,,,,,very_weak,,weak,very_weak,,,,,,,,,,,weak,very_weak,,weak,very_weak,,weak,very_weak,,weak,very_weak,strong,weak,very_weak,,,very_weak,strong,weak,very_weak,,,very_weak,strong,weak,very_weak,6.69,4.98,5.97,33.045,3.26,21.695,23.815,14.25,20.69,62.005,9.2,6.23,23.975,12.31,4.225,24.835,33.975,8.725,6.805,9.35,8.855,1.535,14.195,1.25,10.555,729.943386894431,119.928667479978,266.307112497974,3983.51297302829,85.9370883613493,3019.07516308973,2429.27296479531,452.969854255568,782.949597132353,4614.1567642796,2122.9802139695,159.653289842615,2919.68038496942,414.248082529785,557.90732623535,181.024606800939,1766.14300161718,575.267113803221,542.795300092164,303.17628166667,428.711999753062,163.881746510949,368.01301067743,55.8381960935254,Golgi associated RAB2 interactor family member 2,Q8N9W8,619898.0,gene,161142.0,GARIN2,ENSG00000172717,bacteria
sp|Q8N9W8|GAR2_HUMAN,sp,Q8N9W8,GAR2,HUMAN,0283361|tr|A0A3R6NCZ0|A0A3R6NCZ0_9BACT,283361,tr,A0A3R6NCZ0,A0A3R6NCZ0,VSSLSG,187,192,VSSLSG,134,139,ELWTMVSSLSGAHDFS,6,,,,,,,,weak,very_weak,,,,,,,,,very_weak,,,,,weak,very_weak,,,,,,very_weak,,,,,,,,weak,very_weak,,,very_weak,,,,,,,,,,,weak,very_weak,,,,,,,,,,strong,weak,very_weak,,,,,,very_weak,,,very_weak,,weak,very_weak,,weak,very_weak,strong,weak,very_weak,45.735,33.475,4.985,41.795,24.44,12.05,43.15,6.62,35.89,16.625,24.91,63.650000000000006,18.665,47.255,48.16,5.58,20.31,54.895,30.725,1.535,58.2,10.23,10.985,3.365,6.395,4360.91697952027,485.195939360807,192.565343862121,4015.75277845843,380.528938133364,1075.07093568132,2109.33403611721,92.6886241377109,858.510348588451,199.666673302222,2696.48421716609,3168.16532767335,1647.7858459382,1815.7072597799,4296.47249802306,30.337511631331,294.431660566039,4178.10447665507,1188.80151034384,63.1950260814165,2451.21361972305,158.848622517134,72.1311916007134,91.4454541284225,Golgi associated RAB2 interactor family member 2,Q8N9W8,619898.0,gene,161142.0,GARIN2,ENSG00000172717,bacteria
sp|Q8N9W8|GAR2_HUMAN,sp,Q8N9W8,GAR2,HUMAN,0283361|tr|A0A3R6IHG7|A0A3R6IHG7_9BACT,283361,tr,A0A3R6IHG7,A0A3R6IHG7,SNFLKL,406,411,SNFLKL,191,196,GEVILSNFLKL,6,,,,,,,,,,,,,,,,,,,,,,,,,,,,,,,,,,,weak,very_weak,,,,,,,,weak,very_weak,,,,,,,,,,,,,,weak,very_weak,,,,,,,,weak,very_weak,,,,,,,,,,,,,,weak,very_weak,66.235,77.18,78.295,63.965,64.11,69.455,76.64,57.74,48.69,94.76,62.64,7.09,89.89,8.63,31.14,78.175,87.91499999999999,2.705,55.455,84.64,7.35,87.93,72.225,77.51,75.925,6120.6359547591,3551.71703219138,5161.02642745676,3952.00232922066,1889.09351949136,7049.38127358952,8093.61888893792,1183.61637342893,789.516861989681,12139.8454151284,5324.49611473311,50.1657000998699,11641.0070146623,67.9470639778379,971.789575370985,2039.75756945886,7903.92131823314,33.6235578251478,2955.11688738435,6691.31327183345,105.513006807611,9340.22016473212,2538.09074502849,3873.51552979914,Golgi associated RAB2 interactor family member 2,Q8N9W8,619898.0,gene,161142.0,GARIN2,ENSG00000172717,bacteria
sp|Q8N9W8|GAR2_HUMAN,sp,Q8N9W8,GAR2,HUMAN,0283361|tr|A0A416A9Q7|A0A416A9Q7_9BACT,283361,tr,A0A416A9Q7,A0A416A9Q7,DFPEFT,233,238,DFPEFT,88,93,LEQTCDFPEFTGRICP,6,,,,,,,,,,,,,,,,,,,,,,,,,,,,,,,,,,,,,,,,,,,,,,,,,,,,,,,,,,,,,,,,,,,,,,,,,,,,,,,,,,,,,67.45,88.97,90.385,43.435,85.035,85.905,68.69500000000001,87.14,88.305,85.825,88.705,79.395,66.515,82.185,81.03999999999999,81.67,89.82,77.77,86.545,84.53999999999999,79.15,58.915,87.035,85.66499999999999,88.95,4740.97826456457,8848.44513443696,12509.7346972065,3820.9011600615,8769.62280633356,17135.5814682469,7113.7424109496,8822.15625531855,10181.0790015159,7228.41723890731,20074.2846596938,6803.37299756287,4310.3479454531,7978.76017304541,10688.820268407,4029.76793508086,9199.80358716482,8759.09685185151,13420.4756858323,6643.91610344099,5780.71140859299,2385.54023759352,7125.83683162733,7178.691168108,Golgi associated RAB2 interactor family member 2,Q8N9W8,619898.0,gene,161142.0,GARIN2,ENSG00000172717,bacteria
sp|Q8N9W8|GAR2_HUMAN,sp,Q8N9W8,GAR2,HUMAN,0283361|tr|A0A3R6J5R6|A0A3R6J5R6_9BACT,283361,tr,A0A3R6J5R6,A0A3R6J5R6,IQVNRR,52,57,IQVNRR,124,129,LLFVMIQVNRRMRKKL,6,,,very_weak,strong,weak,very_weak,,weak,very_weak,,weak,very_weak,,weak,very_weak,,weak,very_weak,,weak,very_weak,,,very_weak,strong,weak,very_weak,,,,,,very_weak,,,very_weak,strong,weak,very_weak,,,,,weak,very_weak,,weak,very_weak,,,,,weak,very_weak,,,,,,very_weak,,weak,very_weak,,weak,very_weak,,,very_weak,,weak,very_weak,,,,,weak,very_weak,,weak,very_weak,strong,weak,very_weak,17.975,1.95,4.59,9.89,3.76,3.495,2.625,15.36,0.745,50.25,11.495,16.245,61.275,8.325,4.685,8.015,49.355,13.395,3.905,4.735,10.415,8.905,21.16,6.405,3.92,1793.95348214315,16.7288513097033,47.2419258919573,679.804527413137,25.660120769932,58.4911231592832,42.9531930442149,59.4558789139185,18.9093786040844,2059.82877752581,574.203748906915,385.322524974945,6810.81177108893,130.555696467221,213.238648731954,10.9249807972743,1191.18346870444,536.837850983924,110.824204899376,21.2438621997135,282.510401876256,100.93572835934,113.481578600387,38.2641136972903,Golgi associated RAB2 interactor family member 2,Q8N9W8,619898.0,gene,161142.0,GARIN2,ENSG00000172717,bacteria
sp|Q8N9W8|GAR2_HUMAN,sp,Q8N9W8,GAR2,HUMAN,0283361|tr|A0A416A1Z2|A0A416A1Z2_9BACT,283361,tr,A0A416A1Z2,A0A416A1Z2,KVSEVS,183,188,KVSEVS,6,11,MTDQIKVSEVSAILRQ,6,,,,,weak,very_weak,,,very_weak,,weak,very_weak,,,very_weak,,weak,very_weak,,weak,very_weak,strong,weak,very_weak,,weak,very_weak,,weak,very_weak,strong,weak,very_weak,,,very_weak,,weak,very_weak,,,very_weak,,,very_weak,,weak,very_weak,,,very_weak,,,very_weak,,weak,very_weak,,,very_weak,,weak,very_weak,,,very_weak,,weak,very_weak,,,very_weak,strong,weak,very_weak,,,very_weak,,,,strong,weak,very_weak,22.76,3.905,15.595,6.470000000000001,10.55,3.41,3.585,1.96,3.73,4.99,0.965,18.54,13.71,11.45,6.925000000000001,12.185,8.77,14.815,5.75,10.165,8.555,11.855,1.2,13.105,24.645,3616.86773648267,257.701349456064,571.464265994253,690.912594900138,342.056726902186,416.125831813168,307.703765636243,57.4611418773182,28.693594682547,215.724026918792,485.715939348523,1030.32649474683,1684.37845295952,658.897904261363,1217.2937536716,97.3953718974683,311.758687792025,1542.64233231283,545.308840847302,449.561818239614,580.035883369467,494.609585035235,68.937878979912,581.179215181526,Golgi associated RAB2 interactor family member 2,Q8N9W8,619898.0,gene,161142.0,GARIN2,ENSG00000172717,bacteria
sp|Q8N9W8|GAR2_HUMAN,sp,Q8N9W8,GAR2,HUMAN,0283361|tr|A0A3R6LTV7|A0A3R6LTV7_9BACT,283361,tr,A0A3R6LTV7,A0A3R6LTV7,KDKTSE,365,370,KDKTSE,875,880,YKGDVKDKTSENGTTY,6,,,,,,,,,,,,,,,,,,,,,,,,,,,,,,,,,,,,,,,,,,,,,,,,,,,,,,,,,,,,,,,,,,,,,,,,,,,,,,,,,,,,,95.0,55.88,40.870000000000005,41.585,58.475,54.39,45.85,80.285,61.895,73.845,68.91,75.995,74.02,85.325,80.235,70.815,95.0,79.785,73.0,48.385,85.905,45.72,77.395,65.655,52.425,35779.606593515,11092.2346383407,7898.45001751671,8131.27424192527,15614.7377184075,17034.6497508665,6745.17621297249,15636.5472272037,11709.3474701246,10184.3842484422,28047.8346220452,20879.0837493419,15032.5241806328,22576.0208596616,23306.216016083,9023.24397336339,34668.3653374754,25483.1063612289,21236.5576163036,6965.67708595738,18322.3329777902,10068.029291211,14604.3072844812,14551.7828465638,Golgi associated RAB2 interactor family member 2,Q8N9W8,619898.0,gene,161142.0,GARIN2,ENSG00000172717,bacteria
sp|Q8N9W8|GAR2_HUMAN,sp,Q8N9W8,GAR2,HUMAN,0283361|tr|A0A3R6ILB6|A0A3R6ILB6_9BACT,283361,tr,A0A3R6ILB6,A0A3R6ILB6,AYYLQL,148,153,AYYLQL,315,320,CLDTAAYYLQLRHSGE,6,,,very_weak,,,very_weak,,weak,very_weak,,,,,,,,,,,,,,,,,,,,,,,,,,,,,,,,,,,,,,,,,,,,,,,weak,very_weak,,,,,,,,,,,,,,weak,very_weak,,,,,,,strong,weak,very_weak,strong,weak,very_weak,13.67,18.265,5.25,54.95,23.365,30.345,42.195,57.94,31.405,62.98,57.49,22.9,52.285,32.0,21.945,28.51,9.965,29.94,37.66,27.3,35.7,5.87,42.7,20.37,0.745,823.322375806288,674.675242153333,500.363621572089,6069.6583391286,493.540429046036,5397.23120762403,5281.80642806306,1166.17567264439,1937.15542230605,2908.67616182814,6663.78621028893,425.081543894492,3126.78909179099,613.055073811647,1333.63168307912,237.900855283214,655.201166260502,841.360183265013,2252.85839125148,1126.12423353367,636.461333282626,175.932643757814,1060.95015261913,482.583391838051,Golgi associated RAB2 interactor family member 2,Q8N9W8,619898.0,gene,161142.0,GARIN2,ENSG00000172717,bacteria
sp|Q8N9W8|GAR2_HUMAN,sp,Q8N9W8,GAR2,HUMAN,0283361|tr|A0A416AE17|A0A416AE17_9BACT,283361,tr,A0A416AE17,A0A416AE17,EKLVLT,114,119,EKLVLT,382,387,SKYNGEKLVLTKKDDG,6,,,,,,very_weak,,,,,,,,,,,,,,,,,,,,,,,,,,,,,weak,very_weak,,,,,,,,weak,very_weak,,,very_weak,,,,,,very_weak,,,,,weak,very_weak,,,,,,,,weak,very_weak,,,very_weak,,,,,,,,,,,weak,very_weak,62.78,13.67,35.165,30.965,67.3,27.33,31.465,44.78,57.805,34.535,23.415,6.915,55.005,7.005000000000001,12.225,16.73,38.175,9.114999999999998,42.6,21.255000000000003,9.695,11.745,40.63,30.635,21.41,13691.5181398326,810.795777138542,2649.57460929772,3802.21937010678,4985.06912831,6301.12336731383,5454.17443947904,3019.04249754255,4741.64516380329,2863.98768093836,6426.08717998912,511.907103385208,7057.92899882636,527.430222890487,2360.60893412541,218.427358185154,3008.57510156081,1204.61090543289,5972.39719917802,1014.93586733902,773.795187891139,1363.79368608367,1816.96501040303,1477.92577968109,Golgi associated RAB2 interactor family member 2,Q8N9W8,619898.0,gene,161142.0,GARIN2,ENSG00000172717,bacteria
sp|Q8N9W8|GAR2_HUMAN,sp,Q8N9W8,GAR2,HUMAN,0283361|tr|A0A416A9K7|A0A416A9K7_9BACT,283361,tr,A0A416A9K7,A0A416A9K7,EGKRYF,342,347,EGKRYF,37,42,YVWDVEGKRYFDFLSG,6,,,,,,,,,,,,,,,,,,,,,,,,,,,,,,,,,,,weak,very_weak,,,,,,,,,,,,very_weak,,,,,,,,,,,,very_weak,,,,,,,,,,,,,,,,,,,,,,,weak,very_weak,20.58,68.44999999999999,59.745000000000005,28.83,29.53,60.120000000000005,27.27,61.55,38.495,87.185,62.325,4.66,74.35499999999999,31.115,19.935,68.4,82.185,13.15,26.085,75.65,24.425,40.785,68.93,68.22,32.49,726.586655095903,2876.47187167802,3883.50310166715,1371.42904816496,851.166558700214,9164.4355656064,1299.01064019441,2511.29340369343,2052.73151458014,6718.08172889016,9257.61805634501,271.759000449347,5731.75869065618,900.165417483515,1184.59006518076,1571.77278220639,6033.77636872521,851.912849787269,1775.08961722522,3976.40769732821,642.237505830395,1447.44612664446,2344.06535418647,2826.33935129648,Golgi associated RAB2 interactor family member 2,Q8N9W8,619898.0,gene,161142.0,GARIN2,ENSG00000172717,bacteria
sp|Q8N9W8|GAR2_HUMAN,sp,Q8N9W8,GAR2,HUMAN,0283361|tr|A0A3R6ME86|A0A3R6ME86_9BACT,283361,tr,A0A3R6ME86,A0A3R6ME86,LQDTKS,316,321,LQDTKS,237,242,FWFMALQDTKSKVSDL,6,,,,,,very_weak,,,very_weak,,,very_weak,,,,,,,,weak,very_weak,,,very_weak,,,,,,,,,,,,,,weak,very_weak,,,,,,,,,,,,,,weak,very_weak,,,,,,,,,,,weak,very_weak,,,,,,very_weak,,,,,weak,very_weak,,,very_weak,,weak,very_weak,37.885,17.85,16.005000000000003,15.245,35.2,21.22,4.035,11.155,35.46,59.92,31.86,40.75,47.62,42.55,39.585,6.575,26.625,44.835,41.895,3.105,46.735,14.255,23.72,4.695,15.805,1838.18221107224,239.12408166285,345.80024729826,847.179034187335,619.040646856061,1561.55140375893,174.61841535379,346.605602295941,1121.38232365476,2212.61274642093,4549.11899095032,991.115712870365,4012.14808424261,623.375890811619,1943.62174519437,17.8132696421293,1399.27807805451,1481.89683072474,2010.85433637124,41.8268138480203,1008.4884000861,225.462861826594,425.431233542625,53.6458082066016,Golgi associated RAB2 interactor family member 2,Q8N9W8,619898.0,gene,161142.0,GARIN2,ENSG00000172717,bacteria
sp|Q8N9W8|GAR2_HUMAN,sp,Q8N9W8,GAR2,HUMAN,0283361|tr|A0A3R6JBS7|A0A3R6JBS7_9BACT,283361,tr,A0A3R6JBS7,A0A3R6JBS7,ALISLL,169,174,ALISLL,334,339,LVTYLALISLLTLLLI,6,,,,,,,,,,,,,,,,,,,,,,,,,,,,,,,,,,,,,,,,,,,,,,,,,,,,,,very_weak,,,,,,,,,,,,,,,,,,,,,,,,,,,,,,very_weak,59.485,70.18,67.85,75.43,63.55,57.98,83.52,67.59,77.66499999999999,92.25,69.355,60.625,89.42,53.065,65.43,13.945,86.88499999999999,54.175,49.435,50.385,67.365,59.285,73.98,43.425,43.48,4292.38359950951,2286.05619268665,3725.1350295462,9622.30859412073,1961.8127940057,7227.79158701038,11447.6553380768,2023.14091034713,4497.77863590243,9555.18384229938,7868.17009297896,1607.28590812844,11996.2163502392,965.543067140126,4073.38548973119,83.2689594583867,7316.78268493328,2248.2561425635,2167.73186053922,1617.99920777315,2158.48715033557,2223.38794935637,2686.4956144491,1176.07189882621,Golgi associated RAB2 interactor family member 2,Q8N9W8,619898.0,gene,161142.0,GARIN2,ENSG00000172717,bacteria
sp|Q8N9W8|GAR2_HUMAN,sp,Q8N9W8,GAR2,HUMAN,0283361|tr|A0A3R6KSW2|A0A3R6KSW2_9BACT,283361,tr,A0A3R6KSW2,A0A3R6KSW2,LTPYMY,215,220,LTPYMY,259,264,SKEKHLTPYMYKKPIL,6,,,,,,,,,,,,,,,,,,,,,,,,,,,,,,,,,,,,,,,,,,,,,,,,,,,,,,,,,,,,,,,very_weak,,,,,,,,,,,,,,,,,,,,,very_weak,64.775,59.620000000000005,57.29,75.665,20.41,67.075,68.545,61.215,55.63,87.275,42.4,22.64,82.755,57.52,34.04,40.055,78.775,49.4,14.745,75.245,47.6,41.605,56.665,73.12,47.735,7188.17339037022,1572.74243646377,2674.86488195369,8101.85476563319,345.019161040082,9055.42131557758,6879.54193221169,1447.24254736204,3042.19255542333,6756.93644415697,5360.39230208312,1373.98365650936,11635.7181856304,2103.65887522268,1609.65275399072,370.309693558712,6143.19355507616,2873.17474725302,1007.88843946941,4026.28134861463,1582.19801260846,670.062983323808,1317.29722710022,2942.86445372601,Golgi associated RAB2 interactor family member 2,Q8N9W8,619898.0,gene,161142.0,GARIN2,ENSG00000172717,bacteria
sp|Q8N9W8|GAR2_HUMAN,sp,Q8N9W8,GAR2,HUMAN,0283361|tr|A0A416A259|A0A416A259_9BACT,283361,tr,A0A416A259,A0A416A259,KLKNIL,306,311,KLKNIL,2,7,MKLKNILSILCV,6,,,,,,,,,,,,,,,,,,,,,,,,,,,,,,,,,,,,,,,,,,,,,,,,,,,,,,,,,,,,,,,,,,,,,,,,,,,,,,,,,,,,,76.255,74.58,73.7,81.675,60.47,69.845,85.515,73.41,61.8,94.695,74.515,68.395,92.055,63.55,69.005,61.785,85.44,67.175,69.075,77.55499999999999,68.24,79.14,84.125,68.675,75.01,7918.55854846541,2941.08188992403,3777.65668885903,9581.37607287286,1965.91376561227,7211.15350571838,12592.5728240496,3038.08085541172,1210.09748396398,12059.0721095672,10207.7719306993,2951.95318485649,13626.9341183174,1663.04610910662,5206.90723404504,1104.64349065398,6596.21231031653,4134.97590687732,4421.97207211361,4167.08871995754,2266.52554523074,5902.5028270527,5580.48627431753,2623.13237818939,Golgi associated RAB2 interactor family member 2,Q8N9W8,619898.0,gene,161142.0,GARIN2,ENSG00000172717,bacteria
sp|Q8N9W8|GAR2_HUMAN,sp,Q8N9W8,GAR2,HUMAN,0283361|tr|A0A3R6KU79|A0A3R6KU79_9BACT,283361,tr,A0A3R6KU79,A0A3R6KU79,RINKQD,11,16,RINKQD,97,102,VLASFRINKQDTVSQR,6,,weak,very_weak,strong,weak,very_weak,,,very_weak,,weak,very_weak,,,very_weak,strong,weak,very_weak,,weak,very_weak,,,very_weak,strong,weak,very_weak,,,,,,,,,very_weak,,,very_weak,,,,,,very_weak,,,very_weak,,,,,,very_weak,,,,,,very_weak,,,very_weak,,weak,very_weak,,,,,weak,very_weak,,,very_weak,,,very_weak,,weak,very_weak,strong,weak,very_weak,7.065,0.92,10.725,2.45,13.63,0.525,5.215,16.065,1.15,47.52,23.47,17.49,42.37,15.11,13.079999999999998,12.345,30.74,16.88,14.85,3.09,20.205,4.315,15.905,14.54,9.69,679.201657482767,104.663648225491,667.465305753028,343.897346489495,278.344572365846,68.7226527009555,605.697025071866,809.445916946769,61.517199859215,3233.30444514168,6252.09151302686,1184.43627114273,3864.64066944336,1011.98617049319,1816.96501040303,166.716448883925,893.238142221571,2508.87629190419,1312.64477579113,190.099798367019,1229.52465489857,92.5192939073663,811.629605503979,453.288533474201,Golgi associated RAB2 interactor family member 2,Q8N9W8,619898.0,gene,161142.0,GARIN2,ENSG00000172717,bacteria
