human_id,database,protein,gene,species,pathogen_id,pathogen_species,database_pathogen,pathogen_protein,pathogen_gene,human_seq,human_start,human_end,pathogen_seq,pathogen_start,pathogen_end,extended_pathogen_seq,pathogen_length,binding_rank_strong_HLA_DQA10101_DQB10501,binding_rank_weak_HLA_DQA10101_DQB10501,binding_rank_very_weak_HLA_DQA10101_DQB10501,binding_rank_strong_DRB4_0101,binding_rank_weak_DRB4_0101,binding_rank_very_weak_DRB4_0101,binding_rank_strong_DRB1_0802,binding_rank_weak_DRB1_0802,binding_rank_very_weak_DRB1_0802,binding_rank_strong_DRB3_0101,binding_rank_weak_DRB3_0101,binding_rank_very_weak_DRB3_0101,binding_rank_strong_DRB1_1501,binding_rank_weak_DRB1_1501,binding_rank_very_weak_DRB1_1501,binding_rank_strong_DRB3_0202,binding_rank_weak_DRB3_0202,binding_rank_very_weak_DRB3_0202,binding_rank_strong_DRB1_0301,binding_rank_weak_DRB1_0301,binding_rank_very_weak_DRB1_0301,binding_rank_strong_DRB1_0701,binding_rank_weak_DRB1_0701,binding_rank_very_weak_DRB1_0701,binding_rank_strong_DRB1_1302,binding_rank_weak_DRB1_1302,binding_rank_very_weak_DRB1_1302,binding_rank_strong_HLA_DQA10501_DQB10301,binding_rank_weak_HLA_DQA10501_DQB10301,binding_rank_very_weak_HLA_DQA10501_DQB10301,binding_rank_strong_HLA_DPA10201_DPB11401,binding_rank_weak_HLA_DPA10201_DPB11401,binding_rank_very_weak_HLA_DPA10201_DPB11401,binding_rank_strong_HLA_DPA10103_DPB10201,binding_rank_weak_HLA_DPA10103_DPB10201,binding_rank_very_weak_HLA_DPA10103_DPB10201,binding_rank_strong_DRB5_0101,binding_rank_weak_DRB5_0101,binding_rank_very_weak_DRB5_0101,binding_rank_strong_HLA_DQA10301_DQB10302,binding_rank_weak_HLA_DQA10301_DQB10302,binding_rank_very_weak_HLA_DQA10301_DQB10302,binding_rank_strong_HLA_DPA10301_DPB10402,binding_rank_weak_HLA_DPA10301_DPB10402,binding_rank_very_weak_HLA_DPA10301_DPB10402,binding_rank_strong_HLA_DPA10201_DPB10501,binding_rank_weak_HLA_DPA10201_DPB10501,binding_rank_very_weak_HLA_DPA10201_DPB10501,binding_rank_strong_HLA_DQA10501_DQB10201,binding_rank_weak_HLA_DQA10501_DQB10201,binding_rank_very_weak_HLA_DQA10501_DQB10201,binding_rank_strong_DRB1_0101,binding_rank_weak_DRB1_0101,binding_rank_very_weak_DRB1_0101,binding_rank_strong_HLA_DQA10102_DQB10602,binding_rank_weak_HLA_DQA10102_DQB10602,binding_rank_very_weak_HLA_DQA10102_DQB10602,binding_rank_strong_HLA_DPA10103_DPB10401,binding_rank_weak_HLA_DPA10103_DPB10401,binding_rank_very_weak_HLA_DPA10103_DPB10401,binding_rank_strong_DRB1_1201,binding_rank_weak_DRB1_1201,binding_rank_very_weak_DRB1_1201,binding_rank_strong_DRB1_0401,binding_rank_weak_DRB1_0401,binding_rank_very_weak_DRB1_0401,binding_rank_strong_HLA_DPA10201_DPB10101,binding_rank_weak_HLA_DPA10201_DPB10101,binding_rank_very_weak_HLA_DPA10201_DPB10101,binding_rank_strong_HLA_DQA10401_DQB10402,binding_rank_weak_HLA_DQA10401_DQB10402,binding_rank_very_weak_HLA_DQA10401_DQB10402,binding_rank_strong_DRB1_0901,binding_rank_weak_DRB1_0901,binding_rank_very_weak_DRB1_0901,binding_rank_strong_DRB1_0405,binding_rank_weak_DRB1_0405,binding_rank_very_weak_DRB1_0405,binding_rank_strong_DRB1_1101,binding_rank_weak_DRB1_1101,binding_rank_very_weak_DRB1_1101,binding_rank_strong,binding_rank_weak,binding_rank_very_weak,Rank_average_HLA_DQA10101_DQB10501,Rank_average_DRB4_0101,Rank_average_DRB1_0802,Rank_average_DRB3_0101,Rank_average_DRB1_1501,Rank_average_DRB3_0202,Rank_average_DRB1_0301,Rank_average_DRB1_0701,Rank_average_DRB1_1302,Rank_average_HLA_DQA10501_DQB10301,Rank_average_HLA_DPA10201_DPB11401,Rank_average_HLA_DPA10103_DPB10201,Rank_average_HLA_DQA10301_DQB10302,Rank_average_HLA_DPA10301_DPB10402,Rank_average_HLA_DPA10201_DPB10501,Rank_average_DRB1_0101,Rank_average_HLA_DQA10102_DQB10602,Rank_average_HLA_DPA10103_DPB10401,Rank_average_DRB1_1201,Rank_average_DRB1_0401,Rank_average_HLA_DPA10201_DPB10101,Rank_average_HLA_DQA10401_DQB10402,Rank_average_DRB1_0901,Rank_average_DRB1_0405,Rank_average_DRB1_1101,nM_HLA_DQA10101_DQB10501,nM_DRB4_0101,nM_DRB1_0802,nM_DRB3_0101,nM_DRB1_1501,nM_DRB3_0202,nM_DRB1_0301,nM_DRB1_0701,nM_DRB1_1302,nM_HLA_DQA10501_DQB10301,nM_HLA_DPA10201_DPB11401,nM_HLA_DPA10103_DPB10201,nM_HLA_DQA10301_DQB10302,nM_HLA_DPA10301_DPB10402,nM_HLA_DPA10201_DPB10501,nM_DRB1_0101,nM_HLA_DQA10102_DQB10602,nM_HLA_DPA10103_DPB10401,nM_DRB1_1201,nM_DRB1_0401,nM_HLA_DPA10201_DPB10101,nM_HLA_DQA10401_DQB10402,nM_DRB1_0901,nM_DRB1_0405,Gene description,Uniprot,# MIM Number,MIM Entry Type,Entrez Gene ID,HGNC,Ensembl Gene ID,type
sp|Q8NHH1|TTL11_HUMAN,sp,Q8NHH1,TTL11,HUMAN,0102041|tr|B7TPX3|B7TPX3_9BETA,102041,tr,B7TPX3,B7TPX3,LDQRDS,608,613,LDQRDS,561,566,GKRYVLDQRDSPMSGI,6,,,very_weak,,,very_weak,,,,,weak,very_weak,,,,,,,,weak,very_weak,,,,,,,,,,,,,,,,,,,,,,,,,,,,,,,,,,,,,,,,,,,,,very_weak,,,,,,,,,,,,,,,,,weak,very_weak,14.78,10.475,31.2,5.050000000000002,34.17,20.325,2.405,67.185,28.285,54.18000000000001,60.465,70.035,36.71,60.945,46.655,44.78,62.32,59.595,37.305,18.48,55.47,42.0,69.16499999999999,35.065,20.375,2019.99121387686,583.933678556159,2774.22752825336,717.508770333257,2227.11984532002,3931.488297746121,315.351407751596,4728.78544279969,1630.72360943832,5310.68768280799,13950.5144149579,8907.42408997659,3503.96650853586,7827.158661815601,8647.41596102011,951.995279702251,4773.56029226278,11125.5288049275,4528.199324238661,875.4889525738472,4903.96708479774,2431.19246897538,4793.48657870004,1973.6075226435696,Tubulin tyrosine ligase like 11,Q8NHH1,620694.0,gene,158135.0,TTLL11,ENSG00000175764,virus
sp|Q8NHH1|TTL11_HUMAN,sp,Q8NHH1,TTL11,HUMAN,0102041|tr|B7TQ25|B7TQ25_9BETA,102041,tr,B7TQ25,B7TQ25,DALDGE,507,512,DALDGE,548,553,FTANHDALDGERMVQL,6,,,,,,,,,,,,,,,,,,,,,,,,,,,,,,,,,,,,,,,,,,,,,,,,,,,very_weak,,,,,,,,,,,,,,,,,,,,,,,,,,,,,,,,,very_weak,35.68,72.41,84.365,27.865,77.025,30.14,46.34,61.86,63.04,64.42,71.61500000000002,44.5,34.395,27.645000000000003,61.615,27.79,63.62,35.97,61.17,53.595,39.295,56.61,73.53,44.895,81.805,3013.6249127200103,4899.08800860007,9621.78805197336,2487.84574392767,7747.787622620941,2709.6451434045803,4435.196961799679,5134.7365865481,3437.240155302561,4467.27229660978,14173.5588806398,1720.5545809803,2153.84463398651,1138.73205074157,6676.12684085082,592.916820046235,3735.6291184342895,2155.56982952849,8003.401744924659,2191.5269792349104,1456.0696276844,3279.77869756804,5231.302037391711,1709.8835984994696,Tubulin tyrosine ligase like 11,Q8NHH1,620694.0,gene,158135.0,TTLL11,ENSG00000175764,virus
sp|Q8NHH1|TTL11_HUMAN,sp,Q8NHH1,TTL11,HUMAN,0102041|tr|E9RH89|E9RH89_9BETA,102041,tr,E9RH89,E9RH89,SSESEL,5,10,SSESEL,431,436,DGSESSSESELGSGED,6,,,,,,,,,,,,,,,,,,,,,,,,,,,,,,,,,,,,,,,,,,very_weak,,,,,,,,,,,,,,,,,,,,,,,,,,,,,,,,,,,,,,,,,,very_weak,82.28999999999998,95.0,95.0,95.0,95.0,95.0,95.0,71.00999999999998,95.0,29.23,95.0,92.24,18.3,91.365,95.0,95.0,36.48,88.795,95.0,69.04,86.47,57.515,69.33,95.0,95.0,20986.438748105706,35016.6997890935,36224.8406553403,33802.005937288304,33870.1002525123,40205.9619875156,38527.170774326696,17889.0241271472,37100.6748657964,3177.36539078003,40468.6985225228,21568.1574516491,2834.14811180781,22643.5394646076,34001.1819617729,29535.3157970252,4368.00034922746,24447.8805432281,36317.4578121246,15354.5535484053,18744.0185493348,11528.4488197349,14886.528738332,32651.6979013654,Tubulin tyrosine ligase like 11,Q8NHH1,620694.0,gene,158135.0,TTLL11,ENSG00000175764,virus
sp|Q8NHH1|TTL11_HUMAN,sp,Q8NHH1,TTL11,HUMAN,0001259|tr|Q1GBB0|Q1GBB0_LACDA,1259,tr,Q1GBB0,Q1GBB0,AVAAAK,18,23,AVAAAK,45,50,KGGNQAVAAAKSAAET,6,,,,,,,,,,,,,,,,,,,,,,,,,,,,strong,weak,very_weak,,,very_weak,,,,,,,,weak,very_weak,,,,,,,,,,,,,strong,weak,very_weak,,,,,,,,,,,,,strong,weak,very_weak,,weak,very_weak,,weak,very_weak,,,,strong,weak,very_weak,46.295,39.31,22.23,59.575,48.68,36.215,41.77,21.58,49.195,1.49,12.63,66.32,3.665,66.565,54.865,24.91,0.125,69.62,57.335,20.245,64.85,0.35,7.864999999999999,9.87,30.275,12350.3657711089,3046.60647817278,1554.62271284776,13784.269750653,5004.1454169076,7677.02546259105,9064.43974727818,1487.80902976625,4980.32490109616,59.9701566992389,3941.58270080543,12576.0975007289,1007.72487580093,12642.9491449869,13050.4585341331,399.68358675181,43.0062065512634,16361.2111056548,8465.50506718897,1526.35500562134,9922.68157266632,271.565005163439,388.823706969661,686.634942835348,Tubulin tyrosine ligase like 11,Q8NHH1,620694.0,gene,158135.0,TTLL11,ENSG00000175764,bacteria
sp|Q8NHH1|TTL11_HUMAN,sp,Q8NHH1,TTL11,HUMAN,0001259|tr|Q1GBR3|Q1GBR3_LACDA,1259,tr,Q1GBR3,Q1GBR3,KPFAGK,500,505,KPFAGK,13,18,THLNDKPFAGKEADYI,6,,,,,,,,,,,,,,,,,,,,,,,,,,,,,,,,,,,,,,,,,,,,,,,,,,,,,,,,,,,,,,,,,,,,,,,,very_weak,,,,,,,,,,,,very_weak,48.78,64.905,52.67,34.89,39.44,71.805,68.805,27.695,57.17,31.095,52.01,26.205,40.72,36.305,45.405,39.94,67.875,32.115,62.715,75.155,34.18,10.93,25.96,56.0,58.81999999999999,10131.957696591,7554.57977480057,7586.68946117654,6769.2298508815,3896.25564285064,12947.2259469218,11292.0384509412,2107.85109341554,6936.12070681143,2437.67210948398,16226.521711858,3287.9863267356,3908.5002634327,5788.9107461192,11491.8349187932,1523.79735337081,9339.31067701308,7337.871164406,11992.842118441,6370.56629008983,4443.65086976134,1727.13860115934,1842.28385753931,6614.7229492646,Tubulin tyrosine ligase like 11,Q8NHH1,620694.0,gene,158135.0,TTLL11,ENSG00000175764,bacteria
sp|Q8NHH1|TTL11_HUMAN,sp,Q8NHH1,TTL11,HUMAN,0001259|sp|Q1G9S9|ENO_LACDA,1259,sp,Q1G9S9,ENO,AVAAAKA,18,24,AVAAAKA,120,126,TSMATAVAAAKATHQPL,7,,,,,,very_weak,,,very_weak,,,,,,,,,,,,,,,very_weak,,,,strong,weak,very_weak,,weak,very_weak,,,,,weak,very_weak,,weak,very_weak,,,,,,,,,,,,very_weak,strong,weak,very_weak,,,,,,,,,,,,,,weak,very_weak,,weak,very_weak,,,,,,,strong,weak,very_weak,64.805,19.98,10.105,54.715,41.015,21.845,29.53,17.8,41.795,0.94,2.905,67.83000000000001,9.57,58.1,42.69499999999999,12.395,0.255,67.52000000000001,40.620000000000005,20.695,61.095,2.095,9.33,36.815,25.16,10733.3225087527,1251.34702956674,459.361365622831,9223.82399120835,1926.80815780401,2848.16583734467,2882.32891073758,579.439983011416,2100.61109473874,24.7474949017971,767.649344998865,8511.15034361386,1444.05166609835,5227.00208942245,4892.99598916266,86.8663175905809,30.9030324300046,9766.21470448058,4355.49417614186,828.299205684077,4859.91423974197,112.366074442298,194.281427084757,1803.1190108797,Tubulin tyrosine ligase like 11,Q8NHH1,620694.0,gene,158135.0,TTLL11,ENSG00000175764,bacteria
sp|Q8NHH1|TTL11_HUMAN,sp,Q8NHH1,TTL11,HUMAN,0001259|sp|Q1G9S9|ENO_LACDA,1259,sp,Q1G9S9,ENO,VAAAKA,19,24,VAAAKA,121,126,SMATAVAAAKATHQPL,6,,,,,,very_weak,,,very_weak,,,,,,,,,very_weak,,,,,,very_weak,,,,strong,weak,very_weak,,weak,very_weak,,,,,weak,very_weak,,,very_weak,,,,,,,,,,,,very_weak,strong,weak,very_weak,,,,,,,,,very_weak,,,,,weak,very_weak,,weak,very_weak,,,,,,very_weak,strong,weak,very_weak,68.42,19.98,10.33,54.715,26.825,17.95,27.875,19.315,31.315,0.655,5.585,67.58,14.93,59.125,44.75,11.77,0.905,67.27,33.065,13.47,63.44,2.25,6.834999999999999,28.91,16.55,12089.511483768,1251.34702956674,547.028481758645,9223.82399120835,2048.20565086698,3476.02353826074,3666.98993044065,788.083042764435,2186.83706114026,29.9928574579989,1059.19528100042,9486.269015472,2021.5435759181,6310.26567874591,6210.49278743283,115.004411387058,63.8866419756827,10957.2056749429,4620.9014496369,924.366501823282,5927.46232202194,153.083038075359,264.598195776771,2181.66141630857,Tubulin tyrosine ligase like 11,Q8NHH1,620694.0,gene,158135.0,TTLL11,ENSG00000175764,bacteria
sp|Q8NHH1|TTL11_HUMAN,sp,Q8NHH1,TTL11,HUMAN,0001259|tr|Q1G8X5|Q1G8X5_LACDA,1259,tr,Q1G8X5,Q1G8X5,SESELA,6,11,SESELA,179,184,AGQGMSESELALELDY,6,,,,,,,,,,,,,,,,,,,,,,,,,,,,,,,,,,,,,,,,,weak,very_weak,,,,,,,,weak,very_weak,,,,,,,,,,,,,,,,,,very_weak,,,,,,,,,,,,,,weak,very_weak,38.195,61.95,77.94,53.665,77.245,78.11,59.665,58.39,79.31,30.51,26.215000000000003,40.755,3.505,21.12,39.32,56.53,23.79,23.87,65.38499999999999,62.065,16.34,58.685,42.65,52.135,81.56,2678.62991707314,5285.35079117462,9675.86616247723,6020.92909341143,8786.14841249389,17597.7973538877,9159.67725760121,4294.28817011562,10323.6193718226,1435.85661634589,5918.8746160031,2093.89432491918,532.574033965669,1028.62227639202,4387.18296985831,1695.62395604046,1209.1551560332,2262.09117074141,7504.07127187853,5337.18538203432,767.333789636756,3601.55980945124,2669.94935841014,3734.41675484309,Tubulin tyrosine ligase like 11,Q8NHH1,620694.0,gene,158135.0,TTLL11,ENSG00000175764,bacteria
sp|Q8NHH1|TTL11_HUMAN,sp,Q8NHH1,TTL11,HUMAN,0001259|tr|Q1GBY8|Q1GBY8_LACDA,1259,tr,Q1GBY8,Q1GBY8,TVAEQV,36,41,TVAEQV,239,244,TFALVTVAEQVGAENI,6,,,very_weak,,,very_weak,,,very_weak,,,,,,,,,,,,,,,very_weak,,,,,,very_weak,,,very_weak,,,,,,,,weak,very_weak,,,very_weak,,,,,weak,very_weak,,,,,,very_weak,,,,,,,,,very_weak,,,,,,very_weak,,,very_weak,,,very_weak,,,very_weak,,weak,very_weak,19.985,18.695,10.93,39.755,24.34,37.975,38.32,12.47,36.6,17.105,19.3,37.77,4.12,17.22,39.835,22.345,12.105,28.815,21.165,13.65,26.88,13.995,14.35,10.995,19.455,2539.32681698033,1110.5155215972,487.469123612664,4369.22930275886,1908.98300107283,6082.93866276128,5776.89736041788,369.193518525369,1920.27310717617,838.588243680506,3457.75573462977,2645.53552988343,505.402020083027,901.842186755625,4047.28999878871,217.133732856634,589.265016759631,2709.64514340458,2612.05856986254,423.516076373622,1342.68074455968,1241.87844753477,486.057656517061,306.74642347782,Tubulin tyrosine ligase like 11,Q8NHH1,620694.0,gene,158135.0,TTLL11,ENSG00000175764,bacteria
sp|Q8NHH1|TTL11_HUMAN,sp,Q8NHH1,TTL11,HUMAN,0001259|tr|Q1G7S6|Q1G7S6_LACDA,1259,tr,Q1G7S6,Q1G7S6,KLSSSS,581,586,KLSSSS,289,294,GINSMKLSSSSSGDSV,6,,,,,weak,very_weak,,,,,,,,,,,,very_weak,,,,,,very_weak,,,,,,,,,,,,,,,,,,,,,,,,,,,,,,,,,very_weak,,,,,,,,weak,very_weak,,,,,,very_weak,,weak,very_weak,,,,,,,,weak,very_weak,75.005,9.425,20.555,65.14500000000001,36.78,15.59,43.555,14.57,34.735,20.81,36.33,72.14,46.61,65.83500000000001,73.35499999999999,23.46,12.58,73.74000000000001,37.825,4.075,76.705,14.22,9.94,21.335,28.605,12418.7045392159,286.74478401938,779.618992973575,8967.47532431876,1393.86848526918,1967.12657237039,5589.91344945143,461.214001495864,1288.20536504785,360.228449003985,8621.63105831138,7924.986934964,4050.22504479396,5519.29737174269,10286.1565544728,140.289504259837,364.8926231443,10622.8723711865,2805.56030178484,196.630933298313,6871.87938552245,150.920392867152,268.235947195854,1012.76388126071,Tubulin tyrosine ligase like 11,Q8NHH1,620694.0,gene,158135.0,TTLL11,ENSG00000175764,bacteria
sp|Q8NHH1|TTL11_HUMAN,sp,Q8NHH1,TTL11,HUMAN,0001259|tr|Q1GA30|Q1GA30_LACDA,1259,tr,Q1GA30,Q1GA30,AVIRDT,475,480,AVIRDT,50,55,ADQQQAVIRDTAILIG,6,,,very_weak,,,very_weak,,,,strong,weak,very_weak,,,very_weak,,weak,very_weak,strong,weak,very_weak,,,very_weak,,weak,very_weak,,,,,,,,,,,,,,,very_weak,,,,,,,,,very_weak,,,very_weak,,weak,very_weak,,,,,,very_weak,,,very_weak,,,,,,,,,,,,,,,,strong,weak,very_weak,11.99,13.96,31.85,0.6299999999999999,19.955,4.58,1.03,10.635,4.92,30.02,27.895,35.55,17.47,24.13,32.845,15.69,4.075,23.91,10.72,11.615,24.355,29.915000000000003,26.155,25.385,38.445,1748.08217046114,360.345395741523,1287.02117147463,19.0459251153427,764.350745734919,590.324336782432,66.1623967424088,315.024022706143,26.1826064058861,922.657836638404,5233.39671318918,1707.90518386907,1707.70192525536,976.141800455183,4192.77697681105,218.860277049985,146.473808523312,2373.7480340738,894.272857395281,392.496819016382,1143.21330590208,829.411241205965,793.06134714854,891.114450286784,Tubulin tyrosine ligase like 11,Q8NHH1,620694.0,gene,158135.0,TTLL11,ENSG00000175764,bacteria
sp|Q8NHH1|TTL11_HUMAN,sp,Q8NHH1,TTL11,HUMAN,0001259|tr|Q1GBA1|Q1GBA1_LACDA,1259,tr,Q1GBA1,Q1GBA1,VTVDSS,129,134,VTVDSS,178,183,VSLWPVTVDSSGGWLA,6,,,,,weak,very_weak,,,,,weak,very_weak,,,,,,,,,very_weak,,,,,,,,,,,,,,,,,,,,,,,,,,,,,,,,,,,,,,,,,,,,,,,,,,,,,,,,,,,,,,weak,very_weak,52.34,3.575,49.51,7.27,64.645,62.755,12.84,38.36,50.57,29.615,75.13,73.53999999999999,33.504999999999995,63.41,75.24000000000001,54.795,29.12,74.935,54.45,31.590000000000003,70.4,32.035,38.12,40.075,61.8,3260.60131243291,260.485030231433,2789.12556878086,504.151320813336,3475.34662770716,8571.77546716637,897.947527701006,1149.00439416421,1798.94884016284,770.353480267574,13303.0843849854,7564.39481059583,2365.74831492131,5600.81074992812,11350.9589448231,791.963771620914,1480.05409095743,10117.0595876098,5576.321635027,1340.15533613929,5097.75849593923,831.720780520458,721.299468787946,1913.40824365467,Tubulin tyrosine ligase like 11,Q8NHH1,620694.0,gene,158135.0,TTLL11,ENSG00000175764,bacteria
sp|Q8NHH1|TTL11_HUMAN,sp,Q8NHH1,TTL11,HUMAN,0001259|tr|Q1GBB6|Q1GBB6_LACDA,1259,tr,Q1GBB6,Q1GBB6,KFKMLP,631,636,KFKMLP,214,219,SDDKDKFKMLPDTFTV,6,,,very_weak,,,,,,very_weak,,,,,,very_weak,,,very_weak,,,,,,,,,,,,,,,,,,,,,very_weak,,,,,,,,,,,,,strong,weak,very_weak,,,,,,,,,,strong,weak,very_weak,,,,,,,,,,strong,weak,very_weak,,,very_weak,strong,weak,very_weak,17.995,27.04,12.825,24.49,14.785,15.135000000000002,70.5,24.55,47.55,75.475,42.67,48.925,42.31,40.915,41.545,1.87,69.47999999999999,43.71,26.61,1.415,46.6,26.815,24.515,1.31,12.375,2065.89974076886,740.122930826405,527.938361858463,2608.61289339144,424.300383563351,2450.2855398862,8067.6519981661,780.353209990777,2203.033610378,5940.81718027985,6224.01391196278,2995.29070163628,4233.48418906495,2003.10206988291,3677.51916292693,14.4986291575781,5559.69413480267,3300.38986199474,1672.15784368114,50.75918705323,1736.2069571526,1099.36142470506,537.52950367449,41.2055872539563,Tubulin tyrosine ligase like 11,Q8NHH1,620694.0,gene,158135.0,TTLL11,ENSG00000175764,bacteria
sp|Q8NHH1|TTL11_HUMAN,sp,Q8NHH1,TTL11,HUMAN,0001259|tr|Q1GBA1|Q1GBA1_LACDA,1259,tr,Q1GBA1,Q1GBA1,PVTVDS,128,133,PVTVDS,177,182,SVSLWPVTVDSSGGWL,6,,,,strong,weak,very_weak,,,,,weak,very_weak,,,,,,,,,very_weak,,,,,,,,,,,,,,,,,,,,,very_weak,,,,,,,,,,,,,,,very_weak,,,,,,,,,,,,,,,very_weak,,,,,,,,,,strong,weak,very_weak,22.955,1.96,33.335,9.63,47.6,49.045,19.455,48.18,55.345,25.485,49.370000000000005,60.08,19.235,46.235,62.94,41.84,17.32,58.515,42.665,20.875,53.51,15.02,46.86,25.045,46.155,1458.63985261094,190.175916596075,2150.65433444489,650.285662332663,2677.7026477901,9255.81525515729,1327.77174825567,2834.05611873825,2438.1469070089,1074.30349580557,11270.7995904728,5723.5164468564,1742.22869554323,4183.9854129945,9673.14458641294,733.212487530001,1106.04275986971,7680.51493135418,4291.31555171574,1168.29738445484,4134.48380141473,489.429824449393,1996.95635089495,1220.72299549844,Tubulin tyrosine ligase like 11,Q8NHH1,620694.0,gene,158135.0,TTLL11,ENSG00000175764,bacteria
sp|Q8NHH1|TTL11_HUMAN,sp,Q8NHH1,TTL11,HUMAN,0001259|tr|Q1G7V5|Q1G7V5_LACDA,1259,tr,Q1G7V5,Q1G7V5,AAKAAA,21,26,AAKAAA,17,22,SLSQPAAKAAASDRQA,6,,,,,,,,,,,,,,,,,,,,,,,,,,,,,weak,very_weak,,,,,,,,,,,,,,,,,,,,,,,,,,,very_weak,,,,,,,,,,,,,,weak,very_weak,,,,,,,,,,,weak,very_weak,65.555,32.35,44.08,83.17,73.185,61.26,69.645,60.57000000000001,67.905,6.404999999999999,34.435,69.06,28.06,80.405,70.115,54.735,12.425,67.47,77.765,64.51,67.69,3.805,53.025000000000006,65.71000000000001,52.620000000000005,15060.5257836035,3427.73264347889,3884.6798018918,17651.0004061154,7466.97714356749,13310.283153214,13633.423040644,5920.34774024646,9138.19655272822,141.068826364306,10746.8022978831,17273.1436554097,3659.9343956139,16350.7699827221,17959.6171677105,876.569494821554,802.617349360653,19816.8310633608,13331.7585919248,5302.87880655395,13776.8146302778,737.08615090299,2947.16614866261,8038.02785110965,Tubulin tyrosine ligase like 11,Q8NHH1,620694.0,gene,158135.0,TTLL11,ENSG00000175764,bacteria
sp|Q8NHH1|TTL11_HUMAN,sp,Q8NHH1,TTL11,HUMAN,0001259|tr|Q1G9X0|Q1G9X0_LACDA,1259,tr,Q1G9X0,Q1G9X0,SLDALK,139,144,SLDALK,418,423,KETGVSLDALKVNLSR,6,,,,,weak,very_weak,,weak,very_weak,,,very_weak,,,,,,,,weak,very_weak,,,,,,,,,,,,,,,,,,,,,very_weak,,,very_weak,,,,,,very_weak,,weak,very_weak,,weak,very_weak,,,,,weak,very_weak,,weak,very_weak,,,,,,very_weak,,,,,weak,very_weak,,,very_weak,,weak,very_weak,29.06,2.62,9.72,19.64,20.64,21.95,9.28,21.925,30.845,30.68,21.77,28.225,15.725,14.36,26.21,4.85,8.32,23.79,5.49,3.575,23.3,10.54,29.26,7.27,14.095,3810.04385238061,115.655785316446,286.837874576469,1778.70403436056,442.808103524302,3323.93458044306,881.36263278039,477.984466398163,764.152288968723,1007.84481989552,2715.89702753556,1696.32125783881,1623.71636878497,896.384678826434,3043.7070613359,18.5474793812896,319.814931421645,2621.03297216557,452.734665730516,106.09914202099,1140.33488540871,195.521391443326,473.567692844359,183.237583666129,Tubulin tyrosine ligase like 11,Q8NHH1,620694.0,gene,158135.0,TTLL11,ENSG00000175764,bacteria
sp|Q8NHH1|TTL11_HUMAN,sp,Q8NHH1,TTL11,HUMAN,0001259|sp|Q1GBF3|GATB_LACDA,1259,sp,Q1GBF3,GATB,IALTPE,398,403,IALTPE,363,368,AELKDIALTPENLAAM,6,,,very_weak,,weak,very_weak,,,very_weak,,,,,weak,very_weak,,,,,,very_weak,,weak,very_weak,,weak,very_weak,,,,,,very_weak,,,,,,,,weak,very_weak,,,very_weak,,,,,,very_weak,,weak,very_weak,,,,,,,,,very_weak,,weak,very_weak,,,very_weak,,,very_weak,,weak,very_weak,,weak,very_weak,,,,,weak,very_weak,10.49,7.165,14.135000000000002,20.22,7.93,20.71,15.81,7.365,9.325,38.465,14.53,31.160000000000004,7.015,13.115,25.035,7.595,31.405,21.755,10.045,9.25,13.75,19.465,8.405000000000001,9.920000000000002,22.74,1290.11630020828,329.395397194218,743.123978035188,2284.7456335705,359.473109186133,3284.39518569935,1886.43824285181,261.920714457325,245.887957721515,2286.00672397959,2529.48244043437,1476.9666412893,816.818515264903,636.798854901616,2926.10026251477,51.6489151329585,1481.76856591481,2024.95859109674,885.635615744853,431.098201775939,648.066099739144,898.015539428649,323.143668032471,407.217784049533,Tubulin tyrosine ligase like 11,Q8NHH1,620694.0,gene,158135.0,TTLL11,ENSG00000175764,bacteria
sp|Q8NHH1|TTL11_HUMAN,sp,Q8NHH1,TTL11,HUMAN,0001259|tr|Q1GBR3|Q1GBR3_LACDA,1259,tr,Q1GBR3,Q1GBR3,PFAGKE,501,506,PFAGKE,14,19,HLNDKPFAGKEADYIQ,6,,,,,,,,,,,,,,,,,,,,,,,,,,,,,,,,,,,,very_weak,,,,,,,,,,,,,,,,,,,,,,,,,,,,,,,,,,,weak,very_weak,,,,,,,,,,,weak,very_weak,39.13,44.335,36.665,34.89,39.44,43.52,69.92999999999999,22.165,42.15,25.81,35.38,18.675,30.29,28.85,34.370000000000005,25.575,59.34,25.89,50.365,47.64,27.360000000000003,8.085,21.12,44.035,43.435,8850.55162585584,5857.90367156485,5546.59587297172,6769.2298508815,3896.25564285064,14733.3404645527,14635.3111593527,1720.53596506192,5775.89737099991,2235.15860038416,12786.7099738603,2186.10369028172,3873.76700143694,4566.4282192033,9851.22283041297,811.515452051467,8299.89416907996,6003.82028139207,11147.0969442671,6262.72099895791,3444.01543615659,1588.80258631643,1472.73788694388,5443.44464911098,Tubulin tyrosine ligase like 11,Q8NHH1,620694.0,gene,158135.0,TTLL11,ENSG00000175764,bacteria
sp|Q8NHH1|TTL11_HUMAN,sp,Q8NHH1,TTL11,HUMAN,0001259|tr|Q1GBR3|Q1GBR3_LACDA,1259,tr,Q1GBR3,Q1GBR3,KPFAGKE,500,506,KPFAGKE,13,19,THLNDKPFAGKEADYIQ,7,,,,,,,,,,,,,,,,,,,,,,,,,,,,,,,,,,,,very_weak,,,,,,,,,,,,,,,,,,,,,,,,,,,,,,,,,,,weak,very_weak,,,,,,,,,,,weak,very_weak,39.13,44.335,36.665,34.89,39.44,46.99,68.805,22.165,42.15,25.81,35.38,18.675,30.29,28.85,34.370000000000005,25.575,59.34,25.89,50.365,47.64,27.360000000000003,8.085,21.12,44.035,43.435,8850.55162585584,5857.90367156485,5546.59587297172,6769.2298508815,3896.25564285064,12902.1967039492,11292.0384509412,1720.53596506192,5775.89737099991,2235.15860038416,12786.7099738603,2186.10369028172,3873.76700143694,4566.4282192033,9851.22283041297,811.515452051467,8299.89416907996,6003.82028139207,11147.0969442671,6262.72099895791,3444.01543615659,1588.80258631643,1472.73788694388,5443.44464911098,Tubulin tyrosine ligase like 11,Q8NHH1,620694.0,gene,158135.0,TTLL11,ENSG00000175764,bacteria
sp|Q8NHH1|TTL11_HUMAN,sp,Q8NHH1,TTL11,HUMAN,0001259|tr|Q1G885|Q1G885_LACDA,1259,tr,Q1G885,Q1G885,AAKAAAK,21,27,AAKAAAK,164,170,AAKKAAAKAAAKKKSAA,7,,,,,,,,,very_weak,,,,,,,,,,,,,,,,,,,,,very_weak,strong,weak,very_weak,,,,,weak,very_weak,,,,,,,,,,,,,,,,,,,,,,,,,,,,,,,,weak,very_weak,,,,,,,,,very_weak,strong,weak,very_weak,91.98,41.925,15.215,78.60499999999999,55.25,32.94,48.54,43.36,40.775,11.725,1.725,53.845000000000006,76.89,60.08,26.485,33.335,21.665,60.425,62.24,53.685,51.08,4.01,31.805,67.155,10.995,23635.8394063957,1862.97009616358,750.209002548357,15588.0667382432,3468.84748318907,5489.87558958539,6957.1658098806,1924.03741614353,3511.5951410989,149.796249109405,858.250299016396,11499.7953774256,10874.178003285,9894.69982394996,5496.53233665339,424.764311450515,1242.57736030228,13949.1560078421,8574.9293673893,3330.3423827857,7110.04885260456,425.997788263318,793.018444569332,6518.94695786844,Tubulin tyrosine ligase like 11,Q8NHH1,620694.0,gene,158135.0,TTLL11,ENSG00000175764,bacteria
sp|Q8NHH1|TTL11_HUMAN,sp,Q8NHH1,TTL11,HUMAN,0001259|tr|Q1G885|Q1G885_LACDA,1259,tr,Q1G885,Q1G885,AAAKAA,20,25,AAAKAA,163,168,AAAKKAAAKAAAKKKS,6,,,,,,,,,very_weak,,,,,,,,,,,,,,,,,,,,weak,very_weak,strong,weak,very_weak,,,,,weak,very_weak,,,,,,,,,,,,,,,,,,very_weak,,,,,,,,,,,,,,weak,very_weak,,,,,,,,,very_weak,strong,weak,very_weak,83.82,39.625,12.86,78.03999999999999,52.78,29.055,45.06,39.855,36.615,6.145,1.605,58.065,68.1,53.95,24.875,29.035,12.83,59.685,60.815,47.17,48.655,3.595,27.125,64.27,11.575,23140.1275384591,1790.88929377183,662.314455372542,15147.1382063729,3351.8152496945,5044.48177393448,6946.63528873032,1746.2673824286,3177.50290731203,102.760548945623,808.798082453885,11269.9459899298,9933.42350434463,9973.16195473546,5344.81345343394,339.98676685073,903.707840760154,13728.7516124703,8345.54940685708,3036.17491455472,6965.30026074202,375.5998674718,652.576370200397,6044.03468642398,Tubulin tyrosine ligase like 11,Q8NHH1,620694.0,gene,158135.0,TTLL11,ENSG00000175764,bacteria
sp|Q8NHH1|TTL11_HUMAN,sp,Q8NHH1,TTL11,HUMAN,0001259|sp|Q1GA94|FTHS_LACDA,1259,sp,Q1GA94,FTHS,KTVIAL,395,400,KTVIAL,91,96,NQLGKKTVIALREPSM,6,,,,,,very_weak,,,very_weak,,,,,,,,,,,,,,,,,,,,,,strong,weak,very_weak,,,,,,,,weak,very_weak,,,,,weak,very_weak,,,very_weak,,,,,,,,,,strong,weak,very_weak,,,,,,very_weak,,weak,very_weak,,,,,,,,,very_weak,strong,weak,very_weak,28.095,19.18,16.68,37.53,20.73,40.245000000000005,26.535,29.485,37.12,34.18,0.955,34.96,7.37,21.11,7.16,22.86,28.11,24.295,1.975,38.95,10.015,8.680000000000001,30.93,23.525,11.565,2906.53690517855,359.068837072369,518.372508758003,3887.95963287652,447.465404752161,5117.21064385054,1854.76419709187,727.766838512949,1377.6307068974,1792.45952077874,540.562321448852,1992.79062326344,1612.11029622719,984.286932814036,1118.40154773264,139.76529224269,1316.39960263835,2097.81739213076,215.150605194819,1120.90923226084,666.000883776927,373.056384734482,541.704034521912,514.940195573162,Tubulin tyrosine ligase like 11,Q8NHH1,620694.0,gene,158135.0,TTLL11,ENSG00000175764,bacteria
sp|Q8NHH1|TTL11_HUMAN,sp,Q8NHH1,TTL11,HUMAN,0001259|tr|Q1G885|Q1G885_LACDA,1259,tr,Q1G885,Q1G885,AKAAAK,22,27,AKAAAK,165,170,AKKAAAKAAAKKKSAA,6,,,,,,,,,very_weak,,,,,,,,,,,,,,,,,,,,,,,weak,very_weak,,,,,weak,very_weak,,,,,,,,,,,,,,,,,,,,,,,,,,,,,,,,weak,very_weak,,,,,,,,,very_weak,,weak,very_weak,93.545,39.58,15.475,81.47,53.34,38.2,48.54,45.11,40.545,23.92,2.995,55.875,84.295,59.655,29.52,38.22,33.94,64.06,60.57,62.865,52.5,5.234999999999999,38.525000000000006,75.785,10.995,24611.3694821064,1919.02689597589,834.09992191018,16380.1637148091,3482.57380812592,6354.93880713475,6957.1658098806,2281.70704168118,3697.74809698236,287.586799439597,1094.32956051216,11669.6335119777,12547.2835955615,10341.2829507714,5580.84856382231,556.063232008191,2235.25533815946,14129.6143285043,8794.89867121823,3879.63930992074,7609.13214978179,501.800343515466,1105.27712819135,7345.25853544881,Tubulin tyrosine ligase like 11,Q8NHH1,620694.0,gene,158135.0,TTLL11,ENSG00000175764,bacteria
sp|Q8NHH1|TTL11_HUMAN,sp,Q8NHH1,TTL11,HUMAN,0001259|tr|Q1G8S2|Q1G8S2_LACDA,1259,tr,Q1G8S2,Q1G8S2,DSSKAR,132,137,DSSKAR,292,297,DSLVADSSKARKVLGW,6,,,,,,,,,,,weak,very_weak,,,,,,very_weak,strong,weak,very_weak,,,very_weak,,,very_weak,,,very_weak,,,,,,,,,very_weak,,,,,,,,,,,,,,,,,,very_weak,,,,,,,,,very_weak,,,,,,very_weak,,,very_weak,,,,,,,strong,weak,very_weak,83.44999999999999,50.21,46.830000000000005,2.85,47.735,12.975,0.215,13.715,15.375,11.31,42.355,68.80000000000001,69.92,70.325,52.125,29.115,16.169999999999998,69.535,48.42,16.425,65.16499999999999,16.81,18.52,51.98,33.295,17306.8169203524,1234.96435189083,1461.94205629455,243.312915121303,1452.71781481866,1974.26960754362,30.7908901068731,272.751714607434,772.364849497042,221.530990868112,5949.05050582432,7003.69007417607,7819.11742370803,6673.2380975185,5410.21088951515,228.735747794077,787.179711195363,9700.91962538381,3636.17285851079,621.880344533189,6074.52003961654,290.781381758083,341.383811685708,3345.36613211425,Tubulin tyrosine ligase like 11,Q8NHH1,620694.0,gene,158135.0,TTLL11,ENSG00000175764,bacteria
sp|Q8NHH1|TTL11_HUMAN,sp,Q8NHH1,TTL11,HUMAN,0001259|tr|Q1GC44|Q1GC44_LACDA,1259,tr,Q1GC44,Q1GC44,PILLEV,437,442,PILLEV,268,273,RADHCPILLEVKL,6,,,,,,,,,,,,,,,,,,,,,,,,,,,,,,,,,,,,,,,,,,,,,,,,,,,,,,,,,,,,,,,,,,,,,,,,,,,,,,,,,,,,,80.36,91.035,91.21,89.925,90.685,94.235,91.56,91.63,92.625,91.07,80.785,69.15,64.745,77.35,77.525,90.685,82.945,70.41499999999999,87.565,93.085,71.5,79.46000000000001,91.365,90.105,90.915,10204.1278689398,10743.1982837717,13481.4553600885,15088.2530394912,13911.1742642169,25428.0216709726,19138.3072990686,13183.4387552493,15158.7787730365,9089.58180969547,14597.9880373643,5214.17985630549,5741.13081468653,5557.34859805529,9107.20302756726,7277.77902708536,6166.30129982113,7511.21960453748,14326.0411258172,13605.7192310728,3887.74930425981,5994.99221760276,10834.4828379072,10417.085432251,Tubulin tyrosine ligase like 11,Q8NHH1,620694.0,gene,158135.0,TTLL11,ENSG00000175764,bacteria
sp|Q8NHH1|TTL11_HUMAN,sp,Q8NHH1,TTL11,HUMAN,0001259|tr|Q1GBA1|Q1GBA1_LACDA,1259,tr,Q1GBA1,Q1GBA1,PVTVDSS,128,134,PVTVDSS,177,183,SVSLWPVTVDSSGGWLA,7,,,,strong,weak,very_weak,,,,,weak,very_weak,,,,,,,,,very_weak,,,,,,,,,,,,,,,,,,,,,very_weak,,,,,,,,,,,,,,,very_weak,,,,,,,,,,,,,,,very_weak,,,,,,,,,,strong,weak,very_weak,22.955,1.96,33.335,7.27,47.6,62.755,12.84,38.36,50.57,29.615,49.370000000000005,60.08,19.235,46.235,70.01,41.84,17.32,58.515,42.665,20.875,53.51,15.02,38.12,25.045,46.155,1458.63985261094,190.175916596075,2150.65433444489,504.151320813336,2677.7026477901,8571.77546716637,897.947527701006,1149.00439416421,1798.94884016284,770.353480267574,11270.7995904728,5723.5164468564,1742.22869554323,4183.9854129945,9406.03834634404,733.212487530001,1106.04275986971,7680.51493135418,4291.31555171574,1168.29738445484,4134.48380141473,489.429824449393,721.299468787946,1220.72299549844,Tubulin tyrosine ligase like 11,Q8NHH1,620694.0,gene,158135.0,TTLL11,ENSG00000175764,bacteria
sp|Q8NHH1|TTL11_HUMAN,sp,Q8NHH1,TTL11,HUMAN,0001259|tr|Q1G885|Q1G885_LACDA,1259,tr,Q1G885,Q1G885,AAAKAAA,20,26,AAAKAAA,163,169,AAAKKAAAKAAAKKKSA,7,,,,,,,,,very_weak,,,,,,,,,,,,,,,,,,,,weak,very_weak,strong,weak,very_weak,,,,,weak,very_weak,,,,,,,,,,,,,,,,,,very_weak,,,,,,,,,,,,,,weak,very_weak,,,,,,,,,very_weak,strong,weak,very_weak,83.82,39.625,12.86,78.03999999999999,52.78,29.055,45.06,39.855,36.615,6.145,1.605,58.065,68.1,56.92,24.875,29.035,12.83,59.685,60.815,47.17,48.125,3.595,27.125,64.27,11.575,23140.1275384591,1790.88929377183,662.314455372542,15147.1382063729,3351.8152496945,5044.48177393448,6946.63528873032,1746.2673824286,3177.50290731203,102.760548945623,808.798082453885,11269.9459899298,9933.42350434463,9485.65319949624,5344.81345343394,339.98676685073,903.707840760154,13728.7516124703,8345.54940685708,3036.17491455472,6748.53418886316,375.5998674718,652.576370200397,6044.03468642398,Tubulin tyrosine ligase like 11,Q8NHH1,620694.0,gene,158135.0,TTLL11,ENSG00000175764,bacteria
sp|Q8NHH1|TTL11_HUMAN,sp,Q8NHH1,TTL11,HUMAN,0001259|tr|Q1G9P6|Q1G9P6_LACDA,1259,tr,Q1G9P6,Q1G9P6,AEAEAT,28,33,AEAEAT,374,379,EADDQAEAEATEADEN,6,,,,,,,,,,,,,,,,,,,,,,,,,,,,,,very_weak,,,,,,,,,,,weak,very_weak,,,,,,,,weak,very_weak,,,,,,,,,,,,,,,,,,,,,,,,,,,,,,,,weak,very_weak,51.03,95.0,95.0,71.69,95.0,95.0,95.0,67.65,95.0,14.115,58.22,83.725,2.08,82.675,75.88,67.265,21.08,73.95,95.0,59.41,70.795,45.71,62.45,53.215,95.0,11567.6822998143,32702.9643050822,36711.3464948014,22018.0412015528,35014.8054756943,39152.8954142704,35133.967445756,19060.4000659644,34816.8484964923,1106.27015885403,23662.1947471737,18248.5371342314,896.801819246042,18018.9823855334,22437.9451318666,11733.9516370546,2127.44110811469,20502.9884341869,37456.017747432,14917.6475239076,13806.2111781787,8600.66765513169,13956.2513702272,13106.4949109069,Tubulin tyrosine ligase like 11,Q8NHH1,620694.0,gene,158135.0,TTLL11,ENSG00000175764,bacteria
sp|Q8NHH1|TTL11_HUMAN,sp,Q8NHH1,TTL11,HUMAN,0001259|tr|Q1G885|Q1G885_LACDA,1259,tr,Q1G885,Q1G885,KAAAKA,23,28,KAAAKA,162,167,KAAAKKAAAKAAAKKK,6,,,,,,,,,very_weak,,,,,,,,,,,,,,,,,,,,weak,very_weak,strong,weak,very_weak,,,,,weak,very_weak,,,,,,,,,,,,,,,,,weak,very_weak,,,,,,,,,,,,,,weak,very_weak,,,very_weak,,,,,,very_weak,strong,weak,very_weak,81.61,39.625,11.815,78.03999999999999,48.185,29.055,45.06,29.89,36.615,3.27,1.605,57.695,58.025,56.135000000000005,24.875,20.525,9.12,59.685,57.52,42.975,48.69,2.135,18.155,64.27,11.575,22754.0574312157,1790.88929377183,600.483341191158,15147.1382063729,3337.77357594282,5044.48177393448,6946.63528873032,1585.35105199678,3177.50290731203,87.4037013327031,808.798082453885,11203.9276073643,9306.02387869791,9968.19944932903,5344.81345343394,252.763834071128,725.573228166334,13728.7516124703,8143.77680298087,3031.25130015545,6840.35223856089,328.850558558357,573.446292558098,6044.03468642398,Tubulin tyrosine ligase like 11,Q8NHH1,620694.0,gene,158135.0,TTLL11,ENSG00000175764,bacteria
sp|Q8NHH1|TTL11_HUMAN,sp,Q8NHH1,TTL11,HUMAN,0644875|tr|A0A934P8V5|A0A934P8V5_9STRE,644875,tr,A0A934P8V5,A0A934P8V5,LMKNLK,431,436,LMKNLK,593,598,FKKVILMKNLKTPGRE,6,,,,strong,weak,very_weak,strong,weak,very_weak,,,,strong,weak,very_weak,,weak,very_weak,,weak,very_weak,,,very_weak,,weak,very_weak,,,,,,very_weak,,weak,very_weak,strong,weak,very_weak,,,,,,very_weak,,weak,very_weak,,,,strong,weak,very_weak,,,,,,very_weak,strong,weak,very_weak,strong,weak,very_weak,,,very_weak,,weak,very_weak,,,very_weak,strong,weak,very_weak,strong,weak,very_weak,strong,weak,very_weak,25.23,1.325,0.915,27.975,0.285,3.1750000000000003,8.415,11.585,2.37,58.71,12.315,9.975,67.49,11.365,2.955,0.88,40.275000000000006,15.63,0.87,0.5750000000000001,18.88,9.005,19.9,1.73,1.21,4355.44705091549,34.4402250909002,40.8027508298971,3684.01064605428,9.86944326853747,168.953651411146,673.027494511517,157.812200748516,52.3686268387529,2990.40103148787,1393.86848526918,572.089102123992,11037.0452383849,385.272498971178,429.208614026825,5.58464101528599,1809.60776174753,1244.79766953505,113.331880270573,20.6657467101873,679.753042023029,232.619244355841,273.4372328718,43.4491276197964,Tubulin tyrosine ligase like 11,Q8NHH1,620694.0,gene,158135.0,TTLL11,ENSG00000175764,bacteria
sp|Q8NHH1|TTL11_HUMAN,sp,Q8NHH1,TTL11,HUMAN,0644875|tr|A0A934UDD8|A0A934UDD8_9STRE,644875,tr,A0A934UDD8,A0A934UDD8,TSLDAL,138,143,TSLDAL,757,762,NNQKNTSLDALTQEKA,6,,,,,,,,,,,,,,,,,,,,,,,,,,,,,,,,,,,,,,,,,,very_weak,,,,,,,,,,,,,,weak,very_weak,,,,,,,,,,,,,,,very_weak,,,,,,,,,,,weak,very_weak,33.725,36.24,44.66,33.295,59.63,46.645,36.685,63.415000000000006,62.795,50.34,31.87,57.285,13.495,48.195,44.93,39.685,6.325,52.400000000000006,25.825000000000003,41.365,45.805,10.76,53.225,40.68,42.23,6066.76944311226,2324.34087904752,4172.32209267944,5172.76640386951,6212.57621762311,6539.50457045033,5235.26564516258,6024.05687120294,4036.70649182405,3389.30469873472,9181.10911799804,7143.51461715188,1924.34970635847,5044.80926561065,8704.11314798653,882.851528100128,516.860376144614,9659.2346470218,3072.95882651844,3199.51314996406,4149.72143910451,1386.61819758878,3084.75144770502,2938.95059831513,Tubulin tyrosine ligase like 11,Q8NHH1,620694.0,gene,158135.0,TTLL11,ENSG00000175764,bacteria
sp|Q8NHH1|TTL11_HUMAN,sp,Q8NHH1,TTL11,HUMAN,0644875|tr|A0A934P8W3|A0A934P8W3_9STRE,644875,tr,A0A934P8W3,A0A934P8W3,EATAETV,31,37,EATAETV,55,61,VLEMDEATAETVFSRVP,7,,,,,,,,,,,weak,very_weak,,,,,,,,,very_weak,,,,,,,,weak,very_weak,,,,,,very_weak,,,,,weak,very_weak,,,,,,,,weak,very_weak,,,very_weak,,weak,very_weak,,,very_weak,,,,,,,,,,,,,,,very_weak,,,,,,,,weak,very_weak,39.4,65.88,66.535,9.355,60.18,42.71,19.35,20.89,50.525000000000006,5.44,39.83,16.335,2.96,31.46,46.085,18.92,7.68,13.7,56.89,33.55,21.71,20.385,11.145,42.535,75.31,3516.53792498332,4624.30250542106,5709.7233327251,464.167656654492,6417.95745273554,8152.50474873221,921.76978145095,1294.00268090476,2186.15099710804,228.411769470222,6976.16099196446,1068.38016187563,634.419363905439,2062.50494136102,5121.42027283861,355.82403425298,461.698308219912,1590.36769143777,7562.10349560286,1536.52886358695,1281.97620721769,1661.75106071626,500.239119124972,2267.40855613077,Tubulin tyrosine ligase like 11,Q8NHH1,620694.0,gene,158135.0,TTLL11,ENSG00000175764,bacteria
sp|Q8NHH1|TTL11_HUMAN,sp,Q8NHH1,TTL11,HUMAN,0644875|tr|A0A934PAK3|A0A934PAK3_9STRE,644875,tr,A0A934PAK3,A0A934PAK3,AAVDIL,590,595,AAVDIL,136,141,YIMRHAAVDILIVRK,6,,weak,very_weak,,weak,very_weak,,,,,,,,,,,,,,weak,very_weak,,,very_weak,,,,,,very_weak,strong,weak,very_weak,,,very_weak,,,,,weak,very_weak,,weak,very_weak,,,very_weak,,weak,very_weak,,,,,weak,very_weak,,,very_weak,,,,,,,,weak,very_weak,,,very_weak,,weak,very_weak,,,,,,,strong,weak,very_weak,6.215,3.06,30.895,23.385,23.015,30.325,6.775,12.175,29.275,12.005,1.435,14.57,5.135,7.795,14.575,21.945,6.465,13.03,26.125,29.69,8.81,19.935,7.14,27.36,38.36,578.850957857246,34.7971840006125,415.23980574926,747.607934592164,120.793377399725,886.066927882262,237.988388556033,44.5217820626504,66.7686293421791,303.573457918155,275.188349036559,247.33683581409,932.240982490979,156.186560817321,691.885096427905,36.7951675483506,141.605587992167,439.086781830955,439.819018235041,303.415838171185,236.689008042099,130.973074401954,40.9265517458583,247.751983939502,Tubulin tyrosine ligase like 11,Q8NHH1,620694.0,gene,158135.0,TTLL11,ENSG00000175764,bacteria
sp|Q8NHH1|TTL11_HUMAN,sp,Q8NHH1,TTL11,HUMAN,0644875|tr|A0A934P906|A0A934P906_9STRE,644875,tr,A0A934P906,A0A934P906,AKAEAE,26,31,AKAEAE,126,131,EREAKAKAEAERRRKA,6,,,,,,,,,,,,,,,,,,,,,,,,,,,,,,,,,very_weak,,,,,,very_weak,,,,,,,,,,,,,,,,,,,,,,,,,,,,,,,,,,,,,,,,,,,,,very_weak,81.53999999999999,36.245000000000005,48.94,61.49,57.83,52.075,22.07,59.645,49.775,31.96,18.41,63.27,21.64,60.77,33.76,60.415,47.21,61.71,54.21,70.105,56.275000000000006,26.245,58.635,69.03999999999999,33.305,21637.5776483586,2373.31145595996,5535.38479914373,12873.749932675,6893.47539037284,12458.4063170234,3129.46289637463,5511.83772063447,6562.11472825287,2488.330314021,5538.02065851586,12761.9694029484,3056.24707241234,11252.5222933089,7927.64552545,2595.18443509893,5775.6474006934,16251.29560322,10104.9163391413,7335.33099172656,8134.61811550737,2896.55359876126,4122.86925426809,9605.3534167648,Tubulin tyrosine ligase like 11,Q8NHH1,620694.0,gene,158135.0,TTLL11,ENSG00000175764,bacteria
sp|Q8NHH1|TTL11_HUMAN,sp,Q8NHH1,TTL11,HUMAN,0644875|tr|A0A934P8W3|A0A934P8W3_9STRE,644875,tr,A0A934P8W3,A0A934P8W3,EATAET,31,36,EATAET,55,60,VLEMDEATAETVFSRV,6,,,,,,,,,,,weak,very_weak,,,,,,,,,very_weak,,,,,,,,weak,very_weak,,,,,,,,,,,weak,very_weak,,,,,,,,weak,very_weak,,,very_weak,,weak,very_weak,,,,,,,,,,,,,,,,,,very_weak,,,,,,,,weak,very_weak,39.4,65.88,66.535,9.355,60.18,42.71,19.35,20.89,50.525000000000006,5.44,39.83,33.46,2.96,41.47,52.13,18.92,7.68,28.17,56.89,33.55,38.425,20.385,11.145,42.535,75.31,3516.53792498332,4624.30250542106,5709.7233327251,464.167656654492,6417.95745273554,8152.50474873221,921.76978145095,1294.00268090476,2186.15099710804,228.411769470222,6976.16099196446,1393.70260031334,634.419363905439,2408.9878811714,5530.47586295124,355.82403425298,461.698308219912,1928.76883258013,7562.10349560286,1536.52886358695,1591.93433832023,1661.75106071626,500.239119124972,2267.40855613077,Tubulin tyrosine ligase like 11,Q8NHH1,620694.0,gene,158135.0,TTLL11,ENSG00000175764,bacteria
sp|Q8NHH1|TTL11_HUMAN,sp,Q8NHH1,TTL11,HUMAN,0644875|tr|A0A934P8U5|A0A934P8U5_9STRE,644875,tr,A0A934P8U5,A0A934P8U5,KKKREN,488,493,KKKREN,267,272,QPFLSKKKRENWSQKD,6,,,,,,,,,very_weak,,,,,,,,,,,,,,,,,,,,,,,,,,,,,,,,,,,,,,,,,,,,,,,,,,,,,,,,,,,,,,,,,,,,,,,weak,very_weak,,weak,very_weak,89.64500000000001,35.18,17.99,74.69,59.290000000000006,49.245000000000005,40.105,83.02,23.49,94.145,72.64,53.54,93.675,77.965,55.13,64.02000000000001,94.53,79.515,56.5,60.09,76.855,22.08,79.765,69.28,4.87,18520.0497804847,1599.35807634817,1557.2321046225,13909.81968778,4424.93944225604,8029.59621757956,5870.78419932312,8115.19008968948,2506.3259134561,11431.6884026553,16718.7571859478,11159.0436441544,15749.2898915063,12429.5930878973,9861.56729836362,2838.1373477676,15108.509817752,15698.5913291825,7903.49373641788,6489.74114931265,10536.1063188908,2225.69857937946,6981.74878676337,8113.34640344667,Tubulin tyrosine ligase like 11,Q8NHH1,620694.0,gene,158135.0,TTLL11,ENSG00000175764,bacteria
sp|Q8NHH1|TTL11_HUMAN,sp,Q8NHH1,TTL11,HUMAN,0644875|tr|A0A934P9V5|A0A934P9V5_9STRE,644875,tr,A0A934P9V5,A0A934P9V5,AETVAE,34,39,AETVAE,399,404,FDASLAETVAENIKSY,6,,,,,,,,,,,,,,,,,,,,,,,weak,very_weak,,,very_weak,,weak,very_weak,,weak,very_weak,,,very_weak,,,,,weak,very_weak,,,very_weak,,,,,weak,very_weak,,,very_weak,,,very_weak,,,very_weak,,,,,,,,,very_weak,,,very_weak,,weak,very_weak,,,,,,,,weak,very_weak,20.34,44.905,45.075,21.005,39.06,22.880000000000003,43.095,3.32,18.72,9.625,4.565,14.495,2.645,13.185,25.065,14.67,14.23,14.87,29.685,29.44,10.795000000000002,19.485,6.055,30.05,55.61,2703.93420701418,3333.65912137488,3276.23196882202,3375.25204614881,4714.32806028537,5037.17332992615,6923.5242143274,166.446093080514,785.877671386433,412.294040121816,1602.61467093392,932.079610207669,537.936774388857,971.558282849567,3671.51578714062,246.391297847842,750.282059961063,1988.50449024323,4149.72143910451,1696.85360212958,756.354325269259,1099.19490946081,292.336597657872,1662.03876206711,Tubulin tyrosine ligase like 11,Q8NHH1,620694.0,gene,158135.0,TTLL11,ENSG00000175764,bacteria
sp|Q8NHH1|TTL11_HUMAN,sp,Q8NHH1,TTL11,HUMAN,0644875|tr|A0A934P8W3|A0A934P8W3_9STRE,644875,tr,A0A934P8W3,A0A934P8W3,ATAETV,32,37,ATAETV,56,61,LEMDEATAETVFSRVP,6,,,,,,,,,,,,,,,,,,,,,,,,,,,,,weak,very_weak,,,,,,very_weak,,,,,weak,very_weak,,,,,,,,weak,very_weak,,,,,weak,very_weak,,,very_weak,,,,,,,,,,,,,,,very_weak,,,,,,,,weak,very_weak,51.585,68.92500000000001,65.64,36.04,73.66,57.115,31.18,29.31,66.47,5.42,43.5,16.335,2.465,31.46,40.305,30.25,6.87,13.7,63.31,44.405,21.71,20.385,19.325,53.3,75.31,5394.02033661797,4883.52869738166,5880.12915472218,2360.30245883841,7293.38704295201,10831.0837968379,2511.15754917907,1675.76210556939,4084.72804631136,229.750212650218,7229.74692901448,1068.38016187563,734.8724017116,2062.50494136102,5199.19470292746,691.997396190722,500.878199216008,1590.36769143777,8406.7229921232,2829.39904277091,1281.97620721769,1661.75106071626,795.071786136032,4202.22350539113,Tubulin tyrosine ligase like 11,Q8NHH1,620694.0,gene,158135.0,TTLL11,ENSG00000175764,bacteria
sp|Q8NHH1|TTL11_HUMAN,sp,Q8NHH1,TTL11,HUMAN,0644875|tr|A0A934P8T5|A0A934P8T5_9STRE,644875,tr,A0A934P8T5,A0A934P8T5,ILPDEF,220,225,ILPDEF,552,557,KLGETILPDEFY,6,,,,,,,,,,,,,,,,,,,,,,,,,,,,,,,,,,,,,,,,,,,,,,,,,,weak,very_weak,,,,,,,,,,,,,,,,,,,,,,,,,,,,,,,,weak,very_weak,49.59,92.51,95.0,79.87,93.235,95.0,92.675,94.945,95.0,65.53999999999999,88.295,83.27000000000001,21.825000000000003,80.60499999999999,82.14500000000001,95.0,85.9,78.84,77.11500000000001,94.27,73.725,91.845,94.92,85.02000000000001,95.0,4372.16127979692,13280.936632684,22934.2424336787,13774.4298434305,18817.3747295657,30806.6239268804,19976.3502431937,18990.4109173698,23792.6108394855,8888.36199774034,19667.734002372,8888.26582815448,2090.90593710118,7075.821102232,11389.7116269565,17746.5571081592,9161.46133351285,9908.73442589472,13597.3307986942,15501.2809625933,4179.95834054934,12190.7846070282,16690.9228219593,10612.8775463218,Tubulin tyrosine ligase like 11,Q8NHH1,620694.0,gene,158135.0,TTLL11,ENSG00000175764,bacteria
sp|Q8NHH1|TTL11_HUMAN,sp,Q8NHH1,TTL11,HUMAN,0644875|tr|A0A934UDG1|A0A934UDG1_9STRE,644875,tr,A0A934UDG1,A0A934UDG1,LDPLEI,307,312,LDPLEI,68,73,IEKSQLDPLEIDFIVV,6,,weak,very_weak,,weak,very_weak,,,,,,,,,,,,,,,,,,,,,,,,,,,,,,,,,,,,,,,,,,,,,very_weak,,,,,,,,,,,,very_weak,,,,,,very_weak,,,,,,,,,,,,,,weak,very_weak,9.71,2.54,71.37,22.985,52.25,76.255,36.49,61.22,62.01,70.18,26.625,39.96,21.715,20.925,42.285,39.620000000000005,58.475,26.715,14.905,50.63,19.53,66.855,58.075,38.9,73.245,641.10583865204,193.009644186981,6286.27834856043,1481.48001068232,2555.97603195509,14311.3232552834,2848.59730134254,3409.05462802848,2937.23396498237,5701.51277567314,5716.39925006725,1172.84422739251,1517.56151807572,712.572849960444,3367.88316705932,728.113389134384,2765.23716917089,1263.92008506228,1206.763374004,2839.76533940017,619.704092492446,3693.38970674686,2547.44487702033,1537.17737156686,Tubulin tyrosine ligase like 11,Q8NHH1,620694.0,gene,158135.0,TTLL11,ENSG00000175764,bacteria
sp|Q8NHH1|TTL11_HUMAN,sp,Q8NHH1,TTL11,HUMAN,0644875|tr|A0A934P8V2|A0A934P8V2_9STRE,644875,tr,A0A934P8V2,A0A934P8V2,LLIDKL,289,294,LLIDKL,3,8,MSLLIDKLLEARP,6,,,,,,very_weak,,,,,weak,very_weak,,,,,,,,weak,very_weak,,,,,,,,,,,,,,,very_weak,,,,,,,,weak,very_weak,,,very_weak,,,,,,,,,,,,very_weak,,,,,,,,weak,very_weak,,,,,,,,,,,,,,weak,very_weak,24.525,11.38,47.935,5.885,47.400000000000006,30.655,2.505,82.22,29.79,79.58500000000001,53.035,15.525,58.985,4.865,12.375,64.575,58.64,10.945,37.8,23.555,8.015,76.33,77.22,39.71,44.75,2347.64416309336,699.033513199792,3917.56061744696,535.654230557986,3835.02458299683,6410.60093919393,227.398293674727,7783.07606724814,1476.35950894906,10533.3707140654,8869.14877229635,994.241213504241,5088.61071511829,280.846363798994,1645.87928128769,2532.65917251135,3672.03224828994,927.492224184327,3577.40304206637,1402.74940897851,421.906156842491,5828.69461344512,6708.92926154555,2490.02705272756,Tubulin tyrosine ligase like 11,Q8NHH1,620694.0,gene,158135.0,TTLL11,ENSG00000175764,bacteria
sp|Q8NHH1|TTL11_HUMAN,sp,Q8NHH1,TTL11,HUMAN,0644875|tr|A0A934P9G3|A0A934P9G3_9STRE,644875,tr,A0A934P9G3,A0A934P9G3,PKVLAP,60,65,PKVLAP,430,435,AYEATPKVLAPWDPMG,6,,,,,,,,,very_weak,,,,,,,,,,,,,,,,,,,,,,,,,,,,,,,,,,,,,,,,,,,,,,,,,,,,,,,,,,,,,,,,,,,,,,,weak,very_weak,,weak,very_weak,66.81,65.155,11.575,56.120000000000005,75.0,36.36,57.225,45.93,46.94,46.95,47.665,53.645,62.96,53.75,41.75,41.47,59.885,54.065,63.205,43.155,48.775,25.8,41.815,51.625,6.345000000000001,6872.7716699833,2699.69541748466,739.986807923504,6527.76961781662,5320.75278981718,6265.09309191946,7744.85415104795,1823.52331785533,4061.59099997181,1376.31963318467,6595.7841068876,3888.04376750925,4749.39833154489,3370.65372695907,4642.75169585956,651.165750682057,3865.30976024008,4917.30320445979,7156.97596113104,1921.18750970648,2446.41790975805,1149.93717053873,1323.84123968073,2641.38828832891,Tubulin tyrosine ligase like 11,Q8NHH1,620694.0,gene,158135.0,TTLL11,ENSG00000175764,bacteria
sp|Q8NHH1|TTL11_HUMAN,sp,Q8NHH1,TTL11,HUMAN,0644875|tr|A0A934PAX8|A0A934PAX8_9STRE,644875,tr,A0A934PAX8,A0A934PAX8,LSSKGV,375,380,LSSKGV,121,126,TVSMMLSSKGVAVDQF,6,,,,,,very_weak,,weak,very_weak,,,very_weak,,weak,very_weak,,weak,very_weak,,weak,very_weak,strong,weak,very_weak,,weak,very_weak,,,very_weak,,,very_weak,,,,,,very_weak,,,very_weak,,,,,,,,,very_weak,,weak,very_weak,,,very_weak,,,,,,very_weak,,,,,,,,weak,very_weak,strong,weak,very_weak,,,,,weak,very_weak,strong,weak,very_weak,32.37,16.650000000000002,3.61,15.56,8.285,4.585,8.345,0.57,7.83,14.475,11.395,25.295,15.83,27.92,34.535,2.63,19.98,28.215,12.865,20.085,34.145,8.26,1.325,20.16,2.515,2999.89622885898,162.620585010585,142.944844178328,1295.93623752139,110.669629759707,129.471124508414,551.497520831825,13.5022989425781,30.8793017050897,177.836910164095,1237.18444374797,1243.26321450356,1083.83045048925,1107.50371466425,2951.28253199239,9.88547405192626,312.366448203311,2225.50593519579,511.840643043488,202.22128784246,1511.1059343168,128.944080140293,22.6234058336437,285.759879600199,Tubulin tyrosine ligase like 11,Q8NHH1,620694.0,gene,158135.0,TTLL11,ENSG00000175764,bacteria
sp|Q8NHH1|TTL11_HUMAN,sp,Q8NHH1,TTL11,HUMAN,0644875|tr|A0A934P8W5|A0A934P8W5_9STRE,644875,tr,A0A934P8W5,A0A934P8W5,PVTVDS,128,133,PVTVDS,129,134,AYVYDPVTVDSMRDVS,6,,,,,,,,,,strong,weak,very_weak,,,,,,very_weak,,weak,very_weak,,,,,,,,,,,,,,,,,,,strong,weak,very_weak,,,,,,,,weak,very_weak,,,,,,,,,,,,,,weak,very_weak,,,,,,very_weak,,,,,weak,very_weak,,,,strong,weak,very_weak,22.915,22.095,42.425,1.6,53.595,10.46,9.96,21.865,39.61,21.175,37.48,42.355,1.6800000000000002,24.33,39.015,26.445,45.51,26.775,47.94,5.199999999999999,25.585,10.62,22.095,3.735,42.94,3255.94781052239,1670.76531079858,3744.08618082254,74.8656956855959,3474.10596737178,1996.9779576368,724.678818160658,1364.29548051669,1620.04875271834,1641.62865587126,9250.80931591307,3732.0335874744,798.511603474816,2146.44665774956,6974.12331570556,569.895910446795,3801.43780620395,3843.49873137735,5436.44043239028,239.149955758045,2119.72095350754,1257.69949052364,1229.57786878673,191.545050886651,Tubulin tyrosine ligase like 11,Q8NHH1,620694.0,gene,158135.0,TTLL11,ENSG00000175764,bacteria
sp|Q8NHH1|TTL11_HUMAN,sp,Q8NHH1,TTL11,HUMAN,0644875|tr|A0A934P9J5|A0A934P9J5_9STRE,644875,tr,A0A934P9J5,A0A934P9J5,SLSMAA,586,591,SLSMAA,240,245,FSKEISLSMAALLGGE,6,,,very_weak,,weak,very_weak,,,very_weak,,,very_weak,,weak,very_weak,,weak,very_weak,,weak,very_weak,strong,weak,very_weak,,weak,very_weak,,weak,very_weak,,weak,very_weak,,,very_weak,,,very_weak,,,very_weak,,,very_weak,,,,,,very_weak,strong,weak,very_weak,,weak,very_weak,,,very_weak,,weak,very_weak,,,,,,very_weak,,,,strong,weak,very_weak,,,,,,,strong,weak,very_weak,12.3,7.3,17.46,12.085,3.985,2.845,7.395,0.795,6.18,5.615,4.3950000000000005,19.295,10.185,14.755,24.27,1.685,3.765,12.795,7.425,22.27,12.88,21.04,1.025,25.72,26.71,828.397793702159,128.084755881353,299.754700922392,777.639214387302,60.4470108686082,110.059436108166,360.435080617939,10.7755362802213,12.3594270440091,131.231240640941,218.618872277098,364.651871107909,838.651759457847,245.329896792711,965.46994117601,8.32938248455684,62.2072778185945,570.068588729339,213.077206233627,272.194524139729,415.163435128376,211.096864575994,20.304915149191,339.927914642028,Tubulin tyrosine ligase like 11,Q8NHH1,620694.0,gene,158135.0,TTLL11,ENSG00000175764,bacteria
sp|Q8NHH1|TTL11_HUMAN,sp,Q8NHH1,TTL11,HUMAN,0644875|tr|A0A934UDE7|A0A934UDE7_9STRE,644875,tr,A0A934UDE7,A0A934UDE7,KRTFSS,365,370,KRTFSS,16,21,EYLQAKRTFSSFILGI,6,,,,,,,,weak,very_weak,,,,,,,,,,,,,,,very_weak,,,,,,,,,very_weak,,,very_weak,,,,,,,,,,,weak,very_weak,,,,,,,,,,,,very_weak,,,,,,,,,very_weak,,,,,,,,,,,weak,very_weak,,weak,very_weak,37.22,34.085,5.319999999999999,54.45,21.235,39.510000000000005,48.01,10.56,26.115,53.395,12.85,10.14,40.04,27.475,8.49,36.88,46.74,18.67,32.33,35.18,17.395,22.405,34.44,40.795,6.215000000000001,1651.14104859339,297.972970317864,76.1038281616257,2763.77151432706,76.7554622448038,1865.59233995835,3086.98847233545,37.6155386906284,418.478200651708,787.154160280212,903.786067493457,125.262843375363,1830.65981875068,195.424102743262,373.581484301019,67.9161937615286,668.209568534992,329.071234155776,903.815404264182,371.819269594561,216.338765810302,125.077302605385,131.894581628137,395.412356594424,Tubulin tyrosine ligase like 11,Q8NHH1,620694.0,gene,158135.0,TTLL11,ENSG00000175764,bacteria
sp|Q8NHH1|TTL11_HUMAN,sp,Q8NHH1,TTL11,HUMAN,0644875|tr|A0A934PAT8|A0A934PAT8_9STRE,644875,tr,A0A934PAT8,A0A934PAT8,TQVLQR,78,83,TQVLQR,371,376,EPTNNTQVLQRTVIRI,6,,,,,,very_weak,,,,,,,,,,,,,,,,,,,,,,,,,,,,,,,,,,,,,,,,,,,,,,,,,,weak,very_weak,,,,,,very_weak,,,,,,,,,very_weak,,,,,,,,,,,weak,very_weak,53.75,18.77,30.785,58.035,33.365,48.15,27.69,34.365,27.595,44.4,49.36,40.855,59.675,48.89,35.09,44.32,8.3,52.84,10.27,54.71,53.19,13.245,50.355,61.18,21.695,8381.92785614857,230.866575284762,884.496046191361,5507.24759458967,648.872973745393,4524.86894987723,1635.67143948463,630.648399202311,480.769745460977,2622.42293137587,6518.52377024058,2667.06209466063,5790.79009303789,2094.3928046363,3112.51120730906,232.083764347724,538.682296166666,4366.58275545091,611.564436994001,1466.28258869081,2357.75004498613,402.491346603484,1133.9738590152,2104.84278661861,Tubulin tyrosine ligase like 11,Q8NHH1,620694.0,gene,158135.0,TTLL11,ENSG00000175764,bacteria
sp|Q8NHH1|TTL11_HUMAN,sp,Q8NHH1,TTL11,HUMAN,0644875|tr|A0A934P9L4|A0A934P9L4_9STRE,644875,tr,A0A934P9L4,A0A934P9L4,LQAFVE,617,622,LQAFVE,71,76,AFSESLQAFVENTGIQ,6,,weak,very_weak,,,,,,,,,,,,very_weak,,,,,,,,,,,,,,,,,,,,,,,,,,weak,very_weak,,,,,,,,,,,,,,,very_weak,,,,,,,,,,,,,,weak,very_weak,,,very_weak,,,,,,,,weak,very_weak,4.535,52.01,44.015,44.32,11.0,61.155,58.56,25.74,48.3,33.12,52.42999999999999,31.735,8.695,36.400000000000006,35.785,40.83,18.05,32.73,35.555,45.06,35.89,3.595,13.74,25.45,50.04,753.55255738933,2588.98631866723,3013.26625977616,3622.86015228477,678.481855655172,9075.23444491404,8925.36814172729,496.292834499668,2888.60414999351,1053.73141895589,5709.90866955461,1373.38913722878,691.264033742351,1172.60314379828,3509.99972703315,449.396467242769,617.001159716581,2100.54291140642,4001.56987889196,2203.05744684217,1053.94806288966,624.929124111708,194.618051491336,1147.82396352273,Tubulin tyrosine ligase like 11,Q8NHH1,620694.0,gene,158135.0,TTLL11,ENSG00000175764,bacteria
sp|Q8NHH1|TTL11_HUMAN,sp,Q8NHH1,TTL11,HUMAN,0644875|tr|A0A934P8X4|A0A934P8X4_9STRE,644875,tr,A0A934P8X4,A0A934P8X4,AEEGNT,73,78,AEEGNT,19,24,VDSRQAEEGNTIRRRR,6,,,,,,,,,,,,,,,,,,,,,,,,,,,,,,,,,very_weak,,,,,,,,,,,,,,,,,,,,,,,,,,,,,,,,,,,,,,,,,,,,,,,,,,,very_weak,76.3,68.5,78.965,54.21,76.69,46.86,41.075,52.575,61.215,60.23,13.045,45.105,77.15,47.315,35.15,40.705,66.35499999999999,44.19500000000001,82.32,65.505,36.645,44.42,63.24,70.84,64.52,19116.9907383619,6046.9127565224,11758.7347294957,9064.3416725804,11470.9649226814,10187.4701136828,5978.40988502884,7267.62814253254,6095.06087821574,4642.75169585956,4524.23253961165,7881.46187684935,9985.36294822546,8079.88188738133,9356.40362661755,2066.36919822102,7185.91828535664,11160.1303424667,17155.2454807647,8462.11673461083,5125.96612494198,4320.38657407392,7182.26496234374,10955.5460371402,Tubulin tyrosine ligase like 11,Q8NHH1,620694.0,gene,158135.0,TTLL11,ENSG00000175764,bacteria
sp|Q8NHH1|TTL11_HUMAN,sp,Q8NHH1,TTL11,HUMAN,0644875|tr|A0A934PAT8|A0A934PAT8_9STRE,644875,tr,A0A934PAT8,A0A934PAT8,NTQVLQ,77,82,NTQVLQ,370,375,IEPTNNTQVLQRTVIR,6,,,,,,very_weak,,,,,,,,,,,,,,,,,,,,,,,,,,,,,,,,,,,,,,,,,,,,,,,,,,weak,very_weak,,,,,,very_weak,,,,,,,,weak,very_weak,,,,,,,,,,,weak,very_weak,56.120000000000005,12.305,44.81,71.27,49.095,51.900000000000006,35.565,58.765,43.135,45.9,61.385,45.495000000000005,51.98,49.915,45.175,48.83,7.925,52.965,15.57,56.15,49.15,7.785,63.86,60.87,28.270000000000003,9702.49418014538,353.575108146258,2046.76568376387,7656.86749158014,1630.4589698955,6160.23294858635,2679.23861204093,2014.40385614743,1066.26684129905,2445.94150156249,9425.90469018567,4679.82055104442,4972.35615342542,3658.74659803904,4822.9841170949,479.917403084889,555.624202309042,7317.2576961501,1106.7849713103,2281.5342352752,3446.69945228416,648.613261251152,2224.90402958579,3056.67698555099,Tubulin tyrosine ligase like 11,Q8NHH1,620694.0,gene,158135.0,TTLL11,ENSG00000175764,bacteria
sp|Q8NHH1|TTL11_HUMAN,sp,Q8NHH1,TTL11,HUMAN,0644875|tr|A0A934P9M8|A0A934P9M8_9STRE,644875,tr,A0A934P9M8,A0A934P9M8,KQVFPK,533,538,KQVFPK,86,91,FMDGGKQVFPKDKELV,6,,,,,,,,,,,,,,,,,,,,,,,,,,,,,,,,,,,,,,,,,,,,,,,,,,,,,,,,,,,,,,,,,,,,,,,,,,,,,,,,,,,,,76.525,48.64,61.175,82.455,63.835,77.545,43.245000000000005,80.72999999999999,37.33,67.535,75.905,72.11000000000001,84.08500000000001,75.0,61.705,84.725,86.11,68.525,50.505,86.815,77.55,61.545,81.755,85.795,43.18,14109.2960052151,4177.56203790119,8594.90003622123,11386.5079895743,7414.9681058887,19915.0607877807,8550.00814534739,8247.52531649081,4548.92211337521,2975.49010047444,20270.7189045123,12012.9717764737,10583.1784726089,11922.8470743318,11241.5701449942,4694.83242488358,9833.65149208248,14569.4276066713,8508.5722488848,10679.3411195177,8176.79815338852,4033.78124220653,5440.1474237232,9532.25992136229,Tubulin tyrosine ligase like 11,Q8NHH1,620694.0,gene,158135.0,TTLL11,ENSG00000175764,bacteria
sp|Q8NHH1|TTL11_HUMAN,sp,Q8NHH1,TTL11,HUMAN,0283361|tr|A0A415ZMT1|A0A415ZMT1_9BACT,283361,tr,A0A415ZMT1,A0A415ZMT1,EATAET,31,36,EATAET,96,101,KGAFDEATAETKFQAW,6,,,,,,,,,,,,,,,,,,,,,,,,,,,,,,,,,,,,,,weak,very_weak,,,very_weak,,,,,,,,,,,,very_weak,,,,,,,,,,,,,,,,,,,,,very_weak,,,,,,,,weak,very_weak,68.63,69.99000000000001,41.3,32.375,78.52,26.945,42.415,26.82,50.45,27.475,23.465,50.66,19.36,49.415,33.275,18.965,32.075,46.565,65.055,22.91,49.45,29.995,15.16,38.285,32.985,9816.00528765936,4767.88229680004,4464.13163290494,5409.62554835905,8780.63641988016,7381.74799528686,5928.68099001612,2104.43289575331,6936.72111110163,1982.74677447933,6262.31444463853,3832.90896685732,1732.73513875857,4582.36525771835,5990.06454291918,398.082417587563,2531.12507991732,5634.66660408585,9515.97820598107,1636.92845200881,2980.48437936269,2805.40852818813,811.972162216299,3239.88806259787,Tubulin tyrosine ligase like 11,Q8NHH1,620694.0,gene,158135.0,TTLL11,ENSG00000175764,bacteria
sp|Q8NHH1|TTL11_HUMAN,sp,Q8NHH1,TTL11,HUMAN,0283361|tr|A0A3R6LSS6|A0A3R6LSS6_9BACT,283361,tr,A0A3R6LSS6,A0A3R6LSS6,KAEAEA,27,32,KAEAEA,953,958,KAEAEKAEAEAVEIEE,6,,,,,,,,,,,,,,,,,,,,,,,,,,,,,weak,very_weak,,,very_weak,,,,,,,strong,weak,very_weak,,,,,,,strong,weak,very_weak,,,,,,,,,,,,,,,,,,,,,,,,,,,,,,,strong,weak,very_weak,45.475,72.445,74.52,55.315,68.445,66.58,77.27,30.130000000000003,72.77,5.42,13.75,61.155,0.4549999999999999,61.365,53.965,39.07,20.865,57.48,71.765,62.620000000000005,46.870000000000005,39.48,25.64,63.30499999999999,80.2,7262.12583771479,11955.5294344849,14082.6058770084,12102.0753677303,15471.1206654568,20408.7029944151,18649.1434011947,3074.15601405725,9797.43664755788,315.597169793011,4659.86255458415,9285.80735773213,360.497483261776,9103.262363669,13257.3912553115,2161.01089465032,1644.63318980898,12783.8049671989,16974.6701649746,10701.4336272956,5289.927677622,5073.2727957135,1952.85455102042,9706.90429321992,Tubulin tyrosine ligase like 11,Q8NHH1,620694.0,gene,158135.0,TTLL11,ENSG00000175764,bacteria
sp|Q8NHH1|TTL11_HUMAN,sp,Q8NHH1,TTL11,HUMAN,0283361|tr|A0A416A1C5|A0A416A1C5_9BACT,283361,tr,A0A416A1C5,A0A416A1C5,VLLKSL,302,307,VLLKSL,21,26,IIPTTVLLKSLFVNNC,6,,,,,,,,,,,,,,,very_weak,,,,,,,,,,,,,,,,,,,,weak,very_weak,,,,,,,,,very_weak,,,,,,,,,very_weak,,,,,weak,very_weak,,weak,very_weak,,,,,,very_weak,,,,,,,,,,,,,,weak,very_weak,47.54,38.505,24.1,51.38,11.26,51.260000000000005,39.065,32.1,43.485,60.47,46.875,5.525,64.585,12.99,22.75,10.595,54.565,9.895,7.51,49.785,17.22,42.12,51.005,42.615,31.02,3190.87033867139,385.793921873953,664.331192472939,4063.83283966742,135.622423699153,3370.87255241792,1773.97601426753,288.187970612773,607.561083696017,1914.81654206689,2156.29295721156,70.7292699078505,5231.58505268797,124.707045133748,499.336051696479,45.355637226738,1293.70869704061,151.661923748194,273.185873404877,1230.65594568594,214.906316392678,653.438348246311,768.671637971161,663.096020569915,Tubulin tyrosine ligase like 11,Q8NHH1,620694.0,gene,158135.0,TTLL11,ENSG00000175764,bacteria
sp|Q8NHH1|TTL11_HUMAN,sp,Q8NHH1,TTL11,HUMAN,0283361|tr|A0A3R6IM49|A0A3R6IM49_9BACT,283361,tr,A0A3R6IM49,A0A3R6IM49,LLDEKR,654,659,LLDEKR,48,53,ELAPALLDEKRYKEYW,6,,,,,,,,,,,,,,,,,,,,weak,very_weak,,,,,,,,,,,,,,,,,,,,,,,,,,,,,,,,,,,,,,,,,,very_weak,,,,,,,,,,,,,,,,,,,,weak,very_weak,65.845,22.455,55.675,49.61,55.695,61.855,3.98,84.305,39.25,81.87,70.73500000000001,42.900000000000006,64.915,52.955,43.55,72.52000000000001,78.81,57.415,15.35,70.235,53.165,61.485,74.60499999999999,67.755,27.98,9049.64247887945,936.47687939742,6806.61265209971,5588.64347962801,5471.55187346215,14139.7079654579,285.883580708233,10056.4889227427,4523.5962188554,8694.324292768,13350.2349572525,4442.92973852375,5792.54470062412,4192.8677076273,5171.59120548837,3377.663192553,6195.79425068829,7168.3682417665,2086.81515596414,6434.36644062566,2990.59517064628,4752.58542150695,6634.86467661544,6745.46814453417,Tubulin tyrosine ligase like 11,Q8NHH1,620694.0,gene,158135.0,TTLL11,ENSG00000175764,bacteria
sp|Q8NHH1|TTL11_HUMAN,sp,Q8NHH1,TTL11,HUMAN,0283361|tr|A0A416AAQ5|A0A416AAQ5_9BACT,283361,tr,A0A416AAQ5,A0A416AAQ5,AAEEGN,72,77,AAEEGN,208,213,LELVVAAEEGNEKIEI,6,,,,,,,,,,,,,,,,,,,,,,,,,,,,,,,,,,,,,,,,,weak,very_weak,,,,,,,,weak,very_weak,,,,,,,,,,,,,,,,,,,,,,,,,,,,,,,,weak,very_weak,45.51,42.075,44.445,42.15,51.045,49.30499999999999,23.665,51.005,55.805,35.2,45.21,68.875,3.455,49.0,45.215,45.29,48.91,55.400000000000006,50.24,39.655,44.7,43.175,22.105,33.145,53.51,4687.62478272221,3511.78511964193,4089.10577984456,7079.03730319812,6662.48852425116,13888.9157490162,4193.50287831855,5731.8207073499,6060.93019711977,2946.40094359599,9419.99134629584,8017.44244187431,660.239544622779,5324.03525573946,9894.16454613763,1841.90516751075,2602.77693629112,9232.11108936395,7593.42352446513,3468.17197007926,3654.39463738262,3592.21960290749,1366.51148447268,2618.65189872898,Tubulin tyrosine ligase like 11,Q8NHH1,620694.0,gene,158135.0,TTLL11,ENSG00000175764,bacteria
sp|Q8NHH1|TTL11_HUMAN,sp,Q8NHH1,TTL11,HUMAN,0283361|tr|A0A3R6LPN4|A0A3R6LPN4_9BACT,283361,tr,A0A3R6LPN4,A0A3R6LPN4,AAKAAA,21,26,AAKAAA,266,271,TERWQAAKAAAKDLLD,6,,,,,,,,weak,very_weak,,,,,,,,weak,very_weak,,,,,weak,very_weak,,,very_weak,strong,weak,very_weak,strong,weak,very_weak,,,,strong,weak,very_weak,,,very_weak,,,,,,very_weak,,,,,weak,very_weak,,,very_weak,,,,,,,,weak,very_weak,,,,strong,weak,very_weak,strong,weak,very_weak,,,,,weak,very_weak,strong,weak,very_weak,32.875,37.39,4.705,24.705,34.77,3.72,24.75,5.720000000000001,17.825,1.56,1.525,47.02,15.27,45.195,16.580000000000002,2.875,11.62,46.985,49.705,7.814999999999999,33.95,0.36,1.49,21.18,5.86,5196.77633778429,1100.62300178413,289.654090306096,4149.04800776513,1453.61402197396,567.889287404348,2751.80622877488,169.495618965667,987.16657389456,63.0543291663335,703.19816991279,4853.97596966521,1809.00089733068,3831.91378666953,2786.50134243119,24.7268857825432,559.878678259776,6824.23683320508,5249.95712378636,355.446940370279,2797.01308555173,67.419066990997,60.9434801796632,1030.43797982028,Tubulin tyrosine ligase like 11,Q8NHH1,620694.0,gene,158135.0,TTLL11,ENSG00000175764,bacteria
sp|Q8NHH1|TTL11_HUMAN,sp,Q8NHH1,TTL11,HUMAN,0283361|tr|A0A416A1G0|A0A416A1G0_9BACT,283361,tr,A0A416A1G0,A0A416A1G0,QNLFPE,205,210,QNLFPE,144,149,CKECHQNLFPEGINQD,6,,,,,,,,,,,,,,,,,,,,,,,,,,,,,,,,,,,,,,,,,,,,,,,,,,,,,,,,,,,,,,,,,,,,,,,,,,,,,,,,,,,,,41.14,69.185,88.595,48.345,84.75999999999999,64.405,66.245,75.325,71.745,73.86500000000001,71.005,55.385,32.95,61.19,76.43,51.595,74.63499999999999,58.055,76.495,53.55500000000001,56.745000000000005,61.99,81.57,33.85,86.045,4781.21044769943,5472.43996019911,10967.7621105469,6903.77592927383,9433.35262366864,10041.4844880077,12304.8825061607,7091.30289526782,6805.50805114222,7973.23706691955,17292.9655280255,4996.62509301354,2599.23100876656,5689.18829447418,10841.8706377878,1550.3561273393,6893.25163637831,8264.85535901998,10418.5507725155,5014.55182111527,4527.41548628479,3264.3430299312,5462.73803422994,2461.23267861998,Tubulin tyrosine ligase like 11,Q8NHH1,620694.0,gene,158135.0,TTLL11,ENSG00000175764,bacteria
sp|Q8NHH1|TTL11_HUMAN,sp,Q8NHH1,TTL11,HUMAN,0283361|tr|A0A3R6QYU5|A0A3R6QYU5_9BACT,283361,tr,A0A3R6QYU5,A0A3R6QYU5,RLMDPL,482,487,RLMDPL,435,440,VSIGRRLMDPLAELVK,6,,,very_weak,,,,,,,,,,,,,,,,,,,,,,,,,,,,strong,weak,very_weak,,,very_weak,,,,,,,,,very_weak,,weak,very_weak,,,,,,,,,,,,very_weak,,,,,,,,weak,very_weak,,,,,,,,,,,,,strong,weak,very_weak,17.335,20.755,44.6,20.89,46.24,34.12,25.19,37.56,51.75,53.09,1.135,13.865,22.205,11.965,4.145,25.67,53.51,11.195,40.545,29.22,4.59,43.855,37.355,27.74,40.85,1097.97060813416,267.896598377634,1530.85365387603,851.010012729272,975.571638590903,3543.31109000762,1050.04391673612,1204.74124871334,1299.65733144068,2227.79466193628,458.254349717071,424.580516998768,1719.97758116051,277.806012904918,589.335153818472,160.357897297967,1808.86389159867,548.053380424756,1993.39443819874,670.940799696883,231.499416125019,697.084880264769,934.15941547246,538.973796159203,Tubulin tyrosine ligase like 11,Q8NHH1,620694.0,gene,158135.0,TTLL11,ENSG00000175764,bacteria
sp|Q8NHH1|TTL11_HUMAN,sp,Q8NHH1,TTL11,HUMAN,0283361|tr|A0A3R6L1Y3|A0A3R6L1Y3_9BACT,283361,tr,A0A3R6L1Y3,A0A3R6L1Y3,TGSKRT,362,367,TGSKRT,118,123,VVGYATGSKRTISGAV,6,,,,,,,,,very_weak,,,,,,,,,,,,,,,,,,,,,,,,,,,,,,very_weak,,,,,,,,,,,,,,,,,,,,,,,,,,,,,,,,weak,very_weak,,,very_weak,,,,,weak,very_weak,,weak,very_weak,88.785,61.265,14.355,39.95,50.665,29.79,29.28,26.44,25.68,25.415,41.6,50.970000000000006,78.405,60.11,44.02,26.615,49.64,53.375,52.24,51.58,56.235,4.859999999999999,16.965,63.315,6.445,18205.1508643199,3158.41090372522,1186.15477189744,7598.76574813142,1404.19200683088,5799.63119941995,3795.84814264452,573.247780949915,2633.597668627,616.580726633922,9052.48246304219,9091.05713831088,11303.8958753304,9360.15004234503,8361.54728872656,362.774738454435,3125.57140702807,12567.799933469,7090.22880806853,3044.92579798509,8344.9173518331,488.810640353208,612.643958282173,5150.98479986761,Tubulin tyrosine ligase like 11,Q8NHH1,620694.0,gene,158135.0,TTLL11,ENSG00000175764,bacteria
sp|Q8NHH1|TTL11_HUMAN,sp,Q8NHH1,TTL11,HUMAN,0283361|tr|A0A3R6LPN4|A0A3R6LPN4_9BACT,283361,tr,A0A3R6LPN4,A0A3R6LPN4,AAKAAAK,21,27,AAKAAAK,266,272,TERWQAAKAAAKDLLDN,7,,,,,,,,weak,very_weak,,,,,,,,weak,very_weak,,,,,weak,very_weak,,,very_weak,strong,weak,very_weak,strong,weak,very_weak,,,,strong,weak,very_weak,,,very_weak,,,,,,very_weak,,,,,weak,very_weak,,,very_weak,,,,,,,,weak,very_weak,,,,strong,weak,very_weak,strong,weak,very_weak,,,,,weak,very_weak,strong,weak,very_weak,32.875,37.39,4.705,24.705,34.77,3.72,24.75,5.720000000000001,17.825,1.56,1.525,47.02,15.27,45.195,16.580000000000002,2.875,11.62,46.985,49.705,7.814999999999999,33.95,0.36,1.49,21.18,5.86,5196.77633778429,1100.62300178413,289.654090306096,4149.04800776513,1453.61402197396,567.889287404348,2751.80622877488,169.495618965667,987.16657389456,63.0543291663335,703.19816991279,4853.97596966521,1809.00089733068,3831.91378666953,2786.50134243119,24.7268857825432,559.878678259776,6824.23683320508,5249.95712378636,355.446940370279,2797.01308555173,67.419066990997,60.9434801796632,1030.43797982028,Tubulin tyrosine ligase like 11,Q8NHH1,620694.0,gene,158135.0,TTLL11,ENSG00000175764,bacteria
sp|Q8NHH1|TTL11_HUMAN,sp,Q8NHH1,TTL11,HUMAN,0283361|tr|A0A3R6IMX0|A0A3R6IMX0_9BACT,283361,tr,A0A3R6IMX0,A0A3R6IMX0,VTVDSS,129,134,VTVDSS,119,124,QENLLVTVDSSSVNHK,6,,,very_weak,,weak,very_weak,,,,,weak,very_weak,,weak,very_weak,,weak,very_weak,,weak,very_weak,,weak,very_weak,,weak,very_weak,,,,,,,,,,,,,,,very_weak,,,,,,,,,very_weak,,weak,very_weak,,weak,very_weak,,,,,,very_weak,,weak,very_weak,,,,,,very_weak,,,very_weak,,weak,very_weak,,,,,weak,very_weak,12.415,8.935,21.380000000000003,3.41,6.87,7.64,3.24,2.77,8.235,23.655,25.71,39.405,11.275,24.625,43.09,7.734999999999999,9.29,33.175,11.075,3.67,31.38,19.48,10.53,7.095000000000001,34.78,1910.36737257402,393.811254199901,1017.16753763356,294.606925400648,345.142373052632,1215.37232781332,292.779755618047,113.594596629059,158.843466480186,1215.70112375805,5511.83772063447,3662.66779364622,1493.93877265443,2189.01496540212,6849.9804506554,88.8088213241676,343.622110604796,5117.65359969781,1416.15401842446,177.151311464022,2168.52945609272,756.272493835291,403.760610063445,317.766088348182,Tubulin tyrosine ligase like 11,Q8NHH1,620694.0,gene,158135.0,TTLL11,ENSG00000175764,bacteria
sp|Q8NHH1|TTL11_HUMAN,sp,Q8NHH1,TTL11,HUMAN,0283361|tr|A0A416A3Q8|A0A416A3Q8_9BACT,283361,tr,A0A416A3Q8,A0A416A3Q8,DPLEIY,308,313,DPLEIY,167,172,RANYSDPLEIYVPKRD,6,,,,,,,,,,,,very_weak,,,,,,,,,,,,,,,,,,,,,,,,,,,,,,,,,,,,,,,,,,,,,,,,,,,,,,,,,,,,,,,,,,,,,,,,very_weak,21.945,75.81,63.71,18.61,26.815,59.940000000000005,29.765,34.115,62.145,40.595,50.81,31.085,31.26,38.84,40.69,43.82,34.555,31.135,49.475,64.975,26.93,24.095,26.07,48.655,71.66,1883.74593455465,5108.02795671035,7337.5535947218,1280.24354188172,2366.66998181061,12436.3191791725,2536.27892779731,1785.89699255176,3487.73988872092,1526.43758196869,9821.10454773431,2031.03665479278,1693.35054331441,2520.87605669205,5342.09614867015,1415.08185142232,2200.10369119487,3557.40904940698,7092.53062273585,4988.19847599054,1735.43692761436,2141.50562513252,1225.07615514821,4302.70625783803,Tubulin tyrosine ligase like 11,Q8NHH1,620694.0,gene,158135.0,TTLL11,ENSG00000175764,bacteria
sp|Q8NHH1|TTL11_HUMAN,sp,Q8NHH1,TTL11,HUMAN,0283361|tr|A0A3R6LQL1|A0A3R6LQL1_9BACT,283361,tr,A0A3R6LQL1,A0A3R6LQL1,MVKDDD,234,239,MVKDDD,161,166,TFDDYMVKDDDVVSVN,6,,weak,very_weak,,,,,,,,weak,very_weak,,,,,,very_weak,,weak,very_weak,,,,,,,,,,,,,,,,,,,,,very_weak,,,,,,,,weak,very_weak,,,,,,,,,,,,,,weak,very_weak,,,,,,,,,,,,,,,,,weak,very_weak,8.135,26.845,39.53,2.1100000000000003,48.95,19.515,3.3150000000000004,45.975,20.67,48.87,61.475,48.8,16.42,44.02,62.18,39.27,61.38,49.26,47.95,6.535,52.115,24.445,46.91,22.035,46.620000000000005,1144.94632216055,2238.23206944747,5861.96147435957,195.959790307535,5693.19082590822,4620.80145646048,352.517002166941,5123.3046489054,816.067648002192,5837.5304295423,16793.4515639669,7030.79526900016,1786.68941169108,6584.30435617793,12312.7400438213,1953.48853750667,6324.55144128809,9507.539166688,7682.59274907729,495.466577185999,5475.81600460309,2706.91996307606,4970.47351722819,1497.82319461154,Tubulin tyrosine ligase like 11,Q8NHH1,620694.0,gene,158135.0,TTLL11,ENSG00000175764,bacteria
sp|Q8NHH1|TTL11_HUMAN,sp,Q8NHH1,TTL11,HUMAN,0283361|tr|A0A416A8S6|A0A416A8S6_9BACT,283361,tr,A0A416A8S6,A0A416A8S6,GTMKLG,564,569,GTMKLG,109,114,YEKKTGTMKLGGAINE,6,,,,,,,,,,,,,,,,,,,,,,,,,,,,,,,,,,,,,,,,,,,,,,,,,,,,,,,,,very_weak,,,,,,,,,,,,,,,,,,,,,,,,,,,very_weak,86.63,54.425,47.86,87.76,68.75999999999999,69.95500000000001,79.825,56.17999999999999,64.81,26.35,48.065,81.52000000000001,62.595,72.995,57.93,42.44,17.64,81.185,68.75,77.64500000000001,71.925,22.115,48.88,72.055,30.905,17654.056349199,3041.17233521312,2577.88930267349,14984.4572133674,4147.11811022278,12360.7931716656,12249.6223453923,1603.01353907655,4539.72759067719,841.414805021821,7408.7930985773,11536.4346410223,5755.87161615168,9813.881377453,8052.5649171136,452.749361435135,1275.97043608047,13934.3730227342,8177.32899747775,5344.75562405025,7991.20115426428,729.517028877495,1468.74370397926,5353.37910489642,Tubulin tyrosine ligase like 11,Q8NHH1,620694.0,gene,158135.0,TTLL11,ENSG00000175764,bacteria
sp|Q8NHH1|TTL11_HUMAN,sp,Q8NHH1,TTL11,HUMAN,0283361|tr|A0A3R6LQC9|A0A3R6LQC9_9BACT,283361,tr,A0A3R6LQC9,A0A3R6LQC9,NDIFSG,175,180,NDIFSG,389,394,TNAVNNDIFSGFYIYK,6,,,,,,,,,,,weak,very_weak,,,very_weak,,,,,,,,,,,,,,,,,,,,,,,,,,,,,,,,,,,,,,,,,,,,,,,,,,,,,,,,,,,,,,,,,,,,weak,very_weak,25.855,71.795,70.685,9.69,11.535,43.5,20.55,35.06,39.145,68.175,66.75,22.435,51.635,45.25,41.790000000000006,43.21,53.45,23.78,34.775,62.715,38.755,45.52,47.595,65.11500000000001,64.69,1466.72687185638,2519.78527994769,3319.01113016208,392.69646601756,167.229525919912,2692.19884790282,1366.12711940548,592.782115551065,624.915601068891,2697.33043539954,8498.35962672567,333.819234023517,2839.05873780336,911.623307250379,1627.23382344173,362.057148080897,1603.3778097316,571.266440510098,1593.2094525881,2122.75052464349,699.941709176096,1179.33397281114,719.11757143503,2026.29551802086,Tubulin tyrosine ligase like 11,Q8NHH1,620694.0,gene,158135.0,TTLL11,ENSG00000175764,bacteria
sp|Q8NHH1|TTL11_HUMAN,sp,Q8NHH1,TTL11,HUMAN,0283361|tr|A0A3R6N4P1|A0A3R6N4P1_9BACT,283361,tr,A0A3R6N4P1,A0A3R6N4P1,VFENVP,460,465,VFENVP,163,168,EPKMFVFENVPGILSA,6,,weak,very_weak,,,very_weak,,weak,very_weak,strong,weak,very_weak,strong,weak,very_weak,strong,weak,very_weak,,weak,very_weak,,weak,very_weak,,weak,very_weak,,,,,weak,very_weak,,weak,very_weak,,weak,very_weak,,,,,weak,very_weak,,,very_weak,,,very_weak,strong,weak,very_weak,,,,,weak,very_weak,,,very_weak,strong,weak,very_weak,,weak,very_weak,,,very_weak,,weak,very_weak,strong,weak,very_weak,,weak,very_weak,strong,weak,very_weak,5.2,11.275,6.305000000000001,1.84,0.3299999999999999,0.7949999999999999,9.925,3.61,2.835,34.870000000000005,7.535,9.5,20.05,3.675,10.025,0.93,45.49,5.46,13.355,0.91,4.5,12.785,5.68,1.9,7.575,458.963922607181,241.187223118538,197.186996388989,118.485405951909,26.5649802266944,48.6750211788758,845.000263817515,62.1958366986325,19.9955493628061,1374.75691634151,1210.60821818668,228.406826794294,1649.15922612454,211.932180677484,894.979472301374,9.16292698510038,1519.77979445268,316.880280366595,678.753527891244,36.4851545542608,241.192442359567,211.900080279892,100.214255441082,45.7335993670055,Tubulin tyrosine ligase like 11,Q8NHH1,620694.0,gene,158135.0,TTLL11,ENSG00000175764,bacteria
sp|Q8NHH1|TTL11_HUMAN,sp,Q8NHH1,TTL11,HUMAN,0283361|tr|A0A3R6JBM8|A0A3R6JBM8_9BACT,283361,tr,A0A3R6JBM8,A0A3R6JBM8,AVAAAK,18,23,AVAAAK,84,89,QGKEAAVAAAKRANYE,6,,,,,,,,,very_weak,,,,,,,,,,,weak,very_weak,,,,,,very_weak,strong,weak,very_weak,,weak,very_weak,,,,,weak,very_weak,,,,,,,,,,,,,,,,,weak,very_weak,,,,,,very_weak,,,,,,,,weak,very_weak,,,very_weak,,,,,weak,very_weak,strong,weak,very_weak,67.425,31.655,10.17,51.57,32.12,33.445,6.93,26.57,18.005,1.9,3.43,52.385000000000005,25.01,52.88,26.67,20.105,2.565,57.09,11.985,38.99,48.12,2.13,15.74,54.455,7.805,16442.667532447,1506.02968228144,773.092234823849,9075.0380629897,2413.50129966499,6344.29008944968,1162.79901039052,1361.56735751002,1586.98143872745,65.3202214956275,1328.54774951009,9290.63118833688,3094.68016103065,7846.32159695909,5695.59369628003,261.521435810018,228.691204470375,11112.5358162575,1349.64288142506,2685.24601182359,5556.02591133153,357.47949638865,546.200487262842,4529.2773230141,Tubulin tyrosine ligase like 11,Q8NHH1,620694.0,gene,158135.0,TTLL11,ENSG00000175764,bacteria
sp|Q8NHH1|TTL11_HUMAN,sp,Q8NHH1,TTL11,HUMAN,0283361|tr|A0A415ZUU3|A0A415ZUU3_9BACT,283361,tr,A0A415ZUU3,A0A415ZUU3,AEATAE,30,35,AEATAE,1104,1109,LTDRLAEATAEYLHEK,6,,,very_weak,,,,,,,,,,,,,,,,,,,,weak,very_weak,,,,,weak,very_weak,,weak,very_weak,,,,,,,,weak,very_weak,,,,,,,strong,weak,very_weak,,weak,very_weak,,,very_weak,,,,,,,,,,,,very_weak,,,,,weak,very_weak,,,,,,,strong,weak,very_weak,17.015,34.85,47.77,21.22,23.270000000000003,25.590000000000003,32.81,5.36,27.635,6.904999999999999,4.16,25.63,2.185,21.53,20.1,4.985,11.33,22.45,25.445,35.035000000000004,13.57,26.950000000000003,2.825,39.67,49.35000000000001,2841.42500829171,2734.32514340057,4000.22792489379,3045.38706882852,1994.51629422767,6754.74354345049,5119.25963609179,256.175125838198,1522.56131873588,409.42675687956,1583.65379963016,1934.76750179713,482.677387006277,1770.77350591469,3174.10112174372,72.7212660473037,719.530066408203,3142.25422260677,3948.28397793436,2396.09441070721,948.273835677658,1252.56615982026,157.675660408676,2380.20333593097,Tubulin tyrosine ligase like 11,Q8NHH1,620694.0,gene,158135.0,TTLL11,ENSG00000175764,bacteria
sp|Q8NHH1|TTL11_HUMAN,sp,Q8NHH1,TTL11,HUMAN,0283361|tr|A0A3R6LPN4|A0A3R6LPN4_9BACT,283361,tr,A0A3R6LPN4,A0A3R6LPN4,AKAAAK,22,27,AKAAAK,267,272,ERWQAAKAAAKDLLDN,6,,,,,,,,weak,very_weak,,,,,,,,weak,very_weak,,,,,weak,very_weak,,,,,weak,very_weak,,weak,very_weak,,,,strong,weak,very_weak,,,very_weak,,,,,,very_weak,,,,,weak,very_weak,,,very_weak,,,,,,,,,very_weak,,,,strong,weak,very_weak,,weak,very_weak,,,,,,very_weak,strong,weak,very_weak,38.21,39.06,8.91,32.825,49.975,6.295,26.85,9.865,28.21,2.985,2.435,51.29,15.27,51.875,19.51,5.185,15.37,57.135000000000005,51.73,14.41,38.535,1.56,3.68,29.74,10.56,6168.43664587611,1303.84046427462,375.043524611169,4735.95388810461,1975.67994757158,759.289730541972,2967.32401436341,217.4228939047,1391.44250187226,77.318086295704,841.751717556237,5490.82605964102,1809.00089733068,4449.42413493935,3213.45990424098,32.1339696644746,684.032225704699,7377.03723532054,5954.78196423013,453.818527066758,3254.89112302607,153.126108571055,73.9663375502665,1143.74531017367,Tubulin tyrosine ligase like 11,Q8NHH1,620694.0,gene,158135.0,TTLL11,ENSG00000175764,bacteria
sp|Q8NHH1|TTL11_HUMAN,sp,Q8NHH1,TTL11,HUMAN,0283361|tr|A0A3R6N6T0|A0A3R6N6T0_9BACT,283361,tr,A0A3R6N6T0,A0A3R6N6T0,DPSDIR,264,269,DPSDIR,103,108,LLKPIDPSDIRKALDK,6,,,,,weak,very_weak,,,very_weak,,,,,,,,,,,,very_weak,,,,,,very_weak,,,very_weak,,,,,,,,,,,,,,,,,,,,,,,,,strong,weak,very_weak,,,,,,,,,,,,,,weak,very_weak,,,very_weak,,,,,,,strong,weak,very_weak,48.335,8.755,17.78,45.895,32.655,26.345,17.585,22.7,18.6,10.6,45.18,48.39,57.875,41.62,53.315,28.725,1.65,53.92,29.68,21.755,53.695,5.125,16.34,31.5,25.265,8721.83636342573,493.764759930295,1323.61208081773,5582.78117178043,1709.31017726709,4834.26896036905,2535.75758384934,696.172858635445,663.749226315345,458.264266245289,8361.54728872656,6542.2646363359,5736.78421754075,4626.65469805809,9044.06303741844,228.443899470968,183.570961693559,9718.25379072327,2248.6453863826,1235.13807063413,4616.50379619507,746.839878944783,587.72411150926,1603.117607961,Tubulin tyrosine ligase like 11,Q8NHH1,620694.0,gene,158135.0,TTLL11,ENSG00000175764,bacteria
sp|Q8NHH1|TTL11_HUMAN,sp,Q8NHH1,TTL11,HUMAN,0283361|tr|A0A3R6IN83|A0A3R6IN83_9BACT,283361,tr,A0A3R6IN83,A0A3R6IN83,KITLSR,194,199,KITLSR,200,205,VTENTKITLSRSYDEG,6,,,,,,,,,,,,,,,,,,,,,,,weak,very_weak,,,,,,,,,,,,,,,,,,,,,,,,,,,,,,,strong,weak,very_weak,,,,,,very_weak,,,,,,,,weak,very_weak,,weak,very_weak,,weak,very_weak,,,,strong,weak,very_weak,45.695,27.26,40.145,47.735,22.08,49.905,27.17,6.725,33.725,48.945,38.145,59.475,26.695,53.375,38.585,45.35,1.2000000000000002,52.995,17.735,24.815,41.035,9.055,7.180000000000001,7.27,29.54,6657.87657572988,916.469287255714,1791.89718258342,5708.0555719476,1077.1434319635,5473.56507699736,3372.03986148321,243.273429448656,1039.50844813476,1655.36257135523,8131.62616387852,6379.671301634,2454.34516574444,4287.78823988016,5699.84741312831,844.908841608397,130.283352271024,6941.37600687568,1660.22348213308,1164.97760107536,3245.99335530071,520.598309264091,300.420311107109,339.215141706303,Tubulin tyrosine ligase like 11,Q8NHH1,620694.0,gene,158135.0,TTLL11,ENSG00000175764,bacteria
sp|Q8NHH1|TTL11_HUMAN,sp,Q8NHH1,TTL11,HUMAN,0283361|tr|A0A3R6LRT4|A0A3R6LRT4_9BACT,283361,tr,A0A3R6LRT4,A0A3R6LRT4,AAAKAE,24,29,AAAKAE,289,294,APIAHAAAKAEEPVSE,6,,,,,,,,,,,,,,,,,,,,,,,,,,,,,weak,very_weak,,,,,,,,,,,weak,very_weak,,,,,,,,,very_weak,,,,,weak,very_weak,,,,,,,,,,,,,strong,weak,very_weak,,,very_weak,,,,,,,strong,weak,very_weak,50.59,58.075,37.075,64.845,51.365,46.48,53.625,29.72,49.43,3.155,31.335,58.61,4.645,66.96000000000001,65.52,35.245000000000005,6.965,61.875,51.835,44.915000000000006,60.285,1.425,10.77,35.985,45.120000000000005,10633.3368002444,6133.6296166685,3842.75025979041,14796.762937584,6361.0613080967,12345.422516529,12922.0349847946,2457.1616604255,5838.85695672477,130.895157108625,9116.66758221144,11060.117067298,921.510510959623,12343.018405424,14701.9698485947,966.975362211993,529.832481847721,15382.8221255714,10636.5586979677,4951.31129618524,8720.13789878186,407.178131924955,544.118317929399,3578.40955803484,Tubulin tyrosine ligase like 11,Q8NHH1,620694.0,gene,158135.0,TTLL11,ENSG00000175764,bacteria
sp|Q8NHH1|TTL11_HUMAN,sp,Q8NHH1,TTL11,HUMAN,0283361|tr|A0A3R6IGT5|A0A3R6IGT5_9BACT,283361,tr,A0A3R6IGT5,A0A3R6IGT5,PGVFEN,458,463,PGVFEN,140,145,LCPDLPGVFENNTMHA,6,,,,,,,,,,,,,,,,,,very_weak,,,,,,,,,,,,,,,,,,,,,,,,,,,,,,,,,,,,,,,,,,,,,,,,,,,,,,,,,,,,,,,,,,very_weak,48.54,73.26499999999999,72.79,58.86,46.755,10.76,70.985,66.34,24.395,70.615,87.67,77.66,73.0,84.495,82.46000000000001,66.13,83.445,83.945,70.08500000000001,46.165000000000006,81.955,29.885,71.03,57.55,78.275,8993.02952854561,5446.15457918793,6129.5163966738,4653.91694666937,4235.9584012521,689.247563207698,6311.97280150812,5417.6502344422,334.003489210708,4317.34917666379,19388.4141359206,8141.57425439774,6121.0995397824,10477.7871746499,12607.2963001971,2631.6322513162,8204.53656398694,12751.6174777681,9680.78787793974,2046.61067077788,8071.1443620795,2346.90764995785,5336.66568287589,3622.89935104044,Tubulin tyrosine ligase like 11,Q8NHH1,620694.0,gene,158135.0,TTLL11,ENSG00000175764,bacteria
sp|Q8NHH1|TTL11_HUMAN,sp,Q8NHH1,TTL11,HUMAN,0283361|tr|A0A416AD04|A0A416AD04_9BACT,283361,tr,A0A416AD04,A0A416AD04,VDEEVK,468,473,VDEEVK,76,81,FLFFYVDEEVKNVQVS,6,,weak,very_weak,,,,,,,strong,weak,very_weak,,weak,very_weak,,weak,very_weak,,weak,very_weak,,,,,,,,,,,,,,,very_weak,,weak,very_weak,,,,,weak,very_weak,,weak,very_weak,,weak,very_weak,,,very_weak,,,,,weak,very_weak,,,,,weak,very_weak,,weak,very_weak,,,,,,,,weak,very_weak,,,,strong,weak,very_weak,2.505,34.965,33.260000000000005,1.11,9.785,6.075,5.565,27.25,28.11,54.45,22.39,12.09,25.19,4.9,8.84,15.475,63.55,7.155,42.25,6.885000000000001,6.765,26.855,23.985,9.18,25.665,38.5083271453221,680.187112411344,1487.06871687577,50.4842344544488,136.560389009286,850.411720061627,204.850695148058,640.364049461278,745.773995547672,4011.62719142642,3397.93347251665,403.110213030263,1148.9422359816,201.363233559855,541.651287032232,148.894588398406,2708.20895392551,364.592694124207,2264.90758494078,152.276881850404,181.912083192942,1178.83643264012,551.312572342741,163.483269807102,Tubulin tyrosine ligase like 11,Q8NHH1,620694.0,gene,158135.0,TTLL11,ENSG00000175764,bacteria
sp|Q8NHH1|TTL11_HUMAN,sp,Q8NHH1,TTL11,HUMAN,0283361|tr|A0A415ZW53|A0A415ZW53_9BACT,283361,tr,A0A415ZW53,A0A415ZW53,GIYLIK,258,263,GIYLIK,284,289,YYANAGIYLIKKDLLE,6,,,very_weak,,weak,very_weak,,weak,very_weak,,,,,,,,,,,weak,very_weak,,,very_weak,,,very_weak,,,very_weak,,,,,,,,,,,,,,,,,,very_weak,,,,,,,,,,,,,,weak,very_weak,,,,,,very_weak,,,,,,very_weak,,weak,very_weak,,weak,very_weak,,weak,very_weak,19.42,3.2,9.265,24.905,22.715,22.96,5.13,16.150000000000002,19.68,15.775,38.685,30.85,25.745,31.975,18.9,24.795,20.97,21.85,4.335,40.17,15.055,24.12,10.625,9.095,4.91,1417.41101870571,127.395080876815,567.30586586199,822.618931408595,212.57981088857,89.5266099836913,515.581321314421,80.8051046308427,152.220873681586,189.506300672596,2585.93478232804,603.819085683411,2480.02494215038,396.33754447904,642.237505830395,33.6144640690885,157.338230872172,900.516111027269,214.054645842259,409.781302840422,485.45324347406,183.662349500806,60.3888308158993,281.555273032054,Tubulin tyrosine ligase like 11,Q8NHH1,620694.0,gene,158135.0,TTLL11,ENSG00000175764,bacteria
sp|Q8NHH1|TTL11_HUMAN,sp,Q8NHH1,TTL11,HUMAN,0283361|tr|A0A415ZZN1|A0A415ZZN1_9BACT,283361,tr,A0A415ZZN1,A0A415ZZN1,RDTLRL,478,483,RDTLRL,227,232,IGLGARDTLRLEMGFC,6,,,,,,,,,,,,,,,,,,,,,,,,,,,,,,,,,,,,,,,,,,,,,,,,,,,,,,,,,,,,,,,,,,,,,,,,,,,,,,,,,,,,,70.59,43.555,37.245,54.21000000000001,35.84,70.975,37.235,59.68000000000001,46.995000000000005,80.04499999999999,44.27,55.72,71.115,56.28999999999999,46.72,54.22,68.13,66.935,48.655,63.475,60.085,41.845,67.6,70.785,48.31,7116.05185921486,796.595887653174,1967.95681858958,3595.40811276758,1509.07991466236,10972.7473308608,2602.52349540673,2053.88676473097,2133.68826000191,4414.18024959906,7673.62060561378,4624.50264546329,6204.44807706992,3168.95383924928,4292.75515670081,751.086161212358,3197.78271693377,5992.13885944522,3604.9126238688,2875.25833900622,2601.08779647152,1178.41560106256,2463.47061477147,2999.63657440018,Tubulin tyrosine ligase like 11,Q8NHH1,620694.0,gene,158135.0,TTLL11,ENSG00000175764,bacteria
sp|Q8NHH1|TTL11_HUMAN,sp,Q8NHH1,TTL11,HUMAN,0283361|tr|A0A3R6NDI8|A0A3R6NDI8_9BACT,283361,tr,A0A3R6NDI8,A0A3R6NDI8,AKAEAE,26,31,AKAEAE,273,278,KESQVAKAEAEKNINI,6,,,,,,,,,,,,,,,,,,,,,,,,,,,,,weak,very_weak,,,very_weak,,,,,,,strong,weak,very_weak,,,,,,,,,very_weak,,,very_weak,,,very_weak,,,,,,,,,,,,,,,very_weak,,,very_weak,,,,,,,strong,weak,very_weak,58.835,30.54,38.015,45.07,50.96000000000001,31.23,49.145,28.7,44.73,5.125,15.725,56.86,1.53,47.900000000000006,41.36,19.37,12.21,56.41,46.91,27.275,49.635000000000005,15.265,17.11,37.98,46.65,12422.8706343789,3093.50845154118,3811.32200544511,7037.87349267216,6479.91813254112,9001.59623378503,9155.31764563263,2252.41967626466,3549.14323622405,313.602490833662,5049.88810619674,9784.08898038199,611.736502977159,8832.75798934979,9896.94830700921,468.91260488189,1001.12822226622,14331.7774437367,8246.54377455383,2339.42865114515,6257.84408862779,2282.32431426935,998.456293807583,3463.10981306117,Tubulin tyrosine ligase like 11,Q8NHH1,620694.0,gene,158135.0,TTLL11,ENSG00000175764,bacteria
sp|Q8NHH1|TTL11_HUMAN,sp,Q8NHH1,TTL11,HUMAN,0283361|tr|A0A416AFZ5|A0A416AFZ5_9BACT,283361,tr,A0A416AFZ5,A0A416AFZ5,EAEATA,29,34,EAEATA,84,89,CTPDKEAEATAAGADY,6,,,,,,,,,,,,,,,,,,,,,,,,,,,,,weak,very_weak,,,,,,,,,,,weak,very_weak,,,,,,,,,,,,,,,very_weak,,,,,,,,,,,,,,,,,,,,,,,,,,weak,very_weak,61.42,67.775,62.120000000000005,82.305,76.895,66.295,86.86,57.45,86.755,2.705,33.865,79.955,3.285,83.08,69.99000000000001,55.195,11.165,83.66499999999999,89.00999999999999,55.37,75.595,24.295,52.54,63.005,69.715,17430.8481585852,14959.0246454532,12533.5794433736,20252.3040006035,19927.3467388403,23298.4001161458,22934.2424336787,10414.2680494427,19514.6905827238,143.818255230884,13340.993576026,19049.4730462595,770.128466682093,20667.3601027137,22499.4509953004,4927.63564605796,943.668006742594,23984.1337805181,23175.7075531992,9865.62273093003,16296.9008462288,3744.2482250585,6382.43296436291,12674.7251965758,Tubulin tyrosine ligase like 11,Q8NHH1,620694.0,gene,158135.0,TTLL11,ENSG00000175764,bacteria
sp|Q8NHH1|TTL11_HUMAN,sp,Q8NHH1,TTL11,HUMAN,0283361|tr|A0A3R6N4C9|A0A3R6N4C9_9BACT,283361,tr,A0A3R6N4C9,A0A3R6N4C9,LIDKLK,290,295,LIDKLK,143,148,QQISKLIDKLK,6,,,,,,,,,,,,,,,,,,,,,,,,,,,,,,,,,,,,,,,,,,,,,,,,,,,,,,,,,,,,,,,,,,,,,,,,,,,,,,,,,,,,,92.97,85.05000000000001,88.54499999999999,94.555,81.33500000000001,94.76,89.44,93.455,92.345,95.0,91.16,89.265,95.0,85.68,71.855,91.59,93.865,88.755,74.14500000000001,94.135,84.445,89.215,94.05,93.3,81.83500000000001,21734.4829976123,8133.12200211087,11203.0790714097,21412.1381332541,11184.5485443571,26315.868389187,17791.9302728808,15992.439575815,14813.5827479751,18209.484845431,22785.3455427474,13575.1338004302,20828.5418407768,10795.8670066594,11063.8273979586,8336.07360609898,13716.2797488466,16957.965132955,10392.5434863815,15275.6775930314,8734.49089177662,10826.3972140563,14919.1002453866,14498.6629301471,Tubulin tyrosine ligase like 11,Q8NHH1,620694.0,gene,158135.0,TTLL11,ENSG00000175764,bacteria
sp|Q8NHH1|TTL11_HUMAN,sp,Q8NHH1,TTL11,HUMAN,0283361|tr|A0A416ADD5|A0A416ADD5_9BACT,283361,tr,A0A416ADD5,A0A416ADD5,SLLDEK,653,658,SLLDEK,408,413,VIDCSSLLDEKYLLVQ,6,,,,,,,,,,,,,,,,,,,,weak,very_weak,,,,,,,,,,,,,,weak,very_weak,,,,,,,strong,weak,very_weak,,,very_weak,,,,,,,,,,strong,weak,very_weak,,,,,,,,weak,very_weak,,,,,,,,,,,,,strong,weak,very_weak,27.63,62.665,75.03999999999999,25.08,60.975,77.16499999999999,9.8,71.185,64.015,85.66999999999999,64.415,2.085,47.17,1.35,13.47,66.555,72.765,0.46,42.08,73.735,2.11,66.75,75.465,66.805,70.87,955.917480857494,1294.38075832359,5070.69354230159,925.437275674392,1827.57248101674,10616.897321773,339.284883294504,2467.25842106769,2083.88196526843,6294.92233562443,7387.82052630156,38.02474022222,2356.21992174349,43.0690703303715,539.288793328309,818.641131519803,2912.01402605891,18.4813731956436,1297.50762463366,3165.45845583771,64.6438538292041,3317.75448435879,2791.14820908122,1736.88336235399,Tubulin tyrosine ligase like 11,Q8NHH1,620694.0,gene,158135.0,TTLL11,ENSG00000175764,bacteria
sp|Q8NHH1|TTL11_HUMAN,sp,Q8NHH1,TTL11,HUMAN,0283361|tr|A0A415ZP91|A0A415ZP91_9BACT,283361,tr,A0A415ZP91,A0A415ZP91,FENVPS,461,466,FENVPS,804,809,MAVEFFENVPSILSKV,6,,weak,very_weak,,,,,weak,very_weak,,weak,very_weak,strong,weak,very_weak,strong,weak,very_weak,,,,strong,weak,very_weak,,weak,very_weak,,,,,,very_weak,,,very_weak,,weak,very_weak,,,very_weak,,,very_weak,,,,,,,strong,weak,very_weak,,,,,,very_weak,,,,strong,weak,very_weak,,,very_weak,,,very_weak,,weak,very_weak,strong,weak,very_weak,,weak,very_weak,strong,weak,very_weak,5.04,24.725,2.045,3.67,1.2,0.135,27.59,1.895,5.735,28.755,10.915,18.655,12.725,11.395,23.635,1.36,25.165,14.04,23.7,0.275,18.4,12.21,4.645,1.065,3.41,197.308644513142,370.205534821763,61.2952898478852,213.411758577906,31.9806609113022,7.54149530115601,1716.1111001519,29.2898873433505,20.0614272594933,641.897101570753,711.863893890547,212.925100973174,1254.11209669332,174.879337991258,903.453650635238,7.89484314490683,260.411762390449,194.1217345222,835.780220502998,17.7330799231601,252.353939487295,150.659350855374,59.4558789139185,27.535393137694,Tubulin tyrosine ligase like 11,Q8NHH1,620694.0,gene,158135.0,TTLL11,ENSG00000175764,bacteria
sp|Q8NHH1|TTL11_HUMAN,sp,Q8NHH1,TTL11,HUMAN,0283361|tr|A0A415ZYU2|A0A415ZYU2_9BACT,283361,tr,A0A415ZYU2,A0A415ZYU2,SSSSLS,583,588,SSSSLS,73,78,EGGGQSSSSLSEGMID,6,,,,,,,,,,,,,,,,,,,,,,,,,,,,,,,,,,,,,,,,,,very_weak,,,,,,,,,,,,,,,very_weak,,,,,,,,,,,,,,,,,,,,,,,,,,,very_weak,77.81,88.10499999999999,82.725,87.14500000000001,89.38499999999999,87.875,91.32,64.33,92.56,25.495,85.85,90.035,17.845,87.89,85.88,77.795,12.22,87.965,84.72999999999999,73.435,83.195,52.89,63.685,68.61,89.305,14665.5874396965,11298.2712154032,13581.451107211,13925.1792806077,12671.7085258651,20794.7652266458,19836.7815749843,4073.64993708208,15042.1235103968,623.267983529328,20732.9836298757,14362.3581544043,1974.46186733925,15022.4433503749,19473.1393903595,3324.22230677696,1025.72158368599,16187.0670988562,12888.2443626005,7289.99458046346,11501.2885771956,3062.50330310281,3116.65619662502,6602.92446120837,Tubulin tyrosine ligase like 11,Q8NHH1,620694.0,gene,158135.0,TTLL11,ENSG00000175764,bacteria
sp|Q8NHH1|TTL11_HUMAN,sp,Q8NHH1,TTL11,HUMAN,0283361|tr|A0A415ZSU1|A0A415ZSU1_9BACT,283361,tr,A0A415ZSU1,A0A415ZSU1,EKPFAG,499,504,EKPFAG,149,154,IRGRDEKPFAGVYTGV,6,,,,,,,,,,,,,,,,,,,,,,,,,,,,,,,,,,,,,,,,,,,,,,,,,,,,,,,,,,,,,,,,,,,,,,,,,,,,,,,,,,,,,71.525,81.815,77.36,87.735,37.085,84.14,78.44999999999999,48.275000000000006,82.005,43.19,66.61,49.95,83.07,72.78,52.955,52.2,75.80000000000001,67.59,83.765,83.76,71.46000000000001,21.75,53.83,81.5,78.25,14193.2018894796,6947.76279602788,8254.75663281904,14487.3725215486,2639.98827693662,17656.1576169711,10898.0884599044,3958.16453809628,9951.92683603839,764.201898329045,14157.4657735909,7030.64312735435,8486.50630346068,11122.2791342362,10074.1314349947,1452.54492617593,6489.1794331407,12507.0279389659,12984.402038112,8770.4768162834,8239.23050570863,1421.51167048132,2577.55461811288,9250.6091346675,Tubulin tyrosine ligase like 11,Q8NHH1,620694.0,gene,158135.0,TTLL11,ENSG00000175764,bacteria
sp|Q8NHH1|TTL11_HUMAN,sp,Q8NHH1,TTL11,HUMAN,0283361|tr|A0A416ADT8|A0A416ADT8_9BACT,283361,tr,A0A416ADT8,A0A416ADT8,LRLVDR,546,551,LRLVDR,19,24,CTPEDLRLVDRWIASN,6,,,very_weak,,weak,very_weak,strong,weak,very_weak,,,,,,very_weak,,,,,weak,very_weak,,,,,weak,very_weak,,,,,,,,,very_weak,,,very_weak,,,,,,,,weak,very_weak,,,,,,,,,,,,,,weak,very_weak,,,,,,,,,very_weak,,,,,,,strong,weak,very_weak,strong,weak,very_weak,17.58,7.235,0.88,30.775,13.17,23.91,7.545,33.055,7.055000000000001,72.85499999999999,26.62,17.645,66.805,20.4,7.725,25.71,52.725,23.19,7.295,25.605,26.555,16.564999999999998,42.095,39.565,0.545,2096.86429610451,184.946566195614,137.103729057876,2875.28944883226,277.842084840198,3305.71486668377,818.304615113742,732.649446867726,402.848604168197,5511.18175418817,3836.06207620116,1176.05917405786,5851.56897728844,1215.34602797964,1251.4418082378,306.919056308501,2654.9121910078,2101.38399386861,572.305788853731,1028.8448897768,1284.16965189354,735.461022901519,1062.56996149058,1099.01652825836,Tubulin tyrosine ligase like 11,Q8NHH1,620694.0,gene,158135.0,TTLL11,ENSG00000175764,bacteria
sp|Q8NHH1|TTL11_HUMAN,sp,Q8NHH1,TTL11,HUMAN,0283361|tr|A0A3R6QZ05|A0A3R6QZ05_9BACT,283361,tr,A0A3R6QZ05,A0A3R6QZ05,EMVRKI,190,195,EMVRKI,354,359,GGKLKEMVRKIVPHLD,6,,,,,,very_weak,,weak,very_weak,,,,,,very_weak,,,,,,,,,,,weak,very_weak,,,,,,,,,,,,,,,,,,,,,very_weak,,,,,,,,,,,,,,weak,very_weak,,,,,,,,weak,very_weak,,,,,,very_weak,strong,weak,very_weak,strong,weak,very_weak,55.725,17.775,7.65,47.52,15.18,27.4,21.85,21.59,4.9,68.695,28.12,28.645,49.61,40.675,19.4,33.715,54.82,46.175,6.16,42.125,35.705,9.65,24.54,17.385,1.58,6838.502211418,209.794438865855,257.297367074029,4686.2048641147,230.954019221412,2170.00812950024,1713.1613354687,375.291137470006,249.532925952672,4607.72104090184,3286.45694536442,2173.5093229798,5141.85277218708,2062.32642231787,1547.35639591616,174.7545002964,2798.22386999898,4404.20959295257,390.734149823152,1243.78794666762,1837.66517697695,335.575585599864,487.685418205795,430.427053030182,Tubulin tyrosine ligase like 11,Q8NHH1,620694.0,gene,158135.0,TTLL11,ENSG00000175764,bacteria
sp|Q8NHH1|TTL11_HUMAN,sp,Q8NHH1,TTL11,HUMAN,0283361|tr|A0A415ZTZ0|A0A415ZTZ0_9BACT,283361,tr,A0A415ZTZ0,A0A415ZTZ0,TPELKV,401,406,TPELKV,264,269,IGQVITPELKVEAKID,6,,,,,,very_weak,,weak,very_weak,,,,,,,,,,,weak,very_weak,,,,,,very_weak,,,,,,,,,,,,,,,,,,,,,very_weak,,,,,,,,,,,,,,,very_weak,,,,,,very_weak,,,,,,,,,,,weak,very_weak,,weak,very_weak,59.085,10.895,6.944999999999999,32.99,28.93,33.565,2.915,21.395,17.895,61.475,26.55,30.105,47.89,20.91,13.915,35.985,48.93,24.965,16.585,30.92,17.689999999999998,24.455,37.72,41.045,4.154999999999999,9321.13950872396,492.724085234331,658.783848066371,4671.06895491945,1814.4503798046,7953.936286117,384.368981891554,1082.70526165998,1393.41611825177,4269.04021507331,5144.24557817051,3346.41598428862,4324.12784301511,1933.76294241908,2719.71981789722,605.507003167305,3591.98640835899,4052.6798504828,1963.15051178532,1846.91414642422,1358.50657672577,1859.92888575231,1746.13512785572,2254.76047717171,Tubulin tyrosine ligase like 11,Q8NHH1,620694.0,gene,158135.0,TTLL11,ENSG00000175764,bacteria
sp|Q8NHH1|TTL11_HUMAN,sp,Q8NHH1,TTL11,HUMAN,0283361|tr|A0A3R6IR49|A0A3R6IR49_9BACT,283361,tr,A0A3R6IR49,A0A3R6IR49,SQQLEK,495,500,SQQLEK,520,525,QYILESQQLEKELAYE,6,,,very_weak,,weak,very_weak,,,,,,,,,,,,,,,very_weak,,,,,,,,,,,,,,,very_weak,,,,,,very_weak,,weak,very_weak,,,very_weak,,weak,very_weak,,,,,,,,weak,very_weak,,,,,,,,weak,very_weak,,,,,,,,,very_weak,,,,,weak,very_weak,15.7,2.265,48.41,23.895,51.775000000000006,50.13,15.375,61.63,48.825,54.02,36.2,19.28,12.685,4.96,10.015,39.760000000000005,35.230000000000004,9.82,28.07,28.985,3.115,40.36,44.275,16.6,39.82,1373.10683069417,180.400875717986,2546.64568153602,1447.853371124,2095.20875470548,6794.61892693693,1031.19639829981,2203.39118442202,2347.84737980295,5838.66743438755,5539.45892898482,806.569648978024,1281.33831385066,250.365879494704,1127.12379887745,300.16363281072,1861.57978749187,706.003660457043,1735.0989737546,781.214896758561,223.328742537287,2329.09887550464,1286.74269593171,324.812220238019,Tubulin tyrosine ligase like 11,Q8NHH1,620694.0,gene,158135.0,TTLL11,ENSG00000175764,bacteria
sp|Q8NHH1|TTL11_HUMAN,sp,Q8NHH1,TTL11,HUMAN,0283361|tr|A0A3R6KZP1|A0A3R6KZP1_9BACT,283361,tr,A0A3R6KZP1,A0A3R6KZP1,AAAKAA,20,25,AAAKAA,56,61,FNQAHAAAKAARRWQD,6,,,,,,,,,,,,,,,,,,,,,very_weak,,,,,,,,weak,very_weak,,weak,very_weak,,,,,weak,very_weak,,,,,,,,,,,,,,,,,weak,very_weak,,,,,,,,,,,,,strong,weak,very_weak,,,very_weak,,,,,,,strong,weak,very_weak,65.37,35.254999999999995,22.595,59.145,46.48,21.635,12.835,27.245,27.37,5.535,6.574999999999999,59.085,41.875,62.975,34.935,25.59,2.255,63.115,49.16,38.875,61.875,1.96,17.7,53.175,20.6,10750.6401575997,985.512418209892,748.708841865504,8073.85198390753,1493.06616693737,2530.27624970226,1483.45292528635,513.927173270354,1583.55099426924,73.0864814197175,1776.54987931509,8078.83288511562,4944.83331463165,7255.92109715874,5353.90043165377,116.810266920142,108.95988575273,10568.0742520917,4692.80098267358,1258.43453883568,6091.56667819432,65.0409470925502,222.41962742424,2801.1015840935,Tubulin tyrosine ligase like 11,Q8NHH1,620694.0,gene,158135.0,TTLL11,ENSG00000175764,bacteria
sp|Q8NHH1|TTL11_HUMAN,sp,Q8NHH1,TTL11,HUMAN,0283361|tr|A0A3R6MEC3|A0A3R6MEC3_9BACT,283361,tr,A0A3R6MEC3,A0A3R6MEC3,LAQRKF,627,632,LAQRKF,280,285,IESLKLAQRKFRCVIN,6,,,,,,,,,,,,,,,,,,,,weak,very_weak,,,,,weak,very_weak,,,,,,,,weak,very_weak,,,very_weak,,,,,,,,,,,,,,,,,,,,,,,,,,,,,,,,,,,,,,,,,,very_weak,,weak,very_weak,68.25999999999999,32.48,30.42,69.78,33.629999999999995,37.555,6.335,57.825,5.94,79.57,45.335,2.79,89.4,49.25,26.945,50.695,72.985,36.76,21.585,63.55499999999999,52.98,38.04,60.985,68.28999999999999,13.005,6315.52509633049,119.2183958219,417.587165862209,5716.83221767048,200.365686813821,2553.37777463696,165.601813987396,641.050348069409,225.653219878695,4294.42756211557,2459.95477087831,117.585044266942,11294.9710881485,671.325659861849,587.03773580022,199.308377206777,2953.35885650367,986.003039482904,341.029400853987,1533.47292463761,926.358932720815,209.737698307358,813.361436062511,1955.03209785077,Tubulin tyrosine ligase like 11,Q8NHH1,620694.0,gene,158135.0,TTLL11,ENSG00000175764,bacteria
sp|Q8NHH1|TTL11_HUMAN,sp,Q8NHH1,TTL11,HUMAN,0283361|tr|A0A3R6IJN4|A0A3R6IJN4_9BACT,283361,tr,A0A3R6IJN4,A0A3R6IJN4,YVLLKS,301,306,YVLLKS,225,230,HEVYSYVLLKSAGKKE,6,,weak,very_weak,,,very_weak,strong,weak,very_weak,,,,,weak,very_weak,,weak,very_weak,,,,,weak,very_weak,,,very_weak,,,,,weak,very_weak,strong,weak,very_weak,strong,weak,very_weak,,,,strong,weak,very_weak,strong,weak,very_weak,,,,,weak,very_weak,,weak,very_weak,,weak,very_weak,,,very_weak,,weak,very_weak,,weak,very_weak,strong,weak,very_weak,,weak,very_weak,,weak,very_weak,,weak,very_weak,strong,weak,very_weak,9.545,11.635,1.925,28.935,5.289999999999999,9.27,36.43,7.885,11.845,24.445,2.885,1.405,25.625,1.62,0.49,2.64,6.9,3.245,16.66,4.88,2.29,0.565,7.395,5.815,2.28,1146.4214513878,290.948177652151,73.7218508951064,3546.07248997427,80.5580580433229,880.885954317156,2236.90052107015,116.546418368794,523.830237747543,1178.27535725763,877.983793393956,96.5726897932334,3228.48030563351,137.186826419215,269.921626542727,9.65785360581794,425.730538434139,303.248456859717,822.458737028403,75.4152835595047,202.359178171746,123.709870771403,115.73590072892,106.651600586797,Tubulin tyrosine ligase like 11,Q8NHH1,620694.0,gene,158135.0,TTLL11,ENSG00000175764,bacteria
sp|Q8NHH1|TTL11_HUMAN,sp,Q8NHH1,TTL11,HUMAN,0283361|tr|A0A3R6J3M1|A0A3R6J3M1_9BACT,283361,tr,A0A3R6J3M1,A0A3R6J3M1,IFSGQV,177,182,IFSGQV,517,522,NTVGNIFSGQVVGDTA,6,,,,,,,,,,,,,,,very_weak,,,,,,,,,,,,,strong,weak,very_weak,,,,,,,,,,,weak,very_weak,,,,,,,,,very_weak,,,,,weak,very_weak,,,,,,,,,,,,,,weak,very_weak,,,very_weak,,,very_weak,,,,strong,weak,very_weak,28.36,34.64,41.175,56.335,17.41,47.79,57.135000000000005,27.535,52.855,1.485,51.405,58.02,3.02,53.19,65.15,29.455,9.2,56.77,40.015,25.86,56.325,7.065,17.27,14.35,49.405,4147.11811022278,2186.19830495807,2801.28343378471,7857.62082115704,1010.41067505791,8552.13612154169,9707.53447298859,1406.45759645312,3048.12318148475,71.3202214674,12366.5453744554,5496.53233665339,892.243238921784,5988.37968949007,11281.6581500009,406.205662517395,553.230691987297,8927.78273088907,4582.46441914346,1490.17728391314,4969.93575210695,492.90537820079,699.75997563439,863.456946285021,Tubulin tyrosine ligase like 11,Q8NHH1,620694.0,gene,158135.0,TTLL11,ENSG00000175764,bacteria
sp|Q8NHH1|TTL11_HUMAN,sp,Q8NHH1,TTL11,HUMAN,0283361|tr|A0A3R6QYU5|A0A3R6QYU5_9BACT,283361,tr,A0A3R6QYU5,A0A3R6QYU5,LTPELK,400,405,LTPELK,82,87,EEQGKLTPELKKRIED,6,,,,,,,,,,,,,,,,,,,,weak,very_weak,,,,,,,,,,,,,,,,,,,,,,,,,,,,,,,,,,,,,,,,,,,,,,,,,,,,,,,,,,,,very_weak,,weak,very_weak,88.1,34.245000000000005,30.29,42.92,44.19,54.985,6.085,63.025000000000006,25.965,92.37,46.375,44.295,91.035,48.895,25.84,58.84,88.03,44.43,25.48,71.05000000000001,48.06,58.86,67.98,81.125,13.385000000000002,21725.31360316,1575.39928707862,3588.60678806294,7585.12998181787,3258.83784032164,12412.5251661449,771.922065195526,5477.11959627935,2455.00914230455,9680.36891109223,11091.3945615179,7883.67935616065,13677.4521470281,6928.24521597821,4700.93202931911,1579.78606942346,11936.7874943684,10890.4266858719,3612.87830017995,6839.83418051735,5388.47878523799,4629.75942074436,5493.02465195572,8562.96924635059,Tubulin tyrosine ligase like 11,Q8NHH1,620694.0,gene,158135.0,TTLL11,ENSG00000175764,bacteria
sp|Q8NHH1|TTL11_HUMAN,sp,Q8NHH1,TTL11,HUMAN,0283361|tr|A0A3R6LSS6|A0A3R6LSS6_9BACT,283361,tr,A0A3R6LSS6,A0A3R6LSS6,ELAARW,9,14,ELAARW,928,933,GEAAPELAARWKARMT,6,,,,,,,,,,,,,,,,,,,,,,,,,,,very_weak,,,,,,,,,,,,,,,,,,,,,,,,,,,,,,,,,,,,,,,,,,,,weak,very_weak,,,,,,,,,very_weak,,weak,very_weak,64.775,27.89,21.49,65.86,32.14,53.025,27.89,57.125,19.23,51.17,56.65,48.445,65.105,68.575,49.400000000000006,52.165,58.69500000000001,67.27,32.17,65.22999999999999,69.60499999999999,4.965,53.4,71.38,11.245,7043.43450939765,524.159069083137,763.28464629044,8040.28938085402,536.843659481869,5560.11523335422,2569.8410492258,1227.94259469561,1166.680492366,1325.81938240495,7008.76906594101,4587.57413449112,5661.3717621228,5457.18493087645,4354.22197398243,497.890223904567,2553.81984460301,7597.94362300197,2196.8686417066,2793.62567554191,4578.45009731042,140.068065613399,952.799048294492,3192.97702889503,Tubulin tyrosine ligase like 11,Q8NHH1,620694.0,gene,158135.0,TTLL11,ENSG00000175764,bacteria
sp|Q8NHH1|TTL11_HUMAN,sp,Q8NHH1,TTL11,HUMAN,0283361|tr|A0A415ZP58|A0A415ZP58_9BACT,283361,tr,A0A415ZP58,A0A415ZP58,FDILLM,427,432,FDILLM,149,154,ANTEYFDILLMHCMTK,6,,,very_weak,,,,,,,,,,,,,,,,,,,,,,,,,,,,,,,,,very_weak,,,,,,,,,very_weak,,,,,,,,,,,,,,,very_weak,,,,,,,,,,,,,,,,,,,,,,,,very_weak,12.145,43.305,48.17,41.455,50.255,57.35,43.46,58.245000000000005,61.405,83.64500000000001,49.89,17.07,55.785,14.489999999999998,30.95,28.135,57.040000000000006,19.485,39.43,45.535,28.93,48.955,61.59,40.77,40.48,180.568817023712,511.807416108376,1217.04353327019,1565.96739815644,537.227159333576,5819.55733131966,1929.20712824574,929.571851045837,1602.84010594846,5953.6867648067,5424.74763005687,392.636986080856,2863.8637327737,169.268367224034,957.325139148282,77.3122305656009,1569.51257985524,537.773829086914,801.31578457943,830.066605328304,350.91869108741,1022.58563060292,1139.8784644614,548.599195114915,Tubulin tyrosine ligase like 11,Q8NHH1,620694.0,gene,158135.0,TTLL11,ENSG00000175764,bacteria
sp|Q8NHH1|TTL11_HUMAN,sp,Q8NHH1,TTL11,HUMAN,0283361|tr|A0A415ZUL4|A0A415ZUL4_9BACT,283361,tr,A0A415ZUL4,A0A415ZUL4,IAKDGL,314,319,IAKDGL,208,213,RKSVVIAKDGLVNFPP,6,,weak,very_weak,,weak,very_weak,,weak,very_weak,strong,weak,very_weak,strong,weak,very_weak,,weak,very_weak,strong,weak,very_weak,,weak,very_weak,,weak,very_weak,,,very_weak,,weak,very_weak,,,very_weak,,weak,very_weak,,,very_weak,,,very_weak,,,very_weak,,,very_weak,,weak,very_weak,,,,,,very_weak,,weak,very_weak,,weak,very_weak,,,very_weak,,weak,very_weak,,weak,very_weak,,weak,very_weak,,,very_weak,strong,weak,very_weak,8.77,6.215,4.9350000000000005,1.645,1.6800000000000002,7.77,1.205,4.24,2.36,17.61,9.005,16.060000000000002,19.76,16.509999999999998,13.565,5.01,24.255,19.46,2.985,5.08,16.799999999999997,7.455,3.0500000000000003,7.765,13.1,1511.05688561933,343.454845150774,381.795032037147,60.625167220796,101.330748213902,1300.5998272984,85.3302091054837,177.00186897614,66.2426219375595,747.397651416882,2170.73610079091,1306.25503955863,2167.19247695957,1167.67815340311,2263.85408072159,53.7399212549845,1391.78881224641,2050.24549000061,423.410695435383,320.726293402222,989.358593314357,904.333844260288,154.450609317308,430.757835963322,Tubulin tyrosine ligase like 11,Q8NHH1,620694.0,gene,158135.0,TTLL11,ENSG00000175764,bacteria
sp|Q8NHH1|TTL11_HUMAN,sp,Q8NHH1,TTL11,HUMAN,0283361|tr|A0A415ZR30|A0A415ZR30_9BACT,283361,tr,A0A415ZR30,A0A415ZR30,TGRPGP,414,419,TGRPGP,154,159,FYIASTGRPGPVVLDL,6,,,,,,,,,,,,,,,,,,very_weak,,,,,weak,very_weak,,,,,weak,very_weak,,,,,,,,weak,very_weak,,,,,,,,,,,,,,weak,very_weak,,,,,,,,,,,,very_weak,,,,,,,,weak,very_weak,,,,,,very_weak,,weak,very_weak,85.39,62.150000000000006,20.055,58.41,49.655,12.835,49.175,9.895,36.86,2.31,39.370000000000005,76.92500000000001,31.28,78.23,73.55,5.315,45.63,76.005,66.825,16.58,79.08500000000001,25.09,7.12,35.01,18.095,13464.982533819,1553.49613614337,365.892850024044,5573.60724051841,1047.93285060604,556.382196941159,4053.73236547119,114.484220401954,673.18771776208,37.7145678222308,5165.66332562706,7059.7620022543,3641.3303912889,7339.6974568363,8425.57258082682,16.1648018796545,1487.95391669503,9825.9938243447,4909.59465397715,265.530274098595,6495.22043079523,180.897339561667,62.3177591194288,797.924318688724,Tubulin tyrosine ligase like 11,Q8NHH1,620694.0,gene,158135.0,TTLL11,ENSG00000175764,bacteria
sp|Q8NHH1|TTL11_HUMAN,sp,Q8NHH1,TTL11,HUMAN,0283361|tr|A0A3R6J8U7|A0A3R6J8U7_9BACT,283361,tr,A0A3R6J8U7,A0A3R6J8U7,NYSLNI,344,349,NYSLNI,324,329,DAPTQNYSLNINASKD,6,,,,,,,,,,,,very_weak,,,,strong,weak,very_weak,,,,,,,,weak,very_weak,,,,,,,,,,,weak,very_weak,,,very_weak,,,,,,,,,,,,,strong,weak,very_weak,,,,,,,,weak,very_weak,,,,strong,weak,very_weak,,,,,,,,,very_weak,strong,weak,very_weak,28.175,38.9,22.205,16.305,37.31,0.48,26.355,25.32,6.94,29.01,33.605000000000004,50.235,15.57,55.28,51.365,23.825000000000003,1.4,54.035,56.675,7.035,54.31,1.355,32.165,27.92,18.525,4323.75357037725,1819.97535267526,1328.11658172827,2177.91143310763,2029.56483879386,36.7836240083846,3263.46016264623,871.726965107347,184.159818485698,1295.26336861102,6812.87544492445,5265.08858494969,1939.71418097677,4786.64535623381,7092.22367094295,211.950525945089,151.704594407962,8101.85476563319,5656.90192812117,253.229186184801,4489.85323694713,249.265779853649,777.933756090082,801.237757846411,Tubulin tyrosine ligase like 11,Q8NHH1,620694.0,gene,158135.0,TTLL11,ENSG00000175764,bacteria
