human_id,database,protein,gene,species,pathogen_id,pathogen_species,database_pathogen,pathogen_protein,pathogen_gene,human_seq,human_start,human_end,pathogen_seq,pathogen_start,pathogen_end,extended_pathogen_seq,pathogen_length,binding_rank_strong_HLA_DQA10101_DQB10501,binding_rank_weak_HLA_DQA10101_DQB10501,binding_rank_very_weak_HLA_DQA10101_DQB10501,binding_rank_strong_DRB4_0101,binding_rank_weak_DRB4_0101,binding_rank_very_weak_DRB4_0101,binding_rank_strong_DRB1_0802,binding_rank_weak_DRB1_0802,binding_rank_very_weak_DRB1_0802,binding_rank_strong_DRB3_0101,binding_rank_weak_DRB3_0101,binding_rank_very_weak_DRB3_0101,binding_rank_strong_DRB1_1501,binding_rank_weak_DRB1_1501,binding_rank_very_weak_DRB1_1501,binding_rank_strong_DRB3_0202,binding_rank_weak_DRB3_0202,binding_rank_very_weak_DRB3_0202,binding_rank_strong_DRB1_0301,binding_rank_weak_DRB1_0301,binding_rank_very_weak_DRB1_0301,binding_rank_strong_DRB1_0701,binding_rank_weak_DRB1_0701,binding_rank_very_weak_DRB1_0701,binding_rank_strong_DRB1_1302,binding_rank_weak_DRB1_1302,binding_rank_very_weak_DRB1_1302,binding_rank_strong_HLA_DQA10501_DQB10301,binding_rank_weak_HLA_DQA10501_DQB10301,binding_rank_very_weak_HLA_DQA10501_DQB10301,binding_rank_strong_HLA_DPA10201_DPB11401,binding_rank_weak_HLA_DPA10201_DPB11401,binding_rank_very_weak_HLA_DPA10201_DPB11401,binding_rank_strong_HLA_DPA10103_DPB10201,binding_rank_weak_HLA_DPA10103_DPB10201,binding_rank_very_weak_HLA_DPA10103_DPB10201,binding_rank_strong_DRB5_0101,binding_rank_weak_DRB5_0101,binding_rank_very_weak_DRB5_0101,binding_rank_strong_HLA_DQA10301_DQB10302,binding_rank_weak_HLA_DQA10301_DQB10302,binding_rank_very_weak_HLA_DQA10301_DQB10302,binding_rank_strong_HLA_DPA10301_DPB10402,binding_rank_weak_HLA_DPA10301_DPB10402,binding_rank_very_weak_HLA_DPA10301_DPB10402,binding_rank_strong_HLA_DPA10201_DPB10501,binding_rank_weak_HLA_DPA10201_DPB10501,binding_rank_very_weak_HLA_DPA10201_DPB10501,binding_rank_strong_HLA_DQA10501_DQB10201,binding_rank_weak_HLA_DQA10501_DQB10201,binding_rank_very_weak_HLA_DQA10501_DQB10201,binding_rank_strong_DRB1_0101,binding_rank_weak_DRB1_0101,binding_rank_very_weak_DRB1_0101,binding_rank_strong_HLA_DQA10102_DQB10602,binding_rank_weak_HLA_DQA10102_DQB10602,binding_rank_very_weak_HLA_DQA10102_DQB10602,binding_rank_strong_HLA_DPA10103_DPB10401,binding_rank_weak_HLA_DPA10103_DPB10401,binding_rank_very_weak_HLA_DPA10103_DPB10401,binding_rank_strong_DRB1_1201,binding_rank_weak_DRB1_1201,binding_rank_very_weak_DRB1_1201,binding_rank_strong_DRB1_0401,binding_rank_weak_DRB1_0401,binding_rank_very_weak_DRB1_0401,binding_rank_strong_HLA_DPA10201_DPB10101,binding_rank_weak_HLA_DPA10201_DPB10101,binding_rank_very_weak_HLA_DPA10201_DPB10101,binding_rank_strong_HLA_DQA10401_DQB10402,binding_rank_weak_HLA_DQA10401_DQB10402,binding_rank_very_weak_HLA_DQA10401_DQB10402,binding_rank_strong_DRB1_0901,binding_rank_weak_DRB1_0901,binding_rank_very_weak_DRB1_0901,binding_rank_strong_DRB1_0405,binding_rank_weak_DRB1_0405,binding_rank_very_weak_DRB1_0405,binding_rank_strong_DRB1_1101,binding_rank_weak_DRB1_1101,binding_rank_very_weak_DRB1_1101,binding_rank_strong,binding_rank_weak,binding_rank_very_weak,Rank_average_HLA_DQA10101_DQB10501,Rank_average_DRB4_0101,Rank_average_DRB1_0802,Rank_average_DRB3_0101,Rank_average_DRB1_1501,Rank_average_DRB3_0202,Rank_average_DRB1_0301,Rank_average_DRB1_0701,Rank_average_DRB1_1302,Rank_average_HLA_DQA10501_DQB10301,Rank_average_HLA_DPA10201_DPB11401,Rank_average_HLA_DPA10103_DPB10201,Rank_average_HLA_DQA10301_DQB10302,Rank_average_HLA_DPA10301_DPB10402,Rank_average_HLA_DPA10201_DPB10501,Rank_average_DRB1_0101,Rank_average_HLA_DQA10102_DQB10602,Rank_average_HLA_DPA10103_DPB10401,Rank_average_DRB1_1201,Rank_average_DRB1_0401,Rank_average_HLA_DPA10201_DPB10101,Rank_average_HLA_DQA10401_DQB10402,Rank_average_DRB1_0901,Rank_average_DRB1_0405,Rank_average_DRB1_1101,nM_HLA_DQA10101_DQB10501,nM_DRB4_0101,nM_DRB1_0802,nM_DRB3_0101,nM_DRB1_1501,nM_DRB3_0202,nM_DRB1_0301,nM_DRB1_0701,nM_DRB1_1302,nM_HLA_DQA10501_DQB10301,nM_HLA_DPA10201_DPB11401,nM_HLA_DPA10103_DPB10201,nM_HLA_DQA10301_DQB10302,nM_HLA_DPA10301_DPB10402,nM_HLA_DPA10201_DPB10501,nM_DRB1_0101,nM_HLA_DQA10102_DQB10602,nM_HLA_DPA10103_DPB10401,nM_DRB1_1201,nM_DRB1_0401,nM_HLA_DPA10201_DPB10101,nM_HLA_DQA10401_DQB10402,nM_DRB1_0901,nM_DRB1_0405,Gene description,Uniprot,# MIM Number,MIM Entry Type,Entrez Gene ID,HGNC,Ensembl Gene ID,type
sp|Q8WW38|FOG2_HUMAN,sp,Q8WW38,FOG2,HUMAN,0102041|tr|C6L6E4|C6L6E4_9BETA,102041,tr,C6L6E4,C6L6E4,TSPKRL,845,850,TSPKRL,214,219,FDTFDTSPKRLSPNVS,6,,,,,,,,weak,very_weak,,,,,,,,,,,,very_weak,,,,,,,,,,,,,,,,,,very_weak,,,,,,,,,,,,,,,,,,,,,,,,,,,,,,,,,very_weak,,,,,,,strong,weak,very_weak,strong,weak,very_weak,85.65,53.255,8.195,33.31,61.88,22.44,16.145,40.965,23.365,53.47,49.54,46.315,73.775,48.33000000000001,30.72,40.09,72.25,48.005,68.45,31.645,49.325,11.015,36.445,45.475,1.805,16187.592528815,3381.7953671643,777.807510273584,4206.40856364003,3741.93975664818,4559.81237907268,2006.96360260124,2097.15925573621,2349.39748576047,2156.59627649534,10472.5735748169,8140.341087401801,8079.88188738133,6676.19907545381,6041.55018283324,829.0254469917261,6410.25414217053,10333.3417837831,10624.1367547887,1841.3073943666,5553.261310821839,821.818271404695,1667.22591228005,2635.93529078327,"Zinc finger protein, FOG family member 2",Q8WW38,603693.0,gene,23414.0,ZFPM2,ENSG00000169946,virus
sp|Q8WW38|FOG2_HUMAN,sp,Q8WW38,FOG2,HUMAN,0102041|tr|B7TPX3|B7TPX3_9BETA,102041,tr,B7TPX3,B7TPX3,KLSTSS,652,657,KLSTSS,797,802,ETKVSKLSTSSFRTCR,6,,,,,,,,,,,,,,,,,,,,,,,,,,,,,,,,weak,very_weak,strong,weak,very_weak,,,,,,,,weak,very_weak,,weak,very_weak,,,,,,,,,,,weak,very_weak,strong,weak,very_weak,,,,,weak,very_weak,,,,,,,,,,,,,strong,weak,very_weak,69.875,48.64,43.29,41.02,39.085,37.765,42.27500000000001,24.65,39.495,46.83,9.32,1.14,73.58,3.965,8.18,38.615,40.63,2.1950000000000003,1.59,44.08,4.49,26.56,38.28,43.055,45.12,10513.3313029702,781.375512134844,777.4120727019299,4059.74570769002,547.591049889429,3006.39490015579,2132.21126527542,151.090312670642,878.496921140446,1036.34155720152,876.484140389179,63.1287365249837,7731.541786103009,211.50610054753,731.944274141674,116.068219668677,1077.52809758513,168.244037834865,244.574553692538,657.7297637728669,256.128010284379,256.308204779488,358.323682651744,696.911428859233,"Zinc finger protein, FOG family member 2",Q8WW38,603693.0,gene,23414.0,ZFPM2,ENSG00000169946,virus
sp|Q8WW38|FOG2_HUMAN,sp,Q8WW38,FOG2,HUMAN,0001259|tr|Q1GBQ6|Q1GBQ6_LACDA,1259,tr,Q1GBQ6,Q1GBQ6,KLSTSS,652,657,KLSTSS,29,34,KRMGLKLSTSSVVRFS,6,,,,,,very_weak,,,very_weak,,weak,very_weak,,weak,very_weak,,weak,very_weak,,weak,very_weak,strong,weak,very_weak,,weak,very_weak,,,very_weak,,weak,very_weak,,,,,,very_weak,,,very_weak,,,,,,,,,very_weak,,weak,very_weak,,weak,very_weak,,,,,,very_weak,,weak,very_weak,,,,,,,strong,weak,very_weak,,,very_weak,,,,strong,weak,very_weak,31.66,16.96,16.950000000000003,6.93,5.005,2.135,7.59,0.345,4.145,10.38,7.915,24.130000000000003,13.75,21.56,30.75,4.975,4.61,20.54,10.255,9.575,26.06,32.125,0.7,10.825,27.265,2031.49818991687,108.545694514265,132.446582593923,321.250719981181,31.8890959733967,23.3788992379904,179.216077902473,5.16425420186965,8.1612230380516,105.952303668316,313.439663867189,492.697430128555,1524.52296065573,309.389656980268,806.744205959478,8.80354188470579,39.7688915511184,773.736584063856,185.586013878793,68.8186394107938,434.164226793824,125.218125924726,10.8036708738335,87.2449699447339,"Zinc finger protein, FOG family member 2",Q8WW38,603693.0,gene,23414.0,ZFPM2,ENSG00000169946,bacteria
sp|Q8WW38|FOG2_HUMAN,sp,Q8WW38,FOG2,HUMAN,0001259|tr|Q1GBZ0|Q1GBZ0_LACDA,1259,tr,Q1GBZ0,Q1GBZ0,GSSQAP,1110,1115,GSSQAP,265,270,ESLNTGSSQAPSAADN,6,,,,,,,,,,,,,,,,,,,,,,,,,,,,,weak,very_weak,,,,,,,,,,,,,,,,,,,,,,,,,strong,weak,very_weak,,,,,,,,,,,,,,,very_weak,,,,,,,,,,strong,weak,very_weak,84.12,72.16499999999999,68.385,91.195,84.92500000000001,64.86,87.85,72.1,82.425,4.17,68.15,90.62,26.475,92.85,92.485,68.41999999999999,1.34,91.97,88.0,63.52,95.0,16.53,55.27,75.9,78.835,19414.4441080421,9826.52541409679,10373.1086934633,20241.3506917282,13625.6072192712,14072.8575295082,21119.2381545929,8174.76357026579,11017.9548262916,103.044461249487,21189.7352409342,20213.118505329,2898.12102608982,22867.5888994553,25016.7693862176,2890.04219442512,158.49324830703,24961.3423199488,20303.2049612367,6168.10294931813,31074.7742231386,1052.05678344132,4425.80130972661,10378.4973599792,"Zinc finger protein, FOG family member 2",Q8WW38,603693.0,gene,23414.0,ZFPM2,ENSG00000169946,bacteria
sp|Q8WW38|FOG2_HUMAN,sp,Q8WW38,FOG2,HUMAN,0001259|tr|Q1G8V2|Q1G8V2_LACDA,1259,tr,Q1G8V2,Q1G8V2,KKDSLP,1028,1033,KKDSLP,32,37,SQRMGKKDSLPAKSYY,6,,,,,,,,,very_weak,,,,,,,,,,,,,,,,,,,,,,,weak,very_weak,,,,,,,,,,,,,,,,,,,,,,,,,,,,,,,,,,,,,,,,,,,,,,,,,,weak,very_weak,88.805,37.8,13.31,57.255,34.065,48.04,33.625,56.665,41.815,44.54,2.965,58.57,87.71,67.26,37.03,46.915,59.32,63.32,47.535,38.09,55.99,21.075,62.375,71.505,31.880000000000003,19508.3572718928,1853.09928937922,1208.435816601,7132.16183497086,3588.37382804596,8013.3663717307,3446.55028541654,3060.01914066228,4572.31152709282,1935.50032198408,1192.60203021866,8513.7292195048,12313.939092257,8361.36635050873,5295.36787831505,705.087598911805,4801.06477416561,10987.478824892,5469.89449714105,2866.15764240239,5408.16247251905,1323.03935719156,2535.9770840277,5955.61960560647,"Zinc finger protein, FOG family member 2",Q8WW38,603693.0,gene,23414.0,ZFPM2,ENSG00000169946,bacteria
sp|Q8WW38|FOG2_HUMAN,sp,Q8WW38,FOG2,HUMAN,0001259|tr|Q1G8S3|Q1G8S3_LACDA,1259,tr,Q1G8S3,Q1G8S3,KRLLDY,848,853,KRLLDY,802,807,FHIDSKRLLDYWLAYL,6,,,very_weak,,,,,,,,,,,,,,,,,,,,,,,,,,,,,,,,,very_weak,,,,,,,,,,,,,,,,,,,,,,,,,,,very_weak,,,,,,,,,,,,,,,,,,,,,very_weak,15.19,41.26,55.995000000000005,28.23,32.38,58.38,26.255,62.44499999999999,48.92999999999999,85.595,55.81,16.055,64.36,33.725,22.055,56.485,71.50999999999999,34.34,16.515,62.905,33.995,48.94,67.72,60.355,47.545,190.124482021457,463.856385220518,1801.6369098896,437.00611650666,226.737408537857,3247.8904395841,339.60808401103,1319.69388581141,950.328080053896,6094.13768723589,3778.43336343739,159.187568874919,3976.06352142682,176.121196392268,382.866445396471,256.796752636931,2827.71580279073,219.548081264752,479.009557859141,1510.64820838235,185.636220656886,1127.81914136114,1498.45536646149,1167.71605607444,"Zinc finger protein, FOG family member 2",Q8WW38,603693.0,gene,23414.0,ZFPM2,ENSG00000169946,bacteria
sp|Q8WW38|FOG2_HUMAN,sp,Q8WW38,FOG2,HUMAN,0001259|tr|Q1GB59|Q1GB59_LACDA,1259,tr,Q1GB59,Q1GB59,TVLDLI,630,635,TVLDLI,28,33,CAGTNTVLDLIEPLGF,6,,,very_weak,,,,,,,,weak,very_weak,,,,,,,,weak,very_weak,,,,,,,,,,,,,,,,,,,,weak,very_weak,,,,,,,,weak,very_weak,,,,,,,,,,,,very_weak,,,,,,,,,,,,,,,,,,,,weak,very_weak,14.55,35.75,61.71,5.675,42.155,56.54,9.77,44.11,42.7,49.73,45.86,50.91,5.285,32.82,47.23,49.265,44.755,35.754999999999995,13.265,41.24,31.18,49.945,49.765,39.32,60.77,931.09181431598,846.464365232844,3754.18681630553,172.606619047466,1613.50631440233,7557.11410502468,320.899849713239,749.908730138906,664.467776919676,2616.49945812554,5902.05579757818,1344.59974565356,653.410068626073,713.197623997168,2868.91896764174,605.199163225173,1802.18280530956,1397.49271234503,524.561885014625,1358.31550654432,695.630734436333,2350.94861513565,927.181183283833,1135.86491330153,"Zinc finger protein, FOG family member 2",Q8WW38,603693.0,gene,23414.0,ZFPM2,ENSG00000169946,bacteria
sp|Q8WW38|FOG2_HUMAN,sp,Q8WW38,FOG2,HUMAN,0001259|tr|Q1G869|Q1G869_LACDA,1259,tr,Q1G869,Q1G869,IQETAE,72,77,IQETAE,97,102,GRNKEIQETAEILSRR,6,,,,,,,,,,,,,,,,,,,,,,,,,,,,,,,,,very_weak,,,,,,,,,very_weak,,,,,,very_weak,,,very_weak,,,very_weak,,,,,,,,,,,,,,,very_weak,,,,,,,,,,,,,,,very_weak,35.025000000000006,24.905,30.805,21.9,32.504999999999995,41.335,24.695,20.86,36.325,35.79,11.7,34.69,18.55,21.225,19.025,16.695,20.825000000000003,27.05,28.215,32.205,17.565,20.275,22.735,34.925,36.825,6552.18216522004,1700.89752073981,2865.90956361742,2939.90471697291,3486.19303238277,11246.193084562,3133.76608425363,1362.98235052356,2764.07056445519,2525.54445377537,3612.21382207563,3577.79013008451,1972.68951439195,1834.52632620868,3420.43422499572,296.506446402524,1393.76291983114,4620.3515139428,3970.04526310851,2498.14967596853,1349.14647628839,2376.39490170915,1410.09929970022,2700.71796479265,"Zinc finger protein, FOG family member 2",Q8WW38,603693.0,gene,23414.0,ZFPM2,ENSG00000169946,bacteria
sp|Q8WW38|FOG2_HUMAN,sp,Q8WW38,FOG2,HUMAN,0001259|tr|Q1G9X0|Q1G9X0_LACDA,1259,tr,Q1G9X0,Q1G9X0,VFPNPE,894,899,VFPNPE,490,495,IVNGFVFPNPEYERLA,6,,,,,,,,,,,,,,,very_weak,,,very_weak,,weak,very_weak,,,,,,,,,,,,,,,,,,,,,very_weak,,,,,,,,,,,,,,,,,,,,,,,,,,,,,,very_weak,,,,,,,,,,,weak,very_weak,24.16,57.185,45.58,22.43,16.425,19.695,7.1450000000000005,38.055,27.6,28.995,25.97,30.49,12.5,37.965,36.42,36.06,43.47,26.94,25.950000000000003,36.115,24.32,16.855,26.985,21.64,47.885000000000005,1104.09383555769,3340.12180963908,3548.9128380452,3040.3827222894,607.317906354942,4669.75510153942,1196.3111450519,2085.39317139386,2198.98515781798,459.908411792891,7408.63277731457,1824.11531746957,944.975827816639,2501.15174458626,4952.97230953619,796.268433320774,1767.72978389155,2866.0025906454,2857.7968393641,2097.9535840658,1564.29089763044,710.279005647914,1023.11684772501,989.476351368716,"Zinc finger protein, FOG family member 2",Q8WW38,603693.0,gene,23414.0,ZFPM2,ENSG00000169946,bacteria
sp|Q8WW38|FOG2_HUMAN,sp,Q8WW38,FOG2,HUMAN,0001259|tr|Q1GB27|Q1GB27_LACDA,1259,tr,Q1GB27,Q1GB27,ATEDSL,403,408,ATEDSL,64,69,DHEVSATEDSLVVDGK,6,,,very_weak,,,,,,,,,,,,,,,,,,,,,,,,,,,,,,,,,,,,,,weak,very_weak,,,,,,,strong,weak,very_weak,,,,,,,,,,,,,,,,,,,,,,,,,,,,,,,strong,weak,very_weak,14.275,65.095,83.55,33.965,47.97,56.42,49.895,24.825,49.150000000000006,23.42,59.535,60.765,3.415,51.06,67.03,59.435,22.34,50.23,52.35,44.48,52.22,51.8,35.66,42.05,87.955,2671.07623829238,8264.31883302022,13063.3143411815,5728.65871134837,9511.86066608879,16213.8857839008,9530.91923544733,2311.30019520415,5118.70577351325,1558.63119195486,17656.7307334049,8779.97141328894,822.147337253068,7500.17504912168,14913.77429149,3673.54232054459,1478.5975471342,11328.3834902554,11739.6661720968,5811.62898055161,5713.369394855,4678.80796819213,3743.5595854875,5293.07658592121,"Zinc finger protein, FOG family member 2",Q8WW38,603693.0,gene,23414.0,ZFPM2,ENSG00000169946,bacteria
sp|Q8WW38|FOG2_HUMAN,sp,Q8WW38,FOG2,HUMAN,0001259|tr|Q1G7T3|Q1G7T3_LACDA,1259,tr,Q1G7T3,Q1G7T3,KKLSTS,651,656,KKLSTS,111,116,LKEAWKKLSTSEKLLL,6,,,,,,,,,very_weak,,,,,,,,,,,,very_weak,,,very_weak,,,,,,,,weak,very_weak,,,,strong,weak,very_weak,,,,,,,,,very_weak,,,,,,very_weak,,,,,,,,,,,,very_weak,,,,,,,,,,,,very_weak,,,very_weak,strong,weak,very_weak,68.345,43.76,18.655,30.985,41.975,26.29,11.315,11.225,25.130000000000003,71.545,8.39,41.665,74.33000000000001,36.95,16.43,13.735,71.53,33.56,32.255,11.3,26.37,36.09,20.44,15.454999999999998,11.985,8259.5810324272,462.268143540232,517.352734195737,1702.14940793417,465.480301096655,1842.40346003873,267.606896951397,55.6211226470071,281.393861938594,3072.32716551734,501.919803838896,1028.68905534941,7436.25911692125,491.345246284801,778.287353398687,54.2012387166294,3227.67698244776,1105.97095937572,923.436835658973,249.651749435663,422.669189487202,754.058229818527,136.025089127095,342.593789884588,"Zinc finger protein, FOG family member 2",Q8WW38,603693.0,gene,23414.0,ZFPM2,ENSG00000169946,bacteria
sp|Q8WW38|FOG2_HUMAN,sp,Q8WW38,FOG2,HUMAN,0001259|tr|Q1G9A8|Q1G9A8_LACDA,1259,tr,Q1G9A8,Q1G9A8,MPKGAT,544,549,MPKGAT,264,269,GLPYWMPKGATIRRII,6,,,,,,,,,very_weak,,,,,,,,,very_weak,,,,,weak,very_weak,,weak,very_weak,strong,weak,very_weak,,weak,very_weak,,,,,weak,very_weak,,,,,,,,,,,,,,weak,very_weak,,weak,very_weak,,,,,,,,,,,,,,weak,very_weak,,weak,very_weak,,,,,,very_weak,strong,weak,very_weak,56.125,47.85,10.42,21.155,44.635000000000005,10.3,35.155,9.585,7.965,1.905,9.115,31.89,20.995,46.485,25.58,7.71,6.55,36.66,56.615,36.73,40.435,7.305,9.86,44.27,12.64,6002.58616816654,629.734715949785,376.702802548107,2876.78311639464,644.674220339398,814.012925729579,2293.24049815184,120.837822131318,292.510615375056,28.2319712610448,1732.92262700156,1746.11623516299,2932.78810222204,2062.46031015157,2575.51955633683,29.706388546223,79.8508103569269,3324.97770690783,2718.39593577173,854.571632495007,1957.95339415434,124.729985387296,87.415996150065,1213.96608565926,"Zinc finger protein, FOG family member 2",Q8WW38,603693.0,gene,23414.0,ZFPM2,ENSG00000169946,bacteria
sp|Q8WW38|FOG2_HUMAN,sp,Q8WW38,FOG2,HUMAN,0001259|sp|Q1GBF7|DNLJ_LACDA,1259,sp,Q1GBF7,DNLJ,AAQLIA,948,953,AAQLIA,520,525,NVGGKAAQLIARKFKN,6,,,,,,,,,,,,,,,,,,,,,,,,,,,,,,,,weak,very_weak,,,,,,very_weak,,,,,,,,,very_weak,,,,,,,,,very_weak,,,,,weak,very_weak,,,,,,,,weak,very_weak,,,,,,,,,,,weak,very_weak,64.41,22.11,32.96,64.67999999999999,29.87,42.33,37.28,24.64,40.365,28.465,6.945,37.92,57.905,41.535,14.505,24.72,18.53,44.83,2.33,54.05499999999999,40.86,7.875,34.849999999999994,51.485,20.64,10472.2336475614,340.852333437617,738.483117063859,7417.21483890463,922.817577716506,4655.1759756798,2128.93783303723,690.763100653851,1550.77554680105,190.507488770659,1482.13735716976,3150.697171557,5637.71572094882,2091.5847414225,1171.67733612785,150.14836771395,454.216428885654,4257.0937340669,334.911796795697,1915.8319878537,1749.87991107591,252.766568934566,652.209315422576,2265.88802900538,"Zinc finger protein, FOG family member 2",Q8WW38,603693.0,gene,23414.0,ZFPM2,ENSG00000169946,bacteria
sp|Q8WW38|FOG2_HUMAN,sp,Q8WW38,FOG2,HUMAN,0001259|tr|Q1GB27|Q1GB27_LACDA,1259,tr,Q1GB27,Q1GB27,SATEDS,402,407,SATEDS,63,68,FDHEVSATEDSLVVDG,6,,,very_weak,,,,,,,,,,,,,,,,,,,,,,,,,,,,,,,,,,,,,strong,weak,very_weak,,,,,,,strong,weak,very_weak,,,,,,,,,,,,,,,,,,,,,,,,,,,,,,,strong,weak,very_weak,12.62,57.36,78.42,30.115,50.055,58.365,48.725,24.515,51.23,20.89,57.03,61.395,1.85,58.625,69.545,50.84,26.875,49.385000000000005,53.03,38.925,55.54,40.605,33.53,34.83,83.28999999999999,2372.97765628736,7485.09628406867,11387.9864794564,5180.04738740878,9046.31397689316,14484.7080139095,10136.2339946639,2171.67577945152,4740.36274851983,1624.99935772952,16323.7248834628,7864.16991294233,625.26729530521,7453.98110931685,13762.5120999163,2686.03057811241,1941.26786140706,9868.82556622903,10985.8146017538,3465.80870996279,5473.86119881002,4077.00108989869,2885.7302074264,2798.76889398415,"Zinc finger protein, FOG family member 2",Q8WW38,603693.0,gene,23414.0,ZFPM2,ENSG00000169946,bacteria
sp|Q8WW38|FOG2_HUMAN,sp,Q8WW38,FOG2,HUMAN,0001259|tr|Q1GC30|Q1GC30_LACDA,1259,tr,Q1GC30,Q1GC30,KQSFSY,462,467,KQSFSY,244,249,NDLTLKQSFSYNSKLK,6,,,,,,,,,,,,,,,very_weak,,,,,,,,weak,very_weak,,,,,,,,,,,,,,,very_weak,,,,,,,,,,,,,,,,,,,,,,,weak,very_weak,,weak,very_weak,,,,,,,,weak,very_weak,,,very_weak,,,,,weak,very_weak,58.69,23.14,22.95,54.625,11.435,21.185,36.625,6.335,26.085,36.745000000000005,31.235,37.65,71.31,43.18,25.61,23.385,25.84,45.855,3.665,8.485,41.58,22.735000000000003,5.765000000000001,17.015,31.87,6219.09985399603,413.992683166528,522.17787304898,4485.09499684276,143.45924920435,1470.9065363297,2863.49192046427,83.8049414301114,451.643619522542,1872.6705873067,3214.50314125642,1411.97715527805,7580.53548609726,1397.6590484176,1411.03028156214,83.5622841795333,1048.85166366119,2849.46042543352,463.956772546691,181.24214712542,1283.37791349995,326.38342892626,104.057292541107,346.451878368739,"Zinc finger protein, FOG family member 2",Q8WW38,603693.0,gene,23414.0,ZFPM2,ENSG00000169946,bacteria
sp|Q8WW38|FOG2_HUMAN,sp,Q8WW38,FOG2,HUMAN,0001259|tr|Q1GBZ6|Q1GBZ6_LACDA,1259,tr,Q1GBZ6,Q1GBZ6,LQAASQ,206,211,LQAASQ,426,431,SLYSNLQAASQESIKY,6,,,,,,,,,very_weak,,,very_weak,,,,,,very_weak,,,,,weak,very_weak,,,,,,,,,,,,,,,very_weak,,,very_weak,,,,,,,,,very_weak,,weak,very_weak,strong,weak,very_weak,,,,,,very_weak,,weak,very_weak,,,,,,very_weak,strong,weak,very_weak,,weak,very_weak,,,very_weak,strong,weak,very_weak,35.855000000000004,25.855,13.974999999999998,18.265,30.130000000000003,11.025,28.025,6.789999999999999,24.205,20.545,23.645,33.28,17.16,27.8,39.620000000000005,6.43,0.7250000000000001,29.09,14.145,7.16,27.700000000000003,17.029999999999998,1.01,8.395,14.2,3223.34946519294,867.605569687515,647.701581854163,1978.07555772407,1470.28598684455,436.618567091489,2484.26823268472,233.838083597432,372.479627643017,425.550930240205,3336.18493944168,1808.41380296054,1188.0685699596,1506.64901606833,4134.61800618697,43.0201683456858,61.9439935242683,3038.73835377433,1204.19390169395,260.809346840488,1232.68155541511,339.26285808616,73.2178687767843,264.684096531806,"Zinc finger protein, FOG family member 2",Q8WW38,603693.0,gene,23414.0,ZFPM2,ENSG00000169946,bacteria
sp|Q8WW38|FOG2_HUMAN,sp,Q8WW38,FOG2,HUMAN,0001259|tr|Q1G7X5|Q1G7X5_LACDA,1259,tr,Q1G7X5,Q1G7X5,LIGPNG,634,639,LIGPNG,53,58,GEIIGLIGPNGAGKTT,6,,,,,weak,very_weak,,weak,very_weak,,,,,weak,very_weak,,weak,very_weak,,,,,,,,,very_weak,,,very_weak,,,,,,,,,very_weak,,,,,,,,,,,,,strong,weak,very_weak,,,,,,,,,very_weak,,weak,very_weak,,,,,weak,very_weak,,,,,,very_weak,,,very_weak,strong,weak,very_weak,42.59,9.12,7.324999999999999,57.205,8.685,6.645,40.705,32.795,17.33,15.45,44.02,70.16499999999999,48.09,76.315,59.61,1.81,27.01,78.255,13.9,6.885,73.19,7.485,29.975,18.04,14.87,9702.91410457564,535.822331069697,411.135828166641,9857.72684738169,396.94265403018,1057.74082774126,6948.96567219212,1925.55770551258,451.26750156588,448.080694905698,10903.7498451368,10408.8608102654,5618.1690590745,9406.34366504757,11806.2862533337,21.742429340213,1711.43835208013,13781.8836733134,1666.55860231698,418.0573231936,9451.33349250879,440.014170032339,966.692917076226,969.154004301922,"Zinc finger protein, FOG family member 2",Q8WW38,603693.0,gene,23414.0,ZFPM2,ENSG00000169946,bacteria
sp|Q8WW38|FOG2_HUMAN,sp,Q8WW38,FOG2,HUMAN,0001259|tr|Q1G9G3|Q1G9G3_LACDA,1259,tr,Q1G9G3,Q1G9G3,QETAES,73,78,QETAES,164,169,VIAEDQETAESTLTEM,6,,,,,,,,,,,,,,,,,,,,,,,,,,,,,,,,,,,,,,,,,,very_weak,,,,,,,,,,,,,,,,,,,,,,,,,,,,,,,,,,,,,,,,,,very_weak,72.33,79.28999999999999,90.795,46.83,90.66,88.66,42.2,71.33500000000001,90.42,30.67,73.435,83.355,10.61,84.13,81.825,73.78,51.825,81.315,85.61,69.1,78.935,73.65,71.345,58.11,95.0,11151.5603749798,9556.52794144404,18035.7568685708,6548.21335084365,18280.5512936904,25266.7613590027,5877.45765063789,11708.7140245417,15940.2683943755,2474.23571258587,22571.3802534114,13220.434816536,1319.73672289238,12018.4320800732,19024.9616116382,7377.91528455123,5314.48142778914,15270.5547894214,17398.0629928692,9652.44383471884,8932.22728181269,9500.3410303035,9607.32824783851,8805.18183436646,"Zinc finger protein, FOG family member 2",Q8WW38,603693.0,gene,23414.0,ZFPM2,ENSG00000169946,bacteria
sp|Q8WW38|FOG2_HUMAN,sp,Q8WW38,FOG2,HUMAN,0001259|tr|Q1G8K1|Q1G8K1_LACDA,1259,tr,Q1G8K1,Q1G8K1,PKRLLD,847,852,PKRLLD,180,185,FKGIHPKRLLDTDTPE,6,,,,,,very_weak,,,very_weak,,,,,,,,,,,,,,,,,,,,,,,,,,weak,very_weak,,,,,,,,,,,,very_weak,,,,,,,,,,,,,,,,,,,,,,,weak,very_weak,,,,,,,,,very_weak,,weak,very_weak,58.13,14.325,11.614999999999998,59.425,33.5,39.765,48.48,34.22,27.19,60.06,33.91,8.735,71.195,20.93,18.745,34.59,42.75,24.12,29.255000000000003,54.91,27.545,3.49,36.665,64.33,16.305,9680.9973681633,804.765201149914,962.03926074579,8951.28659662513,1833.73253127052,7308.39590279907,7157.05339844305,366.689450706007,1885.4587767267,3256.30011591554,6414.83337388818,773.25118020586,8058.40454029331,2361.6308058493,3824.66507133988,138.61921042167,4192.68624795816,4814.74614883443,3344.67847652257,2501.17880664,2734.73936185737,296.224264969149,596.604164460793,2725.90646448007,"Zinc finger protein, FOG family member 2",Q8WW38,603693.0,gene,23414.0,ZFPM2,ENSG00000169946,bacteria
sp|Q8WW38|FOG2_HUMAN,sp,Q8WW38,FOG2,HUMAN,0001259|tr|Q1GB27|Q1GB27_LACDA,1259,tr,Q1GB27,Q1GB27,SATEDSL,402,408,SATEDSL,63,69,FDHEVSATEDSLVVDGK,7,,,very_weak,,,,,,,,,,,,,,,,,,,,,,,,,,,,,,,,,,,,,strong,weak,very_weak,,,,,,,strong,weak,very_weak,,,,,,,,,,,,,,,,,,,,,,,,,,,,,,,strong,weak,very_weak,12.62,57.36,78.42,30.115,50.055,58.365,49.895,24.515,51.23,23.42,57.03,61.395,1.85,52.515,65.305,50.84,22.34,49.385000000000005,53.03,38.925,53.345,40.605,33.53,34.83,83.28999999999999,2372.97765628736,7485.09628406867,11387.9864794564,5180.04738740878,9046.31397689316,14484.7080139095,9530.91923544733,2171.67577945152,4740.36274851983,1558.63119195486,16323.7248834628,7864.16991294233,625.26729530521,7166.19688635225,13407.9937288295,2686.03057811241,1478.5975471342,9868.82556622903,10985.8146017538,3465.80870996279,5076.51243916682,4077.00108989869,2885.7302074264,2798.76889398415,"Zinc finger protein, FOG family member 2",Q8WW38,603693.0,gene,23414.0,ZFPM2,ENSG00000169946,bacteria
sp|Q8WW38|FOG2_HUMAN,sp,Q8WW38,FOG2,HUMAN,0001259|sp|Q1G939|MUTL_LACDA,1259,sp,Q1G939,MUTL,NGNLKQ,919,924,NGNLKQ,201,206,LRTPGNGNLKQDVANI,6,,,,,,,,,,,,,,,,,,,,,,,,,,,,,,,,,,,,,,,,,,,,,,,,,,,,,,,,,,,,,,,,,,,,,,,,,,,,,,,,,,,,,84.92,54.125,82.68,79.215,85.975,68.6,69.28,88.805,62.44,59.615,91.145,94.38,87.525,92.155,90.61,82.02,58.065,93.535,78.675,85.78,92.995,71.035,90.535,85.6,77.77000000000001,18587.0987244869,5888.72435922756,11532.4410391401,14623.2814436052,12515.0145607808,14386.1536670496,13449.5484448465,10180.0876366278,5522.04506385962,4626.50452236131,23979.7226350478,20840.038382871,11382.1968237125,18215.0023136414,21833.2396828705,4117.78701670755,6304.05564996828,23235.9672030183,13365.9889226608,10680.9589154879,15927.1660492572,6034.49453680946,9923.00366153749,10122.2057200357,"Zinc finger protein, FOG family member 2",Q8WW38,603693.0,gene,23414.0,ZFPM2,ENSG00000169946,bacteria
sp|Q8WW38|FOG2_HUMAN,sp,Q8WW38,FOG2,HUMAN,0644875|tr|A0A934P9U0|A0A934P9U0_9STRE,644875,tr,A0A934P9U0,A0A934P9U0,LIGPNG,634,639,LIGPNG,37,42,GDCIALIGPNGAGKTV,6,,,,,weak,very_weak,,weak,very_weak,,,,,,very_weak,,weak,very_weak,,,,,,,,,very_weak,,,very_weak,,,,,,,,,,,,,,,,,,,,,,,weak,very_weak,,,,,,,,,,,weak,very_weak,,,,,weak,very_weak,,,,,,,,,very_weak,,weak,very_weak,47.595,9.725,7.855,52.845,14.495,5.41,47.11,31.12,14.72,19.65,60.620000000000005,74.975,43.05,78.325,79.37,4.08,22.6,81.96,23.025,6.3500000000000005,85.095,9.01,28.635,20.37,19.58,9935.46578561775,561.11582678177,465.002089513471,8089.59161777997,722.400714945106,615.048242901208,6258.04721738122,1564.73101683124,246.164800583256,459.883531930651,10428.2497554808,11482.8859893364,5026.88314726807,10386.6979901077,13534.3625263574,32.5486259047506,1265.26097867584,14544.2273496309,2768.44038309851,398.129799205598,10456.4957777829,407.773319415217,920.344695914543,1172.6665820444,"Zinc finger protein, FOG family member 2",Q8WW38,603693.0,gene,23414.0,ZFPM2,ENSG00000169946,bacteria
sp|Q8WW38|FOG2_HUMAN,sp,Q8WW38,FOG2,HUMAN,0644875|tr|A0A934P990|A0A934P990_9STRE,644875,tr,A0A934P990,A0A934P990,STQTKK,647,652,STQTKK,306,311,RLDKPSTQTKKANMTF,6,,,,,,,,,,,,,,,,,,,,,,,,,,,,,,,,,,,,,,,,,,,,,,,,,,,,,,,,,,,,,,,,,,,,,,,,,,,,,,,,,,,,,95.0,64.44,53.255,89.69,78.7,76.94,70.64,73.795,65.63,73.78,58.790000000000006,69.13499999999999,92.41,83.64,72.05,75.685,73.25,81.755,74.205,85.83500000000001,82.17,21.85,79.36,90.72,54.98,39663.7023519814,4543.16721229097,4662.88865751134,17500.7692509675,8101.94242637969,16992.6786032338,13085.9486737785,5866.40291472877,7639.40700665635,5330.72161706994,18027.172624902,18096.3527310577,17548.7415549022,17418.9705387311,16831.8343609033,2522.48581432633,9327.29355178808,20789.3660537089,12756.8614033257,9767.90554327686,13306.3953346829,1798.8515216573,6506.33366877281,12777.1674300503,"Zinc finger protein, FOG family member 2",Q8WW38,603693.0,gene,23414.0,ZFPM2,ENSG00000169946,bacteria
sp|Q8WW38|FOG2_HUMAN,sp,Q8WW38,FOG2,HUMAN,0644875|tr|A0A934PB87|A0A934PB87_9STRE,644875,tr,A0A934PB87,A0A934PB87,NLLNPA,605,610,NLLNPA,115,120,LQSIRNLLNPAGLFVA,6,,,,,weak,very_weak,,weak,very_weak,,,,,weak,very_weak,,weak,very_weak,,,,,,,,,very_weak,,,,,weak,very_weak,,,,,,very_weak,,,,,,,,,,,,,,weak,very_weak,,,,,,,,weak,very_weak,strong,weak,very_weak,,,,,,,,,,,weak,very_weak,,,very_weak,strong,weak,very_weak,27.355,5.03,7.055,32.39,2.96,9.265,25.54,30.16,15.575,43.08,5.390000000000001,47.49,37.955,42.565,41.015,5.405,29.635,52.59,5.715,1.78,51.095,38.825,26.82,3.865,10.125,1443.31750979792,74.860025688718,89.9606488969588,1452.87500416894,41.1561292390086,137.173468090221,1582.98568406623,234.636417286097,36.7585591406941,496.776349939311,939.470734100241,1286.29726038665,2605.39727106387,1050.48709868693,2415.06862128921,16.2632189281783,266.497351753571,2690.18969734699,198.705478633495,31.2267082558828,1496.1225187817,268.593162017338,170.811946134759,53.8435198021212,"Zinc finger protein, FOG family member 2",Q8WW38,603693.0,gene,23414.0,ZFPM2,ENSG00000169946,bacteria
sp|Q8WW38|FOG2_HUMAN,sp,Q8WW38,FOG2,HUMAN,0644875|tr|A0A934UD78|A0A934UD78_9STRE,644875,tr,A0A934UD78,A0A934UD78,SDYISG,990,995,SDYISG,258,263,TLPSTSDYISGRFG,6,,,,,,,,,,,,,,,,,,,,,,,,,,,,,,,,,,,,,,,,,,,,,,,,,,,,,,,,,,,,,,,,,,,,,,,,,,,,,,,,,,,,,62.335,91.86,91.095,58.32,65.36,78.455,45.97,87.375,87.785,64.215,90.765,79.405,74.72999999999999,83.85499999999999,81.955,90.865,78.10499999999999,84.83500000000001,81.44,86.99,86.0,57.260000000000005,86.47,90.45,90.735,8978.64026990655,12020.9030326867,14740.6752176424,10275.9226069885,7506.18257090603,21002.5668137475,8206.75614582942,11524.4579823283,13645.8195647744,4707.95637197602,25015.4160433343,13843.6067678502,8132.15407536709,15262.1306890089,17996.7704880817,8387.00806871877,7006.94930236835,17868.5190288809,15919.5854040247,11871.8713439466,11955.1413722498,4094.15261857104,9748.16213440077,11969.1195513951,"Zinc finger protein, FOG family member 2",Q8WW38,603693.0,gene,23414.0,ZFPM2,ENSG00000169946,bacteria
sp|Q8WW38|FOG2_HUMAN,sp,Q8WW38,FOG2,HUMAN,0644875|tr|A0A934PAF7|A0A934PAF7_9STRE,644875,tr,A0A934PAF7,A0A934PAF7,YTADSV,342,347,YTADSV,3312,3317,ELASHYTADSVKGLVQ,6,,,,,,,,,,strong,weak,very_weak,,,,,weak,very_weak,,weak,very_weak,,,,,,,,,very_weak,,,,,,,,,,,,,,,,,,,,,very_weak,,,very_weak,,,,,,,,,,,weak,very_weak,,,,,weak,very_weak,,,very_weak,,,,,,,strong,weak,very_weak,24.775,49.275000000000006,38.015,0.4649999999999999,31.05,6.725,7.76,20.125,25.925,17.405,43.78,53.445,22.44,36.44,42.49,17.09,29.04,44.63,60.89,5.555,41.135,5.35,17.865000000000002,21.205,38.145,2264.58903197193,2231.60638973014,2113.92635578552,48.8739748319057,1669.97009845203,1470.47689725864,1002.40721283486,948.273835677658,1711.03101812458,826.64289137995,9496.43575301315,5264.12023346056,2269.27382012906,5262.75345219655,9425.39477298437,261.289511185454,1606.2601974004,7806.01524026953,7291.17781835447,350.869335346975,4389.84200277457,298.524784891154,561.182613393295,1119.29736971248,"Zinc finger protein, FOG family member 2",Q8WW38,603693.0,gene,23414.0,ZFPM2,ENSG00000169946,bacteria
sp|Q8WW38|FOG2_HUMAN,sp,Q8WW38,FOG2,HUMAN,0644875|tr|A0A934PAD8|A0A934PAD8_9STRE,644875,tr,A0A934PAD8,A0A934PAD8,PKWLLD,154,159,PKWLLD,16,21,QSKAEPKWLLDHRLSA,6,,,,,,,,,,,weak,very_weak,,,,,,very_weak,,weak,very_weak,,,,,,very_weak,,,,,,,,,,,,,,,,,,,,,,,,,,,,,,,,,,,,,,,,,,,,,very_weak,,,,,,,,weak,very_weak,,weak,very_weak,20.14,38.96,21.835,4.14,33.725,15.079999999999998,2.315,41.715,19.35,70.945,48.14,48.805,52.44,48.12,27.81,30.270000000000003,69.36,46.275,36.004999999999995,26.69,37.53,19.04,58.32,36.08,8.709999999999999,2530.63217609772,772.289641811052,1078.5428746402,186.639174602429,1273.68074387701,1263.11349776871,83.196914508955,1799.61074564203,834.172123244722,5070.91300217007,6778.90464479006,2748.32488258893,6674.32122976031,1916.59910985666,2419.54107414055,350.922487970384,4940.82229228189,3550.79486094922,2469.60871643541,720.815764426483,1462.68568613636,1036.26306927271,2028.20380997452,1099.90872384784,"Zinc finger protein, FOG family member 2",Q8WW38,603693.0,gene,23414.0,ZFPM2,ENSG00000169946,bacteria
sp|Q8WW38|FOG2_HUMAN,sp,Q8WW38,FOG2,HUMAN,0644875|tr|A0A934P8Z2|A0A934P8Z2_9STRE,644875,tr,A0A934P8Z2,A0A934P8Z2,TTTSPK,843,848,TTTSPK,141,146,TVYIITTTSPKAVKSV,6,,,,,weak,very_weak,strong,weak,very_weak,,,very_weak,strong,weak,very_weak,strong,weak,very_weak,,,very_weak,strong,weak,very_weak,strong,weak,very_weak,,weak,very_weak,,weak,very_weak,,,very_weak,strong,weak,very_weak,,,very_weak,,,very_weak,,weak,very_weak,,,,,weak,very_weak,,weak,very_weak,,,very_weak,,weak,very_weak,strong,weak,very_weak,,,very_weak,strong,weak,very_weak,strong,weak,very_weak,strong,weak,very_weak,,weak,very_weak,strong,weak,very_weak,34.105,3.15,1.215,10.88,1.23,0.8999999999999999,11.045,0.535,1.725,8.68,2.08,18.03,18.165,17.02,7.91,2.235,9.825,17.455,5.08,0.25,16.455,1.775,1.71,1.355,2.935,6506.61526321731,147.236498104432,52.038202758235,1488.88797097153,45.2355656476714,46.5332229015359,604.714796222025,19.2777134683113,29.6069163342209,148.331802432385,644.743976434354,1278.48555218388,2882.45365807606,1020.18752644263,1320.6366228645,13.1489339436568,443.311453369965,2094.3701438931,506.897083274321,22.9639854917508,1071.44786135709,87.0234184884285,50.3821930415569,59.7868090922621,"Zinc finger protein, FOG family member 2",Q8WW38,603693.0,gene,23414.0,ZFPM2,ENSG00000169946,bacteria
sp|Q8WW38|FOG2_HUMAN,sp,Q8WW38,FOG2,HUMAN,0644875|tr|A0A934UDQ5|A0A934UDQ5_9STRE,644875,tr,A0A934UDQ5,A0A934UDQ5,SEAAQL,946,951,SEAAQL,133,138,GWEAESEAAQLLQNLN,6,,,,,,,,,,,,,,,,,,,,,,,,,,,,,,very_weak,,,,,,,,,,,weak,very_weak,,,,,,,,weak,very_weak,,,,strong,weak,very_weak,,,,,,,,,,,,,,,,,,,,,,,,,strong,weak,very_weak,42.745000000000005,58.415000000000006,73.27000000000001,41.775000000000006,78.785,71.7,71.99000000000001,47.965,81.41,13.075,34.925,38.705,8.275,33.755,46.875,33.475,1.41,33.239999999999995,67.755,50.335,29.01,28.515,47.515,52.405,80.87,4054.43419398517,3238.90667488885,6943.02849482939,4774.95501530361,8836.67716638684,15653.305414374,11268.9705256125,3861.923678878,8373.67907299922,590.669345197064,6379.671301634,2259.96281936058,662.350286819563,1686.29312350775,5933.04459200879,993.940049980102,123.859875139645,3783.13769786644,7748.45828640043,3724.24842210006,1349.62827866732,1696.87196180866,2275.32191330048,4001.65647202664,"Zinc finger protein, FOG family member 2",Q8WW38,603693.0,gene,23414.0,ZFPM2,ENSG00000169946,bacteria
sp|Q8WW38|FOG2_HUMAN,sp,Q8WW38,FOG2,HUMAN,0644875|tr|A0A934P990|A0A934P990_9STRE,644875,tr,A0A934P990,A0A934P990,SPNTGQ,596,601,SPNTGQ,54,59,LVGEESPNTGQVSTKK,6,,,,,,,,,,,,,,,,,,,,,,,,,,,,,,very_weak,,,,,,,,,,,,,,,,,,,,,,,,,,,,,,,,,,,,,,,,,,,,,,,,,,,,,,very_weak,94.815,86.69,87.75,79.88,92.79,29.485,91.21,77.70500000000001,65.455,15.86,75.97,81.13,76.69,93.955,92.47,76.035,62.995,95.0,94.445,76.005,95.0,54.27,85.68,88.16,84.55,25125.818081778,12735.3474447115,16146.8348698263,17682.7315586882,16792.906468546,6519.93450251189,21098.2261105863,13050.3173318291,8339.68216564616,807.434075436567,25839.3238691627,21526.6588686326,10308.1048423741,22879.2207021266,24961.3423199488,5224.68384850726,8818.62517250519,36075.4267511638,23729.110328169,7893.58032906125,32018.1278912244,5436.61689849464,11547.1743000695,13538.023991582,"Zinc finger protein, FOG family member 2",Q8WW38,603693.0,gene,23414.0,ZFPM2,ENSG00000169946,bacteria
sp|Q8WW38|FOG2_HUMAN,sp,Q8WW38,FOG2,HUMAN,0644875|tr|A0A934P8U2|A0A934P8U2_9STRE,644875,tr,A0A934P8U2,A0A934P8U2,ISENPL,1079,1084,ISENPL,64,69,SERKIISENPLGKPIE,6,,,,,weak,very_weak,,,very_weak,,,very_weak,,,,,weak,very_weak,strong,weak,very_weak,,,,,weak,very_weak,,,,,weak,very_weak,,,,strong,weak,very_weak,,,,,,very_weak,,weak,very_weak,,,,,,very_weak,,,,,,,,,very_weak,,weak,very_weak,,,very_weak,,,very_weak,,,,,,,,,very_weak,strong,weak,very_weak,48.61,8.405000000000001,19.64,13.995,20.125,7.88,1.64,33.945,7.41,35.465,8.56,34.015,47.765,19.785,9.99,14.775,57.81,27.695,19.755,9.045000000000002,18.61,19.815,39.09,26.495,17.915,10926.5430334862,395.88753029527,1157.7773937917,2093.03359392759,953.397162265443,1200.03179561332,143.491849050456,1635.29983205493,260.998482640444,2839.5502681254,2824.59680787598,3373.71857649371,7386.86137360863,2000.3514738538,2071.49544968647,160.968053121989,5736.90836035053,4470.22169845779,2422.97294134914,420.029590977057,1630.72360943832,1732.86637839863,1622.96110969332,1385.47844575257,"Zinc finger protein, FOG family member 2",Q8WW38,603693.0,gene,23414.0,ZFPM2,ENSG00000169946,bacteria
sp|Q8WW38|FOG2_HUMAN,sp,Q8WW38,FOG2,HUMAN,0644875|tr|A0A934P951|A0A934P951_9STRE,644875,tr,A0A934P951,A0A934P951,EGEELI,191,196,EGEELI,99,104,VYLLSEGEELIASSFP,6,,,,,,,,,,,,very_weak,,,,,,,,,,,,very_weak,,,,,,,,,,,,,,,,,,,,,,,,,,weak,very_weak,,weak,very_weak,,,very_weak,,,,,,,,,,,,very_weak,,,,,,very_weak,,,,,,,,weak,very_weak,32.655,51.36,67.44,14.085,42.16,35.67,33.480000000000004,10.11,52.945,28.81,39.83,41.6,24.64,23.985,36.185,9.32,19.45,24.875,40.665,34.53,17.465,55.36,11.375,31.47,64.5,1144.45090675985,1356.61176192399,3240.06334169156,547.460719499143,1035.64658520601,1913.73951477551,2128.38507356112,75.0660407423787,1040.40861773866,1156.95091387327,2546.83856783188,695.864097250367,934.958241249835,318.320114298516,1861.92223095429,23.8546770479735,662.343120375083,818.818300999208,2276.79950158157,519.281910976518,364.025083476875,1986.76252429212,68.0662663075893,372.721514968732,"Zinc finger protein, FOG family member 2",Q8WW38,603693.0,gene,23414.0,ZFPM2,ENSG00000169946,bacteria
sp|Q8WW38|FOG2_HUMAN,sp,Q8WW38,FOG2,HUMAN,0644875|tr|A0A934P997|A0A934P997_9STRE,644875,tr,A0A934P997,A0A934P997,SPKRLL,846,851,SPKRLL,159,164,KVISQSPKRLLASGIA,6,,,,,,very_weak,,,very_weak,,,,,,very_weak,,,,,weak,very_weak,,,,,weak,very_weak,,,,,,,,,,,,very_weak,,,,,,,,,,,,,,,very_weak,,,,,,,,weak,very_weak,,,,,,,,,,,,,,,,,weak,very_weak,,weak,very_weak,76.58500000000001,13.15,15.585,40.785,14.775,25.855,6.025,25.155,6.390000000000001,52.985,22.46,35.91,74.03,42.21,25.24,12.83,43.255,42.260000000000005,9.955,49.92,45.925,32.295,26.105,62.87,8.175,12355.8457435011,117.226818211886,584.61009955643,3964.42214288189,210.032916882819,2151.58532001411,388.340204412363,260.958950394624,207.986332029914,1626.40653727753,3046.67240609932,2572.37256032846,9943.74669899355,1785.22081525895,1995.31492236638,30.9060418521608,1688.00905582775,4401.06564593419,522.217423488385,1127.12379887745,2026.99720967202,296.682946284328,352.700129194914,1813.92039454965,"Zinc finger protein, FOG family member 2",Q8WW38,603693.0,gene,23414.0,ZFPM2,ENSG00000169946,bacteria
sp|Q8WW38|FOG2_HUMAN,sp,Q8WW38,FOG2,HUMAN,0644875|tr|A0A934P951|A0A934P951_9STRE,644875,tr,A0A934P951,A0A934P951,GEELIA,192,197,GEELIA,100,105,YLLSEGEELIASSFPK,6,,,,,,,,,,,,,,,,,,,,,,,,,,,,,,,,,,,,,,,,,,,,,,,,,,weak,very_weak,,,,,,,,,,,,,,,,,,,,,,,,,,,,,,,,weak,very_weak,48.54,66.37,77.595,42.025000000000006,69.355,69.08500000000001,59.38,47.63,72.655,43.3,59.935,55.285,31.22,41.29,56.17999999999999,47.925,22.18,44.645,46.835,59.955,38.43,58.175,39.505,57.120000000000005,75.92,2043.22546085842,2405.78405360757,5230.28330908936,1909.99535327625,3001.06495209469,7086.54745832752,4020.97011131353,569.82192148141,3137.49803661739,1482.18546714335,6220.44578524853,1529.99259427678,1168.75253896529,864.382340677342,3645.39068725292,171.180123690388,712.958448265646,2100.97477655839,3513.3433314277,1646.12861285589,812.332441831875,2375.98354426131,401.204367906537,1282.46177359347,"Zinc finger protein, FOG family member 2",Q8WW38,603693.0,gene,23414.0,ZFPM2,ENSG00000169946,bacteria
sp|Q8WW38|FOG2_HUMAN,sp,Q8WW38,FOG2,HUMAN,0644875|tr|A0A934PAN3|A0A934PAN3_9STRE,644875,tr,A0A934PAN3,A0A934PAN3,NGGLKQ,1045,1050,NGGLKQ,71,76,TLEMTNGGLKQVAWYV,6,,,,,,,,,,,,,,,,,,,,,,,,,,,,,,,,,,,,,,,very_weak,,,,,,,,,,,,,,,,,,,,,,,,,,,,,,,,,,,,,,,,,,,,,very_weak,78.81,64.89,62.92,76.99,63.67,54.79,60.625,61.17,53.245000000000005,29.275,65.445,78.185,71.39,71.965,70.475,54.06,27.37,80.61,55.205,75.675,79.15,46.375,58.195,77.93,59.0,9997.36252736672,1757.45063281937,2663.68795939127,7576.6815395811,1542.25848597165,4377.0364948669,5571.3161141565,1195.18556244479,1209.19440504229,281.814333218646,7859.40639602204,7291.57227366131,6205.45512007614,5628.14703348071,6576.18792151914,258.939518717204,754.433625401376,10434.7960276275,2945.63593720797,3609.98675778973,5121.86359307967,723.237534317142,1011.16529365281,3995.5130135828,"Zinc finger protein, FOG family member 2",Q8WW38,603693.0,gene,23414.0,ZFPM2,ENSG00000169946,bacteria
sp|Q8WW38|FOG2_HUMAN,sp,Q8WW38,FOG2,HUMAN,0644875|tr|A0A934PA43|A0A934PA43_9STRE,644875,tr,A0A934PA43,A0A934PA43,NSPDVS,903,908,NSPDVS,880,885,NKRTKNSPDVSTILNS,6,,,,,,,,,,,,very_weak,,,,,,,,,,,,,,,,,,,,,,,,,,,,,,,,,,,,,,,,,,,,,,,,,,,,,,,,,,,,,,,,,,,,,,,,very_weak,79.485,79.815,78.80000000000001,19.435,74.345,41.36,44.540000000000006,60.16,57.49,45.155,40.71,76.515,66.86,82.035,82.32,72.34,63.055,67.96,81.19999999999999,59.63,80.675,59.16,72.36,76.625,75.355,15781.8706758011,5491.30135637566,7044.42528827286,2076.54454541228,8089.3290392784,6820.61979236623,5913.11373937822,3994.0434446984,2996.8142829171,1507.95370931103,11284.5880913569,11909.6960711944,5829.00994789169,11216.4206407221,14386.3093228847,2691.79107286301,4271.02685012934,14871.5568607869,13145.6927951407,3739.10674252763,9444.07572595473,2907.82656269094,4149.13779229564,6601.21007152102,"Zinc finger protein, FOG family member 2",Q8WW38,603693.0,gene,23414.0,ZFPM2,ENSG00000169946,bacteria
sp|Q8WW38|FOG2_HUMAN,sp,Q8WW38,FOG2,HUMAN,0644875|tr|A0A934P947|A0A934P947_9STRE,644875,tr,A0A934P947,A0A934P947,GKLPRE,389,394,GKLPRE,81,86,PVRKPGKLPREVVSAD,6,,,,,,,,,,,,,,,,,,,,,,,,,,,,,,,,,,,,,,,,,,,,,,,,,,,,,,,,,,,,,,,,,,,,,,,,,,,,,,,,,,,,,90.07,58.06,62.605,68.52,75.155,77.535,46.91,85.465,65.325,82.75,48.165,70.255,85.85499999999999,79.51,59.78,75.805,85.195,72.27000000000001,43.74,81.925,77.33500000000001,53.845,82.705,83.09,48.040000000000006,20941.980457205,3544.65316852247,5258.99663325428,14444.1740108424,7314.88294840694,16240.9246243167,6781.61899914989,8995.75441367883,7084.93746892327,5784.52797489547,10921.460636631,13187.8613953287,11449.8850548626,12390.2512471774,10407.059021171,2796.55917646502,11103.76211396,15259.819003914,6690.01022525705,9266.03577251828,9134.7366437682,2800.22281032403,6636.58780668634,9130.8828597369,"Zinc finger protein, FOG family member 2",Q8WW38,603693.0,gene,23414.0,ZFPM2,ENSG00000169946,bacteria
sp|Q8WW38|FOG2_HUMAN,sp,Q8WW38,FOG2,HUMAN,0644875|tr|A0A934P951|A0A934P951_9STRE,644875,tr,A0A934P951,A0A934P951,SEGEEL,190,195,SEGEEL,98,103,QVYLLSEGEELIASSF,6,,,very_weak,,,,,,,,weak,very_weak,,,,,,very_weak,,,very_weak,,weak,very_weak,,,,,,,,,very_weak,,,,,,very_weak,,,very_weak,,weak,very_weak,,,very_weak,strong,weak,very_weak,,weak,very_weak,,,,,weak,very_weak,,,,,,very_weak,,weak,very_weak,,,,,weak,very_weak,,,very_weak,,,,strong,weak,very_weak,18.395,35.89,54.42999999999999,5.7700000000000005,21.630000000000003,10.735,16.740000000000002,2.165,31.925,28.81,15.715,23.705,16.66,7.165,16.73,2.895,27.28,9.65,22.68,19.095,5.69,47.11,3.0500000000000003,17.475,50.63,824.659685551788,1146.63233922288,2398.71428818191,280.018023935184,657.182022226008,827.412441339141,1404.79986020547,37.698656712268,514.767506834694,1156.95091387327,1421.88084899888,457.922269997142,804.965495835129,209.370391216325,1372.58694423745,14.0585191295559,752.354979095664,442.353184242575,1832.80026110128,339.097714592074,229.005667767016,1843.5001781603,42.0259588895017,239.463254286705,"Zinc finger protein, FOG family member 2",Q8WW38,603693.0,gene,23414.0,ZFPM2,ENSG00000169946,bacteria
sp|Q8WW38|FOG2_HUMAN,sp,Q8WW38,FOG2,HUMAN,0644875|tr|A0A934PAD0|A0A934PAD0_9STRE,644875,tr,A0A934PAD0,A0A934PAD0,KVFSEA,943,948,KVFSEA,309,314,RMTDFKVFSEAPSVKA,6,,weak,very_weak,,,,strong,weak,very_weak,,,very_weak,,weak,very_weak,,weak,very_weak,,,,,weak,very_weak,,weak,very_weak,,,very_weak,strong,weak,very_weak,,,very_weak,,weak,very_weak,,,very_weak,,,very_weak,,weak,very_weak,,,,,weak,very_weak,,,,,,very_weak,,,,strong,weak,very_weak,,,very_weak,strong,weak,very_weak,strong,weak,very_weak,strong,weak,very_weak,,weak,very_weak,strong,weak,very_weak,3.25,21.015,1.35,14.18,3.025,6.55,22.325,2.255,7.42,17.98,1.52,13.47,10.585,18.225,7.1450000000000005,3.695,33.265,15.235,20.45,1.695,14.1,0.23,0.755,1.37,3.66,562.653931684412,822.076176717629,186.978741402129,1892.69431171824,141.57801213835,766.205496096125,2112.00596258706,35.536078401738,332.928298085852,472.140281019757,826.115358302195,888.947715086187,1282.9752866002,1305.11073648386,1382.64812300173,19.2468682448874,1404.34394551227,1842.90188737031,2190.57871100997,64.6102898017243,874.80719122484,149.611596122201,28.3228398947161,77.283794755722,"Zinc finger protein, FOG family member 2",Q8WW38,603693.0,gene,23414.0,ZFPM2,ENSG00000169946,bacteria
sp|Q8WW38|FOG2_HUMAN,sp,Q8WW38,FOG2,HUMAN,0644875|tr|A0A934P9Y3|A0A934P9Y3_9STRE,644875,tr,A0A934P9Y3,A0A934P9Y3,KAISEG,187,192,KAISEG,88,93,RTAIFKAISEGQKDFS,6,,,,,,very_weak,,weak,very_weak,,,,,,very_weak,,,very_weak,,,,,,very_weak,,,,,,very_weak,,,very_weak,,,,strong,weak,very_weak,,,very_weak,,,,,weak,very_weak,,,,,,very_weak,,,very_weak,,,,,,,strong,weak,very_weak,,,,,weak,very_weak,,weak,very_weak,,weak,very_weak,,weak,very_weak,strong,weak,very_weak,44.37,11.055,3.725000000000001,31.805,10.41,15.645,26.2,13.25,21.0,19.975,11.575,43.445,19.42,29.22,8.87,10.14,18.625,35.185,20.945,1.99,22.865,5.395,5.3950000000000005,6.27,5.075,5437.79348558335,553.973433471373,304.524192256394,4773.76689218944,458.090757979004,3046.27685993894,3795.93028400388,524.828708087326,1396.87290681807,1203.41240872715,2889.60445295896,4090.03499298261,2412.24817474829,2670.64276667865,1730.89882710374,97.1858920280668,1091.11370525716,4986.95729279858,2258.5205942424,142.059828747485,1719.2333511769,285.157602767272,205.625694713028,303.238613776263,"Zinc finger protein, FOG family member 2",Q8WW38,603693.0,gene,23414.0,ZFPM2,ENSG00000169946,bacteria
sp|Q8WW38|FOG2_HUMAN,sp,Q8WW38,FOG2,HUMAN,0283361|tr|A0A3R6IN37|A0A3R6IN37_9BACT,283361,tr,A0A3R6IN37,A0A3R6IN37,RLLDSIQ,222,228,RLLDSIQ,94,100,IKERLRLLDSIQQKPAR,7,,,very_weak,strong,weak,very_weak,strong,weak,very_weak,,,very_weak,strong,weak,very_weak,,weak,very_weak,,,very_weak,,,very_weak,,weak,very_weak,,,,,weak,very_weak,,,,,weak,very_weak,,,,,,very_weak,,weak,very_weak,,,,strong,weak,very_weak,,,,,,,strong,weak,very_weak,strong,weak,very_weak,,,very_weak,,weak,very_weak,,,very_weak,strong,weak,very_weak,strong,weak,very_weak,strong,weak,very_weak,12.015,0.6,1.24,15.765,1.8,9.78,12.54,16.785,9.465,62.760000000000005,9.355,34.44,26.85,13.65,6.795,1.785,24.85,21.44,0.42,0.305,17.700000000000003,8.33,16.86,0.56,1.895,1986.65504554931,49.2370195836258,145.021443147548,2090.45352328006,90.3420365864762,1902.38490275541,636.798854901616,686.256156223797,418.564238480662,5094.9462844616,2591.62081040435,2105.86786310048,3788.09379945007,784.637210179192,993.617476006555,20.3449389754694,1229.56456509878,2152.19067673703,118.348312841694,43.6852922049194,826.857577480338,525.669803820628,488.74717860013,48.1939468864168,"Zinc finger protein, FOG family member 2",Q8WW38,603693.0,gene,23414.0,ZFPM2,ENSG00000169946,bacteria
sp|Q8WW38|FOG2_HUMAN,sp,Q8WW38,FOG2,HUMAN,0283361|tr|A0A3R6LR88|A0A3R6LR88_9BACT,283361,tr,A0A3R6LR88,A0A3R6LR88,ANENVS,1086,1091,ANENVS,2,7,MANENVSTKVVF,6,,,,,,,,,,,,,,,,,,,,,,,,,,,,,,,,,,,,,,,,,,,,,,,,,,,,,,,,,,,,,,,,,,,,,,,,,,,,,,,,,,,,,94.065,95.0,90.95,89.62,93.515,67.495,88.925,87.28999999999999,69.695,91.455,93.58,94.265,86.50999999999999,93.24,92.935,94.155,58.06,93.42,90.19,94.16,92.79,84.35,91.985,95.0,91.205,23690.3736798842,23509.3348275788,14836.5204827284,14814.2238805726,18067.9842040869,9936.21831087362,18651.3631088489,10111.0408398395,4426.47176714937,9001.49883903648,26244.7816100959,20613.3157546057,11652.9787122522,19412.1335857528,21791.2310638436,11470.8408100556,5138.46023573331,23039.9462346588,17499.8225043612,15315.3962070323,15394.81038272,8124.32690333753,11565.4296435412,23238.2299853094,"Zinc finger protein, FOG family member 2",Q8WW38,603693.0,gene,23414.0,ZFPM2,ENSG00000169946,bacteria
sp|Q8WW38|FOG2_HUMAN,sp,Q8WW38,FOG2,HUMAN,0283361|tr|A0A416A6C3|A0A416A6C3_9BACT,283361,tr,A0A416A6C3,A0A416A6C3,SNKVPA,723,728,SNKVPA,289,294,MASGYSNKVPAQSLVD,6,,,,,,,strong,weak,very_weak,,,,,,,,weak,very_weak,,,,,,very_weak,,,,,,,,,very_weak,,,,,,very_weak,,,,,,,,,,,,,,,very_weak,,,,,,,,,,,,very_weak,,,,strong,weak,very_weak,,,,,,,,,very_weak,strong,weak,very_weak,73.655,48.205,1.45,55.15,54.735,9.04,59.32,19.67,22.1,21.82,17.97,37.135000000000005,37.07,52.33,41.115,15.485,35.4,48.145,64.76,15.875,45.27,1.365,21.89,25.840000000000003,10.28,11610.3149863264,2393.96948624394,220.997122874714,7968.49370226874,3282.7964356918,1111.2006181427,8630.12409516814,502.816663229848,1188.35140566798,285.614599191649,5430.67902159904,7293.22921899813,2956.30015147013,8684.7343780992,11071.2517938042,143.239006426882,1707.75735702361,12487.5565607978,7277.85777146683,750.631210254134,6565.66572001168,349.301170215353,612.577675150122,1627.4451128683,"Zinc finger protein, FOG family member 2",Q8WW38,603693.0,gene,23414.0,ZFPM2,ENSG00000169946,bacteria
sp|Q8WW38|FOG2_HUMAN,sp,Q8WW38,FOG2,HUMAN,0283361|tr|A0A416AAZ0|A0A416AAZ0_9BACT,283361,tr,A0A416AAZ0,A0A416AAZ0,DFPLEE,39,44,DFPLEE,622,627,EKIRADFPLEEHRSMP,6,,,very_weak,,,,,,,strong,weak,very_weak,,,,,,,strong,weak,very_weak,,,,,,,,,,,,very_weak,,,,,,,strong,weak,very_weak,,,very_weak,,,very_weak,strong,weak,very_weak,,,,,,,,,very_weak,,,,,weak,very_weak,,,very_weak,,,very_weak,,,,,weak,very_weak,,,,strong,weak,very_weak,11.93,20.37,45.72,1.77,51.975,21.285,0.5900000000000001,55.035,26.52,31.59,15.64,27.815,0.77,18.75,13.79,51.2,52.685,17.175,40.44,7.795,10.9,19.91,50.98,7.640000000000001,46.355,1251.83453921301,1277.10300723879,4523.69410853082,166.424483565524,4383.29229160462,5377.41275598176,68.1075206714586,5249.5595152391,1614.64146926243,2999.73394218842,4194.13814523076,1810.07773207892,581.550339210429,1279.38500889821,2255.27285155656,2112.16592869853,3999.27584346953,2084.37806140861,5477.41591039275,474.290713759342,755.511885410894,2008.61461381565,3821.10787216989,447.852890545932,"Zinc finger protein, FOG family member 2",Q8WW38,603693.0,gene,23414.0,ZFPM2,ENSG00000169946,bacteria
sp|Q8WW38|FOG2_HUMAN,sp,Q8WW38,FOG2,HUMAN,0283361|tr|A0A3R6IM73|A0A3R6IM73_9BACT,283361,tr,A0A3R6IM73,A0A3R6IM73,RTRKRR,734,739,RTRKRR,56,61,ANFVFRTRKRRFLL,6,,,,,,,,,,,,,,,,,,,,,very_weak,,,,,weak,very_weak,,,,,,,,,,,,very_weak,,,,,,,,,,,,,,,,,,,,,,,,very_weak,,,,,,,,,,,,,,,,,weak,very_weak,,weak,very_weak,78.33,34.3,21.12,52.195,27.895,30.895000000000003,16.24,43.68,3.85,86.71000000000001,54.025,40.760000000000005,95.0,51.065,26.47,45.615,84.075,55.425,11.925,53.415,54.83,29.655,54.58500000000001,64.46000000000001,7.984999999999999,11012.3532947512,371.674469722917,531.325074496366,4709.12811578177,323.343021041381,3412.52360203741,826.633947335531,585.420305479314,223.858554470265,6526.63965130803,4808.75900855988,2350.41450421879,27165.8488281412,2274.97728070229,1176.64465592339,468.770567546603,6009.79957724848,3710.21179641962,623.706473093531,2127.18792032976,2057.37867786502,183.023588997629,1058.9890164409,2253.00464856863,"Zinc finger protein, FOG family member 2",Q8WW38,603693.0,gene,23414.0,ZFPM2,ENSG00000169946,bacteria
sp|Q8WW38|FOG2_HUMAN,sp,Q8WW38,FOG2,HUMAN,0283361|tr|A0A3R6N6C0|A0A3R6N6C0_9BACT,283361,tr,A0A3R6N6C0,A0A3R6N6C0,THKKFY,1136,1141,THKKFY,168,173,VGLYYTHKKFYAGLGV,6,,,,,,,,weak,very_weak,,,,,,,,,,,,very_weak,,,,,weak,very_weak,,,,,,,,weak,very_weak,,,very_weak,,,,,,,,weak,very_weak,,,,,,,,,,,,very_weak,,weak,very_weak,,,,,,,,weak,very_weak,,,,,,,strong,weak,very_weak,strong,weak,very_weak,47.055,37.485,3.925,37.775,24.025,20.065,15.415,31.8,6.205,67.64,45.760000000000005,4.995,87.67,23.835,7.08,29.305,74.035,16.985,6.3100000000000005,33.955,25.115,5.34,30.935,47.815,1.465,4498.89806944,953.09805836188,335.161923477601,4393.07299518976,212.780010878661,2959.43649216106,1341.66420400689,434.479077466707,401.334617313664,3422.24811444493,5483.87954350898,389.097257259948,10815.9768417086,1538.25882650049,1100.67063680234,200.185830863479,4324.12784301511,2003.96918231975,515.40284099539,1412.08410028626,1413.38336478436,153.91177921868,402.966307139522,1368.83475734361,"Zinc finger protein, FOG family member 2",Q8WW38,603693.0,gene,23414.0,ZFPM2,ENSG00000169946,bacteria
sp|Q8WW38|FOG2_HUMAN,sp,Q8WW38,FOG2,HUMAN,0283361|tr|A0A3R6IN37|A0A3R6IN37_9BACT,283361,tr,A0A3R6IN37,A0A3R6IN37,LLDSIQ,223,228,LLDSIQ,95,100,KERLRLLDSIQQKPAR,6,,,very_weak,strong,weak,very_weak,strong,weak,very_weak,,,very_weak,strong,weak,very_weak,,weak,very_weak,,,very_weak,,,very_weak,,weak,very_weak,,,,,weak,very_weak,,,,,weak,very_weak,,,,,,very_weak,,weak,very_weak,,,,strong,weak,very_weak,,,,,,very_weak,strong,weak,very_weak,strong,weak,very_weak,,,very_weak,,weak,very_weak,,,very_weak,strong,weak,very_weak,strong,weak,very_weak,strong,weak,very_weak,14.195,0.6,1.24,15.765,1.8,9.78,12.54,16.785,9.465,62.760000000000005,9.355,32.370000000000005,32.68,13.1,7.164999999999999,1.785,24.85,19.34,0.42,0.305,18.09,8.33,16.86,0.56,1.895,2196.20319282637,49.2370195836258,145.021443147548,2090.45352328006,90.3420365864762,1902.38490275541,636.798854901616,686.256156223797,418.564238480662,5094.9462844616,2591.62081040435,2176.80418228141,4198.26972655324,856.274641850301,1260.73774502474,20.3449389754694,1229.56456509878,2180.24557036351,118.348312841694,43.6852922049194,966.379185905548,525.669803820628,488.74717860013,48.1939468864168,"Zinc finger protein, FOG family member 2",Q8WW38,603693.0,gene,23414.0,ZFPM2,ENSG00000169946,bacteria
sp|Q8WW38|FOG2_HUMAN,sp,Q8WW38,FOG2,HUMAN,0283361|tr|A0A3R6IHY3|A0A3R6IHY3_9BACT,283361,tr,A0A3R6IHY3,A0A3R6IHY3,NQRPEI,451,456,NQRPEI,707,712,YLGALNQRPEISMAYS,6,,,,,,very_weak,,,,,,,,,,,,,,,,,,,,,,,,,,,,,,,,,,,,,,,,,,,,,,,,,,,,,,,,,,,,,,,,,,,,,,,,,,,,,,very_weak,70.045,17.189999999999998,45.36,49.99,35.055,48.53,47.91,63.010000000000005,40.07,51.18,69.245,73.645,60.99,68.975,68.895,45.345,36.77,76.56,35.0,41.41,69.545,38.515,54.95,56.745,49.96,6865.33950486043,318.781965535251,2109.42532819911,4273.24558127889,2038.49998298735,3314.95567084605,4146.84889357064,1933.57464561059,1395.70962461786,1398.29433191572,9303.30566965083,7605.59282090254,4732.93157658806,5263.77850487022,8322.46536091449,280.934499791903,1287.78729001067,9449.59520972129,2460.70013640416,744.395453530555,4600.94581223644,640.038488186349,1382.43869961763,1212.66643230533,"Zinc finger protein, FOG family member 2",Q8WW38,603693.0,gene,23414.0,ZFPM2,ENSG00000169946,bacteria
sp|Q8WW38|FOG2_HUMAN,sp,Q8WW38,FOG2,HUMAN,0283361|tr|A0A416AG65|A0A416AG65_9BACT,283361,tr,A0A416AG65,A0A416AG65,NNLSNF,1129,1134,NNLSNF,262,267,YKSGFNNLSNFNRAFK,6,,,,,,,,weak,very_weak,,,very_weak,,weak,very_weak,,weak,very_weak,,,,,,very_weak,,weak,very_weak,,,,,,,,,very_weak,strong,weak,very_weak,,,,,,,,weak,very_weak,,,,,weak,very_weak,,,very_weak,,,,,,very_weak,,weak,very_weak,,,,,,very_weak,,,,,weak,very_weak,,weak,very_weak,strong,weak,very_weak,32.05,35.955,7.76,18.015,7.074999999999999,8.53,21.340000000000003,15.79,4.685,41.19,30.905,16.655,53.025,22.275,6.444999999999999,5.33,17.255,27.125,14.645,5.765000000000001,21.205,17.59,23.47,5.12,5.25,2792.74924714699,762.360246592586,428.100145705681,2230.52010731566,194.719152502465,333.119269986474,1990.95873378924,393.806993272495,159.158291206199,761.420489437811,4815.110824045,743.220469539316,3899.62963264845,1089.81586082062,990.161767198166,32.4603514274909,552.752032502567,1868.07678412642,1106.71312263449,81.8132822866534,1124.41970680782,300.765059767617,321.535867105091,162.479884419394,"Zinc finger protein, FOG family member 2",Q8WW38,603693.0,gene,23414.0,ZFPM2,ENSG00000169946,bacteria
sp|Q8WW38|FOG2_HUMAN,sp,Q8WW38,FOG2,HUMAN,0283361|tr|A0A416A9M8|A0A416A9M8_9BACT,283361,tr,A0A416A9M8,A0A416A9M8,VSPGIP,1090,1095,VSPGIP,677,682,LGLYQVSPGIPVYTLG,6,,,,,,,,,very_weak,,weak,very_weak,,,very_weak,strong,weak,very_weak,,,,strong,weak,very_weak,,weak,very_weak,strong,weak,very_weak,,weak,very_weak,,,,,weak,very_weak,,,,,,very_weak,,,,,,,strong,weak,very_weak,,,,,,very_weak,,,,,weak,very_weak,,,very_weak,,,,strong,weak,very_weak,,,very_weak,,,very_weak,strong,weak,very_weak,41.6,43.325,16.7,2.505,10.315,0.6849999999999999,27.245,0.2299999999999999,4.495,1.59,4.665,22.16,48.225,17.825,29.950000000000003,0.74,38.25,12.545,21.635,8.345,16.48,28.72,0.485,10.4,12.8,2853.90348210747,445.378767338503,269.655992549822,146.63713537083,107.455453837489,22.350664569154,1189.61212842201,6.88339761350413,20.4539732063499,28.8533026303407,570.01307929045,441.482959612205,3414.29635427712,460.022876496927,1662.25457076769,4.72836513115526,869.626188489911,662.56531621373,682.058989734035,83.5089578043632,526.882666217995,175.590337801,13.1276109690845,107.74883996157,"Zinc finger protein, FOG family member 2",Q8WW38,603693.0,gene,23414.0,ZFPM2,ENSG00000169946,bacteria
sp|Q8WW38|FOG2_HUMAN,sp,Q8WW38,FOG2,HUMAN,0283361|tr|A0A416AE92|A0A416AE92_9BACT,283361,tr,A0A416AE92,A0A416AE92,TKEENR,954,959,TKEENR,121,126,RIVIATKEENRYRIKL,6,,,,,weak,very_weak,,weak,very_weak,,,,,,very_weak,,,,,weak,very_weak,,,,,weak,very_weak,,,,,,,,,,,weak,very_weak,,,,,,,,weak,very_weak,,,,,,,,,,,,,,weak,very_weak,,,,,,very_weak,,weak,very_weak,,,,,,,,weak,very_weak,,weak,very_weak,35.305,8.745000000000001,6.609999999999999,21.555,14.52,28.910000000000004,4.2,33.49,9.835,39.475,22.905,23.505000000000003,42.05,21.455,9.035,37.945,55.785,22.2,5.050000000000001,38.12,17.675,9.895,28.395000000000003,39.45,5.405,9240.20567690415,458.150239125583,481.222517047681,3474.93302504093,889.313282485822,4908.426137093,404.398929744563,2133.57283295467,648.360667787994,4457.37462382069,4632.81610054463,2937.86963816373,5888.2783732733,2107.82828705744,1869.14833669802,830.866311469281,4715.19527577344,4240.63585917309,800.07692477118,1897.55395208942,1630.17673505306,1792.14924340299,1552.65593924453,2136.73779364685,"Zinc finger protein, FOG family member 2",Q8WW38,603693.0,gene,23414.0,ZFPM2,ENSG00000169946,bacteria
sp|Q8WW38|FOG2_HUMAN,sp,Q8WW38,FOG2,HUMAN,0283361|tr|A0A3R6LQ04|A0A3R6LQ04_9BACT,283361,tr,A0A3R6LQ04,A0A3R6LQ04,SEILAK,514,519,SEILAK,622,627,LYLSSSEILAKLAEKT,6,,,,,,,,,,,,,,,,,,,,,,,,,,,,,,,,,very_weak,,weak,very_weak,,,,,,,,,very_weak,,,,,,,,,,,weak,very_weak,,,very_weak,,,,,,,,,very_weak,,,very_weak,,,very_weak,,,,,,,,weak,very_weak,45.815,39.22,39.745,45.19,47.44,40.345,28.86,30.99,41.3,44.875,15.77,9.42,39.405,14.635,20.270000000000003,32.06,9.015,19.115,36.515,38.605,16.77,18.965,18.935,34.73,30.49,2962.64026972585,411.554190339639,710.125321049622,2031.14653459641,629.646145508903,1530.37338781086,838.434011104655,136.095752017533,354.195399504939,670.998877655967,758.345553219792,299.696327577589,2361.57970175882,116.235365613447,478.263819039915,53.5906951399192,180.566863319716,455.979239324835,1257.29131588354,379.924185097956,192.565343862121,233.022295312719,111.27959433844,367.27711088481,"Zinc finger protein, FOG family member 2",Q8WW38,603693.0,gene,23414.0,ZFPM2,ENSG00000169946,bacteria
sp|Q8WW38|FOG2_HUMAN,sp,Q8WW38,FOG2,HUMAN,0283361|tr|A0A3R6LV26|A0A3R6LV26_9BACT,283361,tr,A0A3R6LV26,A0A3R6LV26,LIAFVV,195,200,LIAFVV,12,17,WIAFFLIAFVVALCKL,6,,,,,,,,,,,,,,,,,,,,,,,,,,,,,,,,,,,,,,,,,,,,,,,,,,,,,,,,,,,,,,,,,,,,,,,,,,,,,,,,,,,,,38.935,72.85,72.99000000000001,58.46,55.2,55.875,74.525,47.58,72.78999999999999,80.595,56.655,31.145,82.445,52.225,56.925,43.83,75.3,32.97,64.815,69.965,65.03999999999999,49.195,50.17,59.49,65.0,1339.2131555549,2590.19112600591,3648.9027443579,6533.63445951474,1140.19917360798,5003.06265918553,7188.71783208401,951.686318512712,3103.19673170468,5350.77323246012,3900.85342534779,784.94289533267,8453.78903636214,1157.73981371751,2615.48049860226,408.086692967606,3418.06651111393,1361.39058670286,3374.33918264681,3352.61319441291,1990.29105207585,979.029390170603,1284.2530211851,2375.34094079666,"Zinc finger protein, FOG family member 2",Q8WW38,603693.0,gene,23414.0,ZFPM2,ENSG00000169946,bacteria
sp|Q8WW38|FOG2_HUMAN,sp,Q8WW38,FOG2,HUMAN,0283361|tr|A0A416AG65|A0A416AG65_9BACT,283361,tr,A0A416AG65,A0A416AG65,FNNLSN,1128,1133,FNNLSN,261,266,CYKSGFNNLSNFNRAF,6,,,,,,,,,very_weak,,,,,,very_weak,,weak,very_weak,,,,,,very_weak,,weak,very_weak,,,,,,,,,,strong,weak,very_weak,,,,,,,,,very_weak,,,,,weak,very_weak,,,,,,,,,very_weak,,weak,very_weak,,,,,,,,,,,weak,very_weak,,weak,very_weak,strong,weak,very_weak,38.15,47.370000000000005,11.82,20.525,10.45,8.53,29.24,19.35,7.215,41.19,40.6,24.105,53.025,37.765,12.14,7.19,32.41,41.65,19.48,5.765000000000001,31.905,27.115,23.47,7.244999999999999,7.725,2848.44319955484,1110.80393180339,572.844765780932,2233.49053260832,289.084264807714,333.119269986474,3221.6061404678,430.734533072261,205.24782218932,761.420489437811,5627.17279296281,813.775159597876,3899.62963264845,1319.55110558333,1472.49888587782,37.2861054172284,812.18303820513,2143.38326769799,1422.91197988079,81.8132822866534,1296.14658073134,317.467109287715,321.535867105091,172.017476125789,"Zinc finger protein, FOG family member 2",Q8WW38,603693.0,gene,23414.0,ZFPM2,ENSG00000169946,bacteria
sp|Q8WW38|FOG2_HUMAN,sp,Q8WW38,FOG2,HUMAN,0283361|tr|A0A416AE92|A0A416AE92_9BACT,283361,tr,A0A416AE92,A0A416AE92,IATKEEN,952,958,IATKEEN,119,125,ATRIVIATKEENRYRIK,7,,,,,weak,very_weak,,weak,very_weak,,,very_weak,,,very_weak,,,very_weak,,weak,very_weak,,,,,weak,very_weak,,,,,weak,very_weak,,,,,weak,very_weak,,,,,,very_weak,,weak,very_weak,,,,,,,,,,,,,,weak,very_weak,,,,,,very_weak,,weak,very_weak,,,,,,,strong,weak,very_weak,strong,weak,very_weak,31.845,7.275,2.005,19.745,14.41,14.8,2.91,26.415,8.959999999999999,33.965,9.285,22.62,21.965,17.975,7.81,28.42,35.224999999999994,21.515,5.050000000000001,21.395,13.995,4.63,20.785,21.34,1.565,7653.05754178732,401.729965905326,288.649823534948,3085.88645156926,872.850083195519,3692.15110309034,360.563797908719,1711.53094150219,596.520253740072,3114.7009615062,2960.68555309747,2724.28479334995,2678.94874004543,1815.51081490774,1642.19714013818,705.96546747478,2568.34001181213,3937.83154642152,800.07692477118,1480.40643774771,1226.24315524353,1076.87541289218,1250.77850826178,1324.55761687417,"Zinc finger protein, FOG family member 2",Q8WW38,603693.0,gene,23414.0,ZFPM2,ENSG00000169946,bacteria
sp|Q8WW38|FOG2_HUMAN,sp,Q8WW38,FOG2,HUMAN,0283361|tr|A0A3R6MFG0|A0A3R6MFG0_9BACT,283361,tr,A0A3R6MFG0,A0A3R6MFG0,TTHSSV,816,821,TTHSSV,680,685,STLLKTTHSSVGIVNK,6,,,,,,very_weak,,,very_weak,,,,,,,,,very_weak,,,,,weak,very_weak,,,very_weak,,weak,very_weak,,,very_weak,,,,,,,,,,,,,,,,,,,,,,,,very_weak,,,,,,,,weak,very_weak,,,,,,,,,very_weak,,,very_weak,,,,,weak,very_weak,71.345,17.740000000000002,16.29,44.66,23.155,19.45,33.28,4.05,19.795,9.81,17.775,44.02,48.065,45.13,45.92,25.03,13.615,46.115,29.615,5.154999999999999,46.215,23.215,11.445,14.38,24.42,10720.4395756251,636.640404102361,427.068466278501,3824.62368953567,555.419841057718,1581.77009469332,2861.81936234724,62.8942078612083,205.610121531795,223.309412434058,3153.22083024097,2606.80714343293,4655.37745192736,1985.43019876052,4049.08581908002,129.572024923257,432.312649792737,3825.98952551015,1751.07311639927,200.823638857848,2152.28382365647,282.116362642069,170.168158965403,553.18280739231,"Zinc finger protein, FOG family member 2",Q8WW38,603693.0,gene,23414.0,ZFPM2,ENSG00000169946,bacteria
sp|Q8WW38|FOG2_HUMAN,sp,Q8WW38,FOG2,HUMAN,0283361|tr|A0A3R6MC44|A0A3R6MC44_9BACT,283361,tr,A0A3R6MC44,A0A3R6MC44,INGKPV,663,668,INGKPV,423,428,WMNSTINGKPVVSRSG,6,,,,,,,,,very_weak,,,,,,,,,,,,very_weak,,,,,,very_weak,,weak,very_weak,,,,,,,,,very_weak,,,,,,,,,,,,,,,,,,,,,,,,,,,,,,,,weak,very_weak,,,,,,,,,,,weak,very_weak,78.44,39.66,19.505,54.19499999999999,38.95,21.005000000000003,18.095,43.785,11.585,3.315,47.3,52.795,70.28999999999999,58.685,42.28,39.715,23.245,62.29,37.255,44.17,58.215,9.965,47.605,66.16,28.630000000000003,15130.5944911049,2270.28071807162,1703.10735511152,9407.46325175363,2478.46909782346,2238.0383404341,2804.28565872723,1293.9466788282,622.917413846352,72.371969170669,10712.9026955695,10292.2795424823,8532.08018431879,9700.60474509574,9882.82346823197,364.553248137084,1410.58760700639,14597.6721467942,5291.244265861,2466.24421239344,8729.48354913133,398.517678883717,1412.34385760195,4572.75679134467,"Zinc finger protein, FOG family member 2",Q8WW38,603693.0,gene,23414.0,ZFPM2,ENSG00000169946,bacteria
sp|Q8WW38|FOG2_HUMAN,sp,Q8WW38,FOG2,HUMAN,0283361|tr|A0A416A7F1|A0A416A7F1_9BACT,283361,tr,A0A416A7F1,A0A416A7F1,SSVSCL,819,824,SSVSCL,139,144,DVIVVSSVSCLYGMAD,6,,,,,,,,,,,,very_weak,,,,,,,,,very_weak,,,,,,,,,,,,,,,,,,,,,,,,,,,,,,,,,,,,,,,,,,very_weak,,,,,,,,,,,,,,,,,,,,,very_weak,43.625,46.66,53.83,16.15,33.675,34.195,17.625,21.32,25.37,34.965,57.835,56.8,34.445,46.72,64.62,46.285,27.130000000000003,48.405,18.29,44.370000000000005,51.245000000000005,52.65,27.355,44.79,60.48,2827.62401850625,766.28840231706,1063.869891166,860.407375301762,393.006757417062,1081.241922586,606.582395046199,132.121681067482,81.1441655159299,806.752934800141,5329.97186586219,1481.33575413891,2960.10899794051,883.281484362987,4777.17708221945,161.634735887256,422.312631386073,1997.8640353675,555.077404050213,813.52866066825,1556.1709852326,1527.90818866493,248.226908570436,724.271207902703,"Zinc finger protein, FOG family member 2",Q8WW38,603693.0,gene,23414.0,ZFPM2,ENSG00000169946,bacteria
sp|Q8WW38|FOG2_HUMAN,sp,Q8WW38,FOG2,HUMAN,0283361|tr|A0A416AD31|A0A416AD31_9BACT,283361,tr,A0A416AD31,A0A416AD31,EKNGNL,917,922,EKNGNL,476,481,MEACYEKNGNLDAKAQ,6,,,,,,,,,,,,,,,,strong,weak,very_weak,,,,,,,,,very_weak,,,,,,,,,,,,,,,,,,,,,,,,,,,,,,,,,,,,,,weak,very_weak,,,,,,,,,,,,,,,,strong,weak,very_weak,65.57,65.27000000000001,32.77,23.335,56.085,0.81,57.510000000000005,42.71,14.005,75.97999999999999,61.365,74.925,79.745,77.3,79.74,25.15,69.99,76.05000000000001,79.59,5.605,84.08500000000001,46.865,50.3,28.995,28.33,10523.3462384345,6005.18459647324,3576.66769020699,3850.24153932747,6057.12787090007,110.194080914854,10028.7808741565,4055.8382155599,750.866775444047,6022.94893078603,18189.3996266205,13149.1068419468,8262.62006378766,12875.7001560576,15733.620539712,613.187750565955,4939.96702868621,16082.1491660578,14055.6620761237,383.604526260086,11178.1366232059,3469.52312787194,3806.829750111,2044.97267995196,"Zinc finger protein, FOG family member 2",Q8WW38,603693.0,gene,23414.0,ZFPM2,ENSG00000169946,bacteria
sp|Q8WW38|FOG2_HUMAN,sp,Q8WW38,FOG2,HUMAN,0283361|tr|A0A416A9W7|A0A416A9W7_9BACT,283361,tr,A0A416A9W7,A0A416A9W7,KGVNGS,1106,1111,KGVNGS,334,339,HEKPFKGVNGSGKHNN,6,,,,,,,,,,,,,,,,,,,,,,,,,,,,,,,,,,,,,strong,weak,very_weak,,,,,,,,,,,,,,,,,,,,,,,,,,,,,,,,,very_weak,,,,,,,,,very_weak,strong,weak,very_weak,86.10499999999999,68.48,29.49,50.845,48.655,27.43,57.28,28.290000000000003,38.63,33.525,36.88,72.255,78.87,62.82,39.64,22.535,81.35499999999999,67.445,70.81,29.115,53.91,16.32,26.46,45.66,19.8,24607.1092179008,9163.34490174162,3265.57944540088,13540.6608598706,5495.52141818784,7505.0456437808,13197.8534603126,2358.51547918894,5335.28006584131,2124.0830687386,12669.1037971509,17697.4695862195,15208.3922035136,16489.8802798033,12841.0580990083,572.058153574922,11377.5179774871,19055.6573821462,17106.4978762799,2757.8569797777,12749.2722090087,1689.4159608557,1622.22375391096,5532.92978663308,"Zinc finger protein, FOG family member 2",Q8WW38,603693.0,gene,23414.0,ZFPM2,ENSG00000169946,bacteria
sp|Q8WW38|FOG2_HUMAN,sp,Q8WW38,FOG2,HUMAN,0283361|tr|A0A416AE92|A0A416AE92_9BACT,283361,tr,A0A416AE92,A0A416AE92,IATKEE,952,957,IATKEE,119,124,ATRIVIATKEENRYRI,6,,,,,weak,very_weak,,weak,very_weak,,,very_weak,,,very_weak,,,very_weak,,weak,very_weak,,,,,weak,very_weak,,,,,weak,very_weak,,,,,weak,very_weak,,,,,,very_weak,,weak,very_weak,,,,,,,,,,,,,,weak,very_weak,,,,,,very_weak,,weak,very_weak,,,,,,,strong,weak,very_weak,strong,weak,very_weak,31.845,7.275,2.005,19.745,14.41,14.8,2.91,26.415,8.959999999999999,33.965,9.285,22.62,21.965,17.975,7.81,28.42,35.224999999999994,21.515,5.050000000000001,21.395,13.995,4.63,20.785,21.34,1.565,7653.05754178732,401.729965905326,288.649823534948,3085.88645156926,872.850083195519,3692.15110309034,360.563797908719,1711.53094150219,596.520253740072,3114.7009615062,2960.68555309747,2724.28479334995,2678.94874004543,1815.51081490774,1642.19714013818,705.96546747478,2568.34001181213,3937.83154642152,800.07692477118,1480.40643774771,1226.24315524353,1076.87541289218,1250.77850826178,1324.55761687417,"Zinc finger protein, FOG family member 2",Q8WW38,603693.0,gene,23414.0,ZFPM2,ENSG00000169946,bacteria
sp|Q8WW38|FOG2_HUMAN,sp,Q8WW38,FOG2,HUMAN,0283361|tr|A0A416A269|A0A416A269_9BACT,283361,tr,A0A416A269,A0A416A269,TTTKAI,184,189,TTTKAI,456,461,YLQTQTTTKAIFNTLS,6,,,,,weak,very_weak,,,,,,,,,,,,,,,,,,very_weak,,,,,,,,,very_weak,,,,,,,,,,,,,,,,,,,,,,,,very_weak,,,,,,,,,very_weak,,,,,,,,,,,,,,,,,weak,very_weak,65.815,8.495,42.06,64.41,55.94,48.525,40.46,19.43,45.525,38.855,16.72,21.535,41.17,48.975,45.565,36.31,19.065,20.955,38.335,18.59,33.62,22.895,40.615,36.37,46.85,9874.80697439135,116.835546879067,898.977971369212,5188.348983127,1174.92722090167,3097.19246172817,2440.78635555968,345.015428029451,941.169801125556,1373.49315952972,3158.30838547193,776.470563543313,4572.80626782697,1484.72146726817,3341.89310863536,114.507758005006,862.252615713091,1875.85440597279,1692.92919716258,159.820936881812,1310.21838926146,372.846551625796,603.374992246283,547.656226719199,"Zinc finger protein, FOG family member 2",Q8WW38,603693.0,gene,23414.0,ZFPM2,ENSG00000169946,bacteria
sp|Q8WW38|FOG2_HUMAN,sp,Q8WW38,FOG2,HUMAN,0283361|tr|A0A3R6LSG0|A0A3R6LSG0_9BACT,283361,tr,A0A3R6LSG0,A0A3R6LSG0,SRQQLP,116,121,SRQQLP,63,68,LALWNSRQQLPGVANF,6,,,,,,,,weak,very_weak,,,,,,,,,,,,,,,,,,,,,,,,,,,,,,,,,,,,,,,,,,,,,,,,,,,,,,,,,,,,,,weak,very_weak,,,,,,,,,very_weak,,weak,very_weak,52.345,39.89,9.935,67.19,52.445,45.875,52.66,61.955,26.945,67.02,26.235,52.22,75.16,64.31,57.435,48.61,49.27,62.435,60.84,52.24,69.57,2.785,37.105,54.215,16.4,3878.38020916496,839.850386644771,903.580736759284,5929.89990856468,1206.6328119459,3808.1068249426,3810.95088458329,2003.64397117719,1071.77250972382,3046.50758895788,6078.53058552488,5517.56583377073,6734.38362246821,4232.11025125366,7010.7410098068,537.291102604963,2226.58977566546,7897.85182382426,4099.8266681697,2788.64276704835,4124.56472697896,256.466325816308,1071.93487079346,3024.04443825136,"Zinc finger protein, FOG family member 2",Q8WW38,603693.0,gene,23414.0,ZFPM2,ENSG00000169946,bacteria
sp|Q8WW38|FOG2_HUMAN,sp,Q8WW38,FOG2,HUMAN,0283361|tr|A0A3R6IP04|A0A3R6IP04_9BACT,283361,tr,A0A3R6IP04,A0A3R6IP04,EAAQLI,947,952,EAAQLI,155,160,YGSHEEAAQLIRNGEI,6,,,,,,,,,,,,,,,,,,,,,,,,,,,,,,very_weak,,,,,,,,,,,,,,,,,,,,,,,,,,weak,very_weak,,,,,,,,,,,,,,weak,very_weak,,,,,,,,,,,weak,very_weak,54.955,49.38,56.6,69.435,73.78,71.66,72.17500000000001,46.53,61.46,13.82,34.235,58.095,24.02,64.265,57.575,47.785,5.06,69.725,57.52,61.34,51.73,6.365,51.12,60.32,56.495000000000005,7963.83932600632,3771.04099649421,5174.50170862906,9409.70282495687,5888.46950597473,16788.7279914158,12820.3731042804,1878.67771819822,4114.13524642368,936.588343224604,9381.03590780554,8569.27172572662,2249.32672523107,7483.71963028288,11426.7419397679,1403.50848616586,424.511614584368,12214.5500273894,4955.92064013007,5669.70854543075,5586.52750438739,1000.52181481585,2386.05651378063,3752.84661310464,"Zinc finger protein, FOG family member 2",Q8WW38,603693.0,gene,23414.0,ZFPM2,ENSG00000169946,bacteria
sp|Q8WW38|FOG2_HUMAN,sp,Q8WW38,FOG2,HUMAN,0283361|tr|A0A3R6NBZ6|A0A3R6NBZ6_9BACT,283361,tr,A0A3R6NBZ6,A0A3R6NBZ6,GEELIA,192,197,GEELIA,152,157,AEKKSGEELIAEQKKQ,6,,,,,,,,,,,,,,,,,,,,,,,,,,,,,,,,,,,,,,,,,,,,,,,,,,,,,,,,,,,,,,,,,,,,,,,,,,,,,,,,,,,,,60.115,67.00999999999999,78.4,78.63,84.555,83.42,78.39500000000001,79.83,85.035,59.25,33.25,46.25,37.15,38.4,24.85,75.685,39.935,43.41,68.11,75.65,20.94,53.415000000000006,75.61500000000001,73.33,70.705,11536.5594633626,7530.58672596492,10808.2558517273,15354.2212862702,13844.5055055576,23636.0951423211,16053.2902124966,9557.25176544881,14436.3619861273,5004.4161429501,9629.80752434614,5914.45744219963,3257.74496662416,4230.41634203918,5648.52285966678,4653.7658860725,4137.30301663627,8279.98182402639,13618.0905648353,9524.83695347221,1987.40751886743,7189.57346666479,6624.03357440214,8879.03839095072,"Zinc finger protein, FOG family member 2",Q8WW38,603693.0,gene,23414.0,ZFPM2,ENSG00000169946,bacteria
sp|Q8WW38|FOG2_HUMAN,sp,Q8WW38,FOG2,HUMAN,0283361|tr|A0A3R6IN37|A0A3R6IN37_9BACT,283361,tr,A0A3R6IN37,A0A3R6IN37,RLLDSI,222,227,RLLDSI,94,99,IKERLRLLDSIQQKPA,6,,,very_weak,strong,weak,very_weak,strong,weak,very_weak,,,very_weak,strong,weak,very_weak,,weak,very_weak,,weak,very_weak,,,very_weak,,weak,very_weak,,,,,weak,very_weak,,,,,weak,very_weak,,,,,,very_weak,,weak,very_weak,,,,strong,weak,very_weak,,,,,,,strong,weak,very_weak,strong,weak,very_weak,,,very_weak,,weak,very_weak,,,very_weak,strong,weak,very_weak,strong,weak,very_weak,strong,weak,very_weak,12.015,0.6,1.24,15.765,1.8,9.78,8.605,16.785,9.465,55.41,9.355,36.540000000000006,26.85,13.1,7.065,1.785,25.11,21.44,0.42,0.305,16.665,8.33,16.86,0.56,1.895,1986.65504554931,49.2370195836258,145.021443147548,2090.45352328006,90.3420365864762,1902.38490275541,656.926091777409,686.256156223797,418.564238480662,5136.84817564371,2591.62081040435,2120.56971508677,3788.09379945007,856.274641850301,1216.33266133589,20.3449389754694,1248.11531777041,2152.19067673703,118.348312841694,43.6852922049194,925.367187145652,525.669803820628,488.74717860013,48.1939468864168,"Zinc finger protein, FOG family member 2",Q8WW38,603693.0,gene,23414.0,ZFPM2,ENSG00000169946,bacteria
sp|Q8WW38|FOG2_HUMAN,sp,Q8WW38,FOG2,HUMAN,0283361|tr|A0A3R6LVI1|A0A3R6LVI1_9BACT,283361,tr,A0A3R6LVI1,A0A3R6LVI1,LPLLPK,1032,1037,LPLLPK,173,178,DIKRILPLLPKKRQSL,6,,,,,,very_weak,,,very_weak,,,,,,very_weak,,,,,,very_weak,,,,,weak,very_weak,,,,,,very_weak,,,,strong,weak,very_weak,,,,,,,,weak,very_weak,,,,,,very_weak,,,,,,,,weak,very_weak,,,,,,very_weak,,,,,,,,,,,weak,very_weak,strong,weak,very_weak,69.2,11.235,12.705,55.975,10.525,29.135,11.375,37.72,8.65,74.795,11.22,26.965,83.28,22.22,2.195,15.275,68.2,23.94,2.85,30.65,18.485,27.6,41.88,33.065,8.575,9144.7245184794,74.9954127705559,191.688105053365,6576.97064994537,145.480344846681,2242.32851610069,600.093641901732,322.270763433452,302.927081328521,3499.0792538703,1158.20338656233,1170.91694563238,11307.4432956112,590.925036977818,412.459127578268,43.7571964225212,2644.44803736156,1643.45916765942,220.500325016467,346.429387903712,716.942274220148,296.840280128695,516.407597093253,343.618392709859,"Zinc finger protein, FOG family member 2",Q8WW38,603693.0,gene,23414.0,ZFPM2,ENSG00000169946,bacteria
sp|Q8WW38|FOG2_HUMAN,sp,Q8WW38,FOG2,HUMAN,0283361|tr|A0A416ACR0|A0A416ACR0_9BACT,283361,tr,A0A416ACR0,A0A416ACR0,LKVFSE,942,947,LKVFSE,28,33,PLNAFLKVFSEEKGVD,6,,weak,very_weak,,,,,,,,,,,weak,very_weak,,,,,,,,,very_weak,,,,,,,,,,,,very_weak,strong,weak,very_weak,,,,,,very_weak,,,very_weak,,,,,,,,,very_weak,,,,,,very_weak,,,very_weak,,,very_weak,,,very_weak,,,very_weak,,,very_weak,,,very_weak,strong,weak,very_weak,8.79,27.37,20.215,30.375,5.45,30.49,31.23,16.915,34.385,71.185,37.17,14.645,23.700000000000003,19.35,12.11,20.04,11.58,23.29,15.41,13.835,18.805,11.165,19.28,11.925,14.475,1152.93962110186,748.806058540567,525.567436436176,3996.85338587259,217.641783491951,3672.82694576694,3918.91724068069,329.787668952262,1526.94965504416,3937.57591593367,3486.00443830584,780.03243248819,1687.22389149072,525.465088986447,639.8169241598,114.775683851616,559.466901864331,1210.37246791914,1104.50007599264,307.740389967405,589.934847444481,430.855721873359,422.020295555587,231.629700935037,"Zinc finger protein, FOG family member 2",Q8WW38,603693.0,gene,23414.0,ZFPM2,ENSG00000169946,bacteria
sp|Q8WW38|FOG2_HUMAN,sp,Q8WW38,FOG2,HUMAN,0283361|tr|A0A415ZR16|A0A415ZR16_9BACT,283361,tr,A0A415ZR16,A0A415ZR16,RPLEDA,14,19,RPLEDA,469,474,ALAQGRPLEDATQLAT,6,,,,,,,,,,,,,,,,,,,,,,,,,,,,,,,,,,,,,,,,,,,,,,,,,,,,,,,,,,,,,,,,,,,,,,,,,,,,,,,,,,,,,57.075,72.745,75.34,28.52,86.195,70.11,46.825,77.735,77.39,37.535,69.47,76.34,43.725,78.18,84.12,81.56,46.145,82.425,77.84,52.445,80.12,58.96,44.295,62.44499999999999,86.32,7783.07606724814,4965.58199836798,8971.26014050103,4118.63362103356,12148.3861964074,16824.9153481779,6599.99598148251,8550.37819012479,7910.59459051356,1597.95700970421,15412.1432501033,9056.49913387596,2930.44086536142,8493.9471550188,14397.2094175493,4160.37617278748,3018.19331735957,13765.9373946791,13038.8850174669,4392.16997857201,6940.77519968339,3479.67360431917,3284.14644012531,5265.88618463304,"Zinc finger protein, FOG family member 2",Q8WW38,603693.0,gene,23414.0,ZFPM2,ENSG00000169946,bacteria
sp|Q8WW38|FOG2_HUMAN,sp,Q8WW38,FOG2,HUMAN,0283361|tr|A0A3R6IHW1|A0A3R6IHW1_9BACT,283361,tr,A0A3R6IHW1,A0A3R6IHW1,SILPTA,238,243,SILPTA,264,269,ESLYYSILPTATQYAR,6,,,very_weak,,weak,very_weak,strong,weak,very_weak,,,,,weak,very_weak,,weak,very_weak,,,,,weak,very_weak,,weak,very_weak,,,very_weak,,weak,very_weak,,weak,very_weak,,weak,very_weak,,,very_weak,,weak,very_weak,,weak,very_weak,,,,strong,weak,very_weak,,weak,very_weak,,weak,very_weak,,,very_weak,strong,weak,very_weak,,,very_weak,,weak,very_weak,,weak,very_weak,strong,weak,very_weak,strong,weak,very_weak,strong,weak,very_weak,10.86,5.45,0.455,20.455,7.5,3.95,21.405,3.925,9.43,13.2,3.835,7.38,15.845,3.78,8.425,1.075,4.525,8.265,12.06,0.14,10.665,5.175,4.575,0.605,1.0,547.194231217451,116.945578378435,42.9685323353559,1595.3656820094,121.835571990721,247.510845428275,1523.2863374414,46.2666419976366,153.218916955348,241.987081732119,612.70361923312,153.316758069206,1486.79521621511,125.201868991811,721.642939754086,5.66540282514417,150.628382124012,342.630859778474,657.857873071361,18.6424424381031,223.756849384061,80.1797940686181,44.303619350436,26.1175307123655,"Zinc finger protein, FOG family member 2",Q8WW38,603693.0,gene,23414.0,ZFPM2,ENSG00000169946,bacteria
sp|Q8WW38|FOG2_HUMAN,sp,Q8WW38,FOG2,HUMAN,0283361|tr|A0A416A9S3|A0A416A9S3_9BACT,283361,tr,A0A416A9S3,A0A416A9S3,KLSTSS,652,657,KLSTSS,78,83,FVKTGKLSTSSMRFYS,6,,,,,,,,,,,,,,,,,,,,,,,,very_weak,,,,,weak,very_weak,,weak,very_weak,,,,,,,,,,,,,,,,,,,,,,,,,,,,,,very_weak,,,,,,very_weak,,,,,,,,,,,,,,weak,very_weak,61.815,43.75,45.57,27.975,44.405,40.06,22.94,16.63,37.125,8.725,7.305,37.39,52.625,31.585,20.055,44.365,27.79,29.98,13.795,48.265,18.425,36.905,20.785,49.875,42.135,6491.56706269765,437.223672869455,710.509594910595,1990.57102036791,506.502352034955,1562.56547128099,670.295021344406,67.7041572167367,337.867181453649,64.7257392116053,741.629960656039,985.597726108781,4001.09365014465,658.263717156842,955.007746286087,110.07729983819,423.951623434492,1334.94542324744,458.462641880058,556.532715597781,645.127769896571,222.961756536971,180.891467849645,638.710253988331,"Zinc finger protein, FOG family member 2",Q8WW38,603693.0,gene,23414.0,ZFPM2,ENSG00000169946,bacteria
sp|Q8WW38|FOG2_HUMAN,sp,Q8WW38,FOG2,HUMAN,0283361|tr|A0A3R6KV61|A0A3R6KV61_9BACT,283361,tr,A0A3R6KV61,A0A3R6KV61,SATEDS,402,407,SATEDS,759,764,IYLVLSATEDSKESVV,6,,,,,weak,very_weak,,,,,,,,,,,,,,,very_weak,,,,,,,,,,,,,,,,,,,,weak,very_weak,,,,,,,,,very_weak,,,very_weak,,,,,,,,,,,weak,very_weak,,,,,,,,,very_weak,,weak,very_weak,,,,,weak,very_weak,20.99,5.28,20.67,27.125,37.91,20.465,18.23,25.44,32.85,27.205,24.925,55.0,6.6,34.79,37.64,10.935,28.165,42.25,34.815,5.51,36.64,28.17,18.715,2.58,30.35,1399.33863887926,136.238662006394,425.947090062561,2461.36583218112,882.53635986217,1679.17427316383,1060.77797790987,486.562786273848,558.269629838352,1145.59068280975,3305.67909977534,2617.77371579286,706.324563094636,1348.09586803231,3390.11156832089,65.3265825581629,930.477490440554,2778.67353301885,1737.33444554817,94.177686654741,1309.36808894459,825.28450658384,279.984698856078,66.3631421615852,"Zinc finger protein, FOG family member 2",Q8WW38,603693.0,gene,23414.0,ZFPM2,ENSG00000169946,bacteria
sp|Q8WW38|FOG2_HUMAN,sp,Q8WW38,FOG2,HUMAN,0283361|tr|A0A416AG43|A0A416AG43_9BACT,283361,tr,A0A416AG43,A0A416AG43,EKKTQL,442,447,EKKTQL,492,497,FGARHEKKTQLLLWVP,6,,,,,,,,,,,,,,,,,,,,,,,,,,,,,,,,,,,,,,,,,,,,,,,,very_weak,,,,,,,,,,,,,,,,,,,,,,,,,,,,,,,,,,,,very_weak,59.02,40.0,48.02,68.215,57.655,70.77,45.91,54.175,51.8,88.09,26.590000000000003,22.375,79.715,24.55,14.44,59.825,63.13,24.435,47.695,67.89,21.285,42.535,62.44,64.82,42.495000000000005,6899.66879857834,572.584506679272,1909.39614122847,5088.99613319158,1277.10300723879,8789.38118912728,2582.02065383625,834.442933916751,1743.43554715196,7119.74853602723,2732.43237214012,484.86007406259,7937.25818975295,252.184710607413,607.600527033627,493.09207299025,3222.79149866618,715.919060425167,2110.1786386507,2510.45122416747,300.335810483165,1288.27505741515,1651.69495586401,1972.81758292794,"Zinc finger protein, FOG family member 2",Q8WW38,603693.0,gene,23414.0,ZFPM2,ENSG00000169946,bacteria
sp|Q8WW38|FOG2_HUMAN,sp,Q8WW38,FOG2,HUMAN,0283361|tr|A0A3R6N390|A0A3R6N390_9BACT,283361,tr,A0A3R6N390,A0A3R6N390,PSGKLP,387,392,PSGKLP,74,79,IAQVIPSGKLPKYSYI,6,,,,,,,,,,,,,,,,,,,,weak,very_weak,,,,,weak,very_weak,,,,,,,,,,,,very_weak,,,,,,,,,,,,,,,,,,,,,,,,very_weak,,,,,,,,,,,,,,,,,weak,very_weak,,weak,very_weak,78.99000000000001,25.405,20.005,54.675,32.995000000000005,27.52,2.89,46.4,8.195,28.435,36.35,56.69,85.35,61.34,25.26,40.065,67.165,57.035,19.095,56.260000000000005,48.105,21.53,46.355,68.35,6.1850000000000005,15708.4460271012,738.075728071326,1001.08489526221,7674.03575121111,685.454709513364,4324.26820360671,309.704484636555,751.720302451628,486.826082561059,700.646372558455,4629.10825792502,5774.21028135845,11437.3794821518,4231.46923288032,3254.99677634166,237.30442816284,3978.73166405312,7475.70767555674,1246.06434643911,2680.42741518234,3323.50303763654,632.623470055307,942.596536240444,2954.957023161,"Zinc finger protein, FOG family member 2",Q8WW38,603693.0,gene,23414.0,ZFPM2,ENSG00000169946,bacteria
sp|Q8WW38|FOG2_HUMAN,sp,Q8WW38,FOG2,HUMAN,0283361|tr|A0A415ZGY5|A0A415ZGY5_9BACT,283361,tr,A0A415ZGY5,A0A415ZGY5,TVLDLI,630,635,TVLDLI,52,57,GLTICTVLDLISDNGR,6,,,,,,very_weak,,,,,,,,,,,,,,,,,,,,,,,,,,,,,,,,,,,,,,,,,,,,,,,,,,,,,,,,,,,,,,,,,,,,,,,,,,,,,,very_weak,23.99,17.25,51.235,50.59,38.275000000000006,72.005,42.25,61.79,63.625,62.965,73.02,58.89,28.61,41.485,58.295,62.09,32.76,49.5,39.21,21.99,51.835,51.15,69.85000000000001,20.345,54.31,1228.04888782878,517.862370459427,2211.63142494631,3073.9231910688,1317.24021687818,9726.98510683917,2366.26030776069,2110.0873139669,2464.27037073804,4011.93103735008,10139.6343908391,2551.36180125177,1985.85988354079,852.124878855915,4321.55537276444,734.173032945156,1085.09768570867,2515.10031555838,1692.63614863204,799.635557155862,1327.98725868243,1979.01748483245,2855.75679979226,489.774154458478,"Zinc finger protein, FOG family member 2",Q8WW38,603693.0,gene,23414.0,ZFPM2,ENSG00000169946,bacteria
sp|Q8WW38|FOG2_HUMAN,sp,Q8WW38,FOG2,HUMAN,0283361|tr|A0A3R6LW10|A0A3R6LW10_9BACT,283361,tr,A0A3R6LW10,A0A3R6LW10,RHGSSS,529,534,RHGSSS,85,90,LVAYHRHGSSSDFLLE,6,,,,,,,,,,,,,,,,,,,,,,,,very_weak,,,,,,,,,,,,,,,,,,,,,,,,,,,,,,,,,,,,,,,,,,very_weak,,,,,,very_weak,,,very_weak,,weak,very_weak,,,,,weak,very_weak,48.08,55.89,30.130000000000003,41.415,40.95,25.105,65.985,12.435,36.655,39.505,39.955,50.825,27.165,63.4,57.095,46.845,72.215,50.88,68.545,17.75,56.155,13.615,11.03,6.699999999999999,31.25,4962.25207262459,1818.02691515372,1426.10243894639,4500.9429713826,876.948948431103,2757.88681934019,7342.23914159141,284.341158158353,1805.16865646797,1340.88054146581,6230.75180148563,2187.66535618991,2216.83019711684,3761.38335116204,6883.56260306589,478.978462205224,3745.99064358997,2706.97854025752,6056.34148058535,545.025708579731,2284.52316043194,273.1740504184,247.205740212053,228.829812193036,"Zinc finger protein, FOG family member 2",Q8WW38,603693.0,gene,23414.0,ZFPM2,ENSG00000169946,bacteria
sp|Q8WW38|FOG2_HUMAN,sp,Q8WW38,FOG2,HUMAN,0283361|tr|A0A415ZP73|A0A415ZP73_9BACT,283361,tr,A0A415ZP73,A0A415ZP73,GGLKQD,1046,1051,GGLKQD,82,87,IIDFGGGLKQDGDLEI,6,,,,,,,,,,,weak,very_weak,,,,,,,,,very_weak,,,,,,,,,,,,,,,,,,,,,,,,,,,,,,,,,,,,,,,,,,,,,,,,,,,,,,,,,,,,,,weak,very_weak,44.97,78.705,51.55,4.01,71.735,58.64,11.835,82.59,48.245000000000005,33.465,78.49000000000001,79.71000000000001,53.965,77.82,74.87,69.38499999999999,73.235,74.545,84.14,51.115,76.63499999999999,37.05,58.01,60.795,41.76,5700.40247992091,7873.87599525109,7868.17009297896,447.087928893954,4819.95841668768,14309.0007635862,1398.26407377381,10367.3863008961,3522.74524725559,1341.41744604472,21482.4507263492,11922.2020789694,4926.5161388191,11007.4691780925,15055.4751326336,2751.09174714664,6833.10299529351,14349.7764685166,13015.4871137835,5417.47438397313,8295.13597372099,3518.555055804,5105.54151422318,8737.42104605641,"Zinc finger protein, FOG family member 2",Q8WW38,603693.0,gene,23414.0,ZFPM2,ENSG00000169946,bacteria
sp|Q8WW38|FOG2_HUMAN,sp,Q8WW38,FOG2,HUMAN,0283361|tr|A0A3R6J8A9|A0A3R6J8A9_9BACT,283361,tr,A0A3R6J8A9,A0A3R6J8A9,LPVGTT,120,125,LPVGTT,321,326,VSSFVLPVGTTINMDG,6,,,,,,,,,,,,,,,,,,very_weak,,,,,weak,very_weak,,,,,,,,,,,,,,,,,,very_weak,,,,,,,,,,,weak,very_weak,,,,,,,,,,,,very_weak,,,,,,,,,very_weak,,,very_weak,,,,,weak,very_weak,44.805,54.335,23.795,21.44,38.88,14.45,62.965,8.16,32.41,35.660000000000004,20.065,42.96,10.005,51.765,55.78,6.525,28.465000000000003,41.565,50.35,17.765,55.685,37.915000000000006,10.12,16.25,35.885000000000005,2161.43180549395,1699.0765661072,710.571098022644,2070.08390417491,884.094195358196,1446.89809380299,7546.65526280396,139.491846550574,671.245765073625,695.92433261925,3445.24535066876,2109.99599323546,1232.00153865457,2321.82735378517,5642.23144222011,30.1343546719367,873.464161991013,3391.54240015029,3050.30063998209,626.608251361956,2311.35021125664,374.865020042432,154.355384767243,504.369560256497,"Zinc finger protein, FOG family member 2",Q8WW38,603693.0,gene,23414.0,ZFPM2,ENSG00000169946,bacteria
sp|Q8WW38|FOG2_HUMAN,sp,Q8WW38,FOG2,HUMAN,0283361|tr|A0A416AC45|A0A416AC45_9BACT,283361,tr,A0A416AC45,A0A416AC45,KSFSNA,305,310,KSFSNA,786,791,NGAAQKSFSNADLTWE,6,,,very_weak,,,,,,,,,,,,,,,,,,,,,,,,,,,,,,,,,,,,,,,very_weak,,,,,,,,,,,,,,,,,,,,,,,,,,,,,,,,,,,,,,,,,,very_weak,15.505,64.2,71.61500000000001,51.31,34.995000000000005,48.545,76.555,43.56,68.455,47.49,31.705,59.925,19.125,63.845,59.08,57.56,54.49,59.41,70.905,49.995000000000005,58.235,24.98,43.955,33.075,75.44,2307.55207421561,4293.17319698567,5883.31110003004,4180.95343587308,1526.75141283343,8951.28659662513,10370.5276157013,1806.39956199287,3693.7893449439,2018.04697885835,9186.7731055951,5080.96345518472,1315.45989018408,4714.43007735792,8819.00684304087,964.759862818458,3097.69516655683,6466.68064063328,7777.01522499144,2125.30146976684,3611.1196539504,1100.7182738822,1222.89102260444,897.976674953536,"Zinc finger protein, FOG family member 2",Q8WW38,603693.0,gene,23414.0,ZFPM2,ENSG00000169946,bacteria
sp|Q8WW38|FOG2_HUMAN,sp,Q8WW38,FOG2,HUMAN,0283361|tr|A0A3R6IQ73|A0A3R6IQ73_9BACT,283361,tr,A0A3R6IQ73,A0A3R6IQ73,NKQSFS,461,466,NKQSFS,31,36,RESEANKQSFSEIRDR,6,,,,,,,,,,,,,,,,,,,,,,,,,,,,,,,,,,,,,,,,,,,,,,,,,,,,,,,,,,,,,,,,,,,,,,,,,,,,,,,,,,,,,37.57,54.1,69.375,77.02000000000001,68.035,71.405,62.695,65.03,72.38499999999999,74.66,65.275,39.98,47.83,41.35,40.615,73.72,54.43,31.795,64.505,74.105,37.235,28.41,61.54,62.815000000000005,71.05,6989.0801077382,5372.70204500678,9618.1450453363,12415.3458027539,7815.64954716575,13917.0456199291,9373.42644105594,5618.47300401389,8416.64335859158,5945.83300584491,15195.3981945957,5835.00454477295,5473.62430007832,6067.81979163038,8818.52975745222,4042.69457771227,3856.82925270127,7351.46012934172,10247.9426017644,7777.43596427436,4178.14968306371,2734.73936185737,4543.41299924905,5943.64609989627,"Zinc finger protein, FOG family member 2",Q8WW38,603693.0,gene,23414.0,ZFPM2,ENSG00000169946,bacteria
sp|Q8WW38|FOG2_HUMAN,sp,Q8WW38,FOG2,HUMAN,0283361|tr|A0A3R6MI56|A0A3R6MI56_9BACT,283361,tr,A0A3R6MI56,A0A3R6MI56,EDEEEE,21,26,EDEEEE,105,110,FAFGMEDEEEEPVMPA,6,,,,,,,,,,,,,,,,,,,,,,,,,,,,,,,,,,,,,,,,,weak,very_weak,,,,,,,strong,weak,very_weak,,,,,,,,,,,,,,,,,,,,,,,,,,,,,,,strong,weak,very_weak,26.395,66.53,95.0,34.09,78.39500000000001,84.30000000000001,56.655,80.53,95.0,46.155,78.065,71.89500000000001,6.92,61.555,58.14,75.04,73.195,47.005,71.82,59.77,43.835,82.73,62.365,43.95,87.32,2409.14427453635,10065.5241245075,30528.8938646228,5635.3982417021,17898.3171933017,25582.5596887162,11158.4399685932,16622.6185652217,29999.7429498251,7339.61804336676,22923.3267218045,10393.1057266713,1143.72056030012,8498.72743615262,13543.4447780321,9999.20157367672,8098.2614915374,10113.5573350102,19138.1002279471,8078.13362593446,5193.17899350981,10618.7354404741,9883.89282566949,3908.66942351832,"Zinc finger protein, FOG family member 2",Q8WW38,603693.0,gene,23414.0,ZFPM2,ENSG00000169946,bacteria
sp|Q8WW38|FOG2_HUMAN,sp,Q8WW38,FOG2,HUMAN,0283361|tr|A0A415ZN44|A0A415ZN44_9BACT,283361,tr,A0A415ZN44,A0A415ZN44,EENRHL,956,961,EENRHL,503,508,RELYYEENRHLELVRI,6,,,very_weak,,,,,,very_weak,,weak,very_weak,,weak,very_weak,,weak,very_weak,,weak,very_weak,,,,,weak,very_weak,,,,,,,,,very_weak,,,very_weak,,,,,,very_weak,,weak,very_weak,,,,,weak,very_weak,,,,,,very_weak,,,,,,very_weak,,,very_weak,,,very_weak,,,,,,very_weak,,weak,very_weak,,weak,very_weak,17.125,39.25,19.96,5.98,3.335,4.025,9.72,26.26,6.995,80.15,43.325,14.13,47.925,10.71,9.63,8.969999999999999,39.56,11.95,25.265,15.2,11.785,18.130000000000003,29.83,17.655,6.9,1009.42723620896,446.507818503684,1268.20772108135,550.364940015699,109.592437942437,465.500447107217,890.410886939136,438.730614740309,223.454429000259,5379.44952609365,4615.60479188573,635.497971230517,3081.11557250854,396.603507306627,1136.88542540551,65.6766860258541,638.834658762277,967.27882112994,579.226862201517,460.824927504483,418.387653622091,430.427053030182,637.867704391853,626.574353467129,"Zinc finger protein, FOG family member 2",Q8WW38,603693.0,gene,23414.0,ZFPM2,ENSG00000169946,bacteria
sp|Q8WW38|FOG2_HUMAN,sp,Q8WW38,FOG2,HUMAN,0283361|tr|A0A416AE92|A0A416AE92_9BACT,283361,tr,A0A416AE92,A0A416AE92,ATKEEN,953,958,ATKEEN,120,125,TRIVIATKEENRYRIK,6,,,,,weak,very_weak,,weak,very_weak,,,very_weak,,,very_weak,,,very_weak,,weak,very_weak,,,,,weak,very_weak,,,,,,very_weak,,,,,weak,very_weak,,,,,,very_weak,,weak,very_weak,,,,,,,,,,,,,,weak,very_weak,,,,,,very_weak,,weak,very_weak,,,,,,,strong,weak,very_weak,strong,weak,very_weak,31.875,7.275,2.775,19.745,14.41,18.075,2.91,27.75,8.959999999999999,37.015,13.32,22.62,28.55,19.18,8.165,32.665,45.035,21.515,5.050000000000001,26.89,15.205,6.85,23.55,29.48,1.975,8267.98578830601,401.729965905326,335.303382051589,3085.88645156926,872.850083195519,4073.38548973119,360.563797908719,1717.98748732399,596.520253740072,3688.99653923391,3449.5348497179,2724.28479334995,3909.09235576357,1939.84010872849,1715.23862875355,708.521305048508,3644.12875151948,3937.83154642152,800.07692477118,1576.45646083066,1348.19797458774,1346.33210493135,1344.35244778858,1705.94751623019,"Zinc finger protein, FOG family member 2",Q8WW38,603693.0,gene,23414.0,ZFPM2,ENSG00000169946,bacteria
sp|Q8WW38|FOG2_HUMAN,sp,Q8WW38,FOG2,HUMAN,0283361|tr|A0A3R6MB15|A0A3R6MB15_9BACT,283361,tr,A0A3R6MB15,A0A3R6MB15,IKKAKG,972,977,IKKAKG,97,102,ENGTLIKKAKGVVYYR,6,,,,,,very_weak,,weak,very_weak,,,very_weak,,weak,very_weak,,,very_weak,,weak,very_weak,,weak,very_weak,strong,weak,very_weak,,,,,,very_weak,,,,,weak,very_weak,,,,,,,,weak,very_weak,,,,,weak,very_weak,,,,,,,strong,weak,very_weak,,,,,,,,,very_weak,strong,weak,very_weak,,,,,weak,very_weak,strong,weak,very_weak,72.04499999999999,13.275,5.93,14.585,3.595,10.945,7.92,2.265,0.995,33.2,15.0,31.71,77.32,37.14,9.915,6.18,44.81,36.3,0.27,24.445,30.785000000000004,19.07,1.665,36.675,3.28,12930.2866179568,182.487720576339,203.555970700156,1821.2557653073,60.0701650203975,687.519591532862,457.986684553846,34.4018650030705,40.0695042724939,749.519366638205,1683.1760586358,2319.76829145377,11019.6239183,2207.44774871923,1269.08621569707,22.8010759676779,1240.2536525676,3997.50211452647,64.203320621997,600.834286921578,1908.59060072463,353.957875609574,40.6370927807145,1048.05758044052,"Zinc finger protein, FOG family member 2",Q8WW38,603693.0,gene,23414.0,ZFPM2,ENSG00000169946,bacteria
sp|Q8WW38|FOG2_HUMAN,sp,Q8WW38,FOG2,HUMAN,0283361|tr|A0A3R6LUA7|A0A3R6LUA7_9BACT,283361,tr,A0A3R6LUA7,A0A3R6LUA7,QTKKLS,649,654,QTKKLS,501,506,ALQQLQTKKLSNPAKK,6,,,,,,,,,very_weak,,,,,,,,,,,,,,,,,,,,,,,,,,,,,,very_weak,,,,,,,,,,,,,,weak,very_weak,,,,,,,,,very_weak,,,,,,,,,very_weak,,,,,,,,,very_weak,,weak,very_weak,81.745,20.575,15.66,80.13499999999999,26.26,44.895,49.965,44.605,39.955,83.565,25.755000000000003,26.585,94.52,36.31,22.985,9.605,56.6,39.625,11.44,58.525000000000006,37.995000000000005,14.45,49.165,57.86,15.725,15686.5362354558,572.981139184975,1009.58015269479,11939.2416611067,764.325935820776,5675.17087907028,5860.37606070543,1513.33114814466,2155.24333523043,6168.43664587611,3833.36517748259,3599.10565702507,17067.8580820024,3378.46729072199,3167.65118669996,50.1738424868817,5290.04215054978,7111.81844328115,877.461471374102,2663.83206585493,3132.95243019944,1282.1426664037,1359.77125666385,2579.61919866164,"Zinc finger protein, FOG family member 2",Q8WW38,603693.0,gene,23414.0,ZFPM2,ENSG00000169946,bacteria
