human_id,database,protein,gene,species,pathogen_id,pathogen_species,database_pathogen,pathogen_protein,pathogen_gene,human_seq,human_start,human_end,pathogen_seq,pathogen_start,pathogen_end,extended_pathogen_seq,pathogen_length,binding_rank_strong_HLA_DQA10101_DQB10501,binding_rank_weak_HLA_DQA10101_DQB10501,binding_rank_very_weak_HLA_DQA10101_DQB10501,binding_rank_strong_DRB4_0101,binding_rank_weak_DRB4_0101,binding_rank_very_weak_DRB4_0101,binding_rank_strong_DRB1_0802,binding_rank_weak_DRB1_0802,binding_rank_very_weak_DRB1_0802,binding_rank_strong_DRB3_0101,binding_rank_weak_DRB3_0101,binding_rank_very_weak_DRB3_0101,binding_rank_strong_DRB1_1501,binding_rank_weak_DRB1_1501,binding_rank_very_weak_DRB1_1501,binding_rank_strong_DRB3_0202,binding_rank_weak_DRB3_0202,binding_rank_very_weak_DRB3_0202,binding_rank_strong_DRB1_0301,binding_rank_weak_DRB1_0301,binding_rank_very_weak_DRB1_0301,binding_rank_strong_DRB1_0701,binding_rank_weak_DRB1_0701,binding_rank_very_weak_DRB1_0701,binding_rank_strong_DRB1_1302,binding_rank_weak_DRB1_1302,binding_rank_very_weak_DRB1_1302,binding_rank_strong_HLA_DQA10501_DQB10301,binding_rank_weak_HLA_DQA10501_DQB10301,binding_rank_very_weak_HLA_DQA10501_DQB10301,binding_rank_strong_HLA_DPA10201_DPB11401,binding_rank_weak_HLA_DPA10201_DPB11401,binding_rank_very_weak_HLA_DPA10201_DPB11401,binding_rank_strong_HLA_DPA10103_DPB10201,binding_rank_weak_HLA_DPA10103_DPB10201,binding_rank_very_weak_HLA_DPA10103_DPB10201,binding_rank_strong_DRB5_0101,binding_rank_weak_DRB5_0101,binding_rank_very_weak_DRB5_0101,binding_rank_strong_HLA_DQA10301_DQB10302,binding_rank_weak_HLA_DQA10301_DQB10302,binding_rank_very_weak_HLA_DQA10301_DQB10302,binding_rank_strong_HLA_DPA10301_DPB10402,binding_rank_weak_HLA_DPA10301_DPB10402,binding_rank_very_weak_HLA_DPA10301_DPB10402,binding_rank_strong_HLA_DPA10201_DPB10501,binding_rank_weak_HLA_DPA10201_DPB10501,binding_rank_very_weak_HLA_DPA10201_DPB10501,binding_rank_strong_HLA_DQA10501_DQB10201,binding_rank_weak_HLA_DQA10501_DQB10201,binding_rank_very_weak_HLA_DQA10501_DQB10201,binding_rank_strong_DRB1_0101,binding_rank_weak_DRB1_0101,binding_rank_very_weak_DRB1_0101,binding_rank_strong_HLA_DQA10102_DQB10602,binding_rank_weak_HLA_DQA10102_DQB10602,binding_rank_very_weak_HLA_DQA10102_DQB10602,binding_rank_strong_HLA_DPA10103_DPB10401,binding_rank_weak_HLA_DPA10103_DPB10401,binding_rank_very_weak_HLA_DPA10103_DPB10401,binding_rank_strong_DRB1_1201,binding_rank_weak_DRB1_1201,binding_rank_very_weak_DRB1_1201,binding_rank_strong_DRB1_0401,binding_rank_weak_DRB1_0401,binding_rank_very_weak_DRB1_0401,binding_rank_strong_HLA_DPA10201_DPB10101,binding_rank_weak_HLA_DPA10201_DPB10101,binding_rank_very_weak_HLA_DPA10201_DPB10101,binding_rank_strong_HLA_DQA10401_DQB10402,binding_rank_weak_HLA_DQA10401_DQB10402,binding_rank_very_weak_HLA_DQA10401_DQB10402,binding_rank_strong_DRB1_0901,binding_rank_weak_DRB1_0901,binding_rank_very_weak_DRB1_0901,binding_rank_strong_DRB1_0405,binding_rank_weak_DRB1_0405,binding_rank_very_weak_DRB1_0405,binding_rank_strong_DRB1_1101,binding_rank_weak_DRB1_1101,binding_rank_very_weak_DRB1_1101,binding_rank_strong,binding_rank_weak,binding_rank_very_weak,Rank_average_HLA_DQA10101_DQB10501,Rank_average_DRB4_0101,Rank_average_DRB1_0802,Rank_average_DRB3_0101,Rank_average_DRB1_1501,Rank_average_DRB3_0202,Rank_average_DRB1_0301,Rank_average_DRB1_0701,Rank_average_DRB1_1302,Rank_average_HLA_DQA10501_DQB10301,Rank_average_HLA_DPA10201_DPB11401,Rank_average_HLA_DPA10103_DPB10201,Rank_average_HLA_DQA10301_DQB10302,Rank_average_HLA_DPA10301_DPB10402,Rank_average_HLA_DPA10201_DPB10501,Rank_average_DRB1_0101,Rank_average_HLA_DQA10102_DQB10602,Rank_average_HLA_DPA10103_DPB10401,Rank_average_DRB1_1201,Rank_average_DRB1_0401,Rank_average_HLA_DPA10201_DPB10101,Rank_average_HLA_DQA10401_DQB10402,Rank_average_DRB1_0901,Rank_average_DRB1_0405,Rank_average_DRB1_1101,nM_HLA_DQA10101_DQB10501,nM_DRB4_0101,nM_DRB1_0802,nM_DRB3_0101,nM_DRB1_1501,nM_DRB3_0202,nM_DRB1_0301,nM_DRB1_0701,nM_DRB1_1302,nM_HLA_DQA10501_DQB10301,nM_HLA_DPA10201_DPB11401,nM_HLA_DPA10103_DPB10201,nM_HLA_DQA10301_DQB10302,nM_HLA_DPA10301_DPB10402,nM_HLA_DPA10201_DPB10501,nM_DRB1_0101,nM_HLA_DQA10102_DQB10602,nM_HLA_DPA10103_DPB10401,nM_DRB1_1201,nM_DRB1_0401,nM_HLA_DPA10201_DPB10101,nM_HLA_DQA10401_DQB10402,nM_DRB1_0901,nM_DRB1_0405,Gene description,Uniprot,# MIM Number,MIM Entry Type,Entrez Gene ID,HGNC,Ensembl Gene ID,type
sp|Q96KN3|PKNX2_HUMAN,sp,Q96KN3,PKNX2,HUMAN,0102041|tr|B7TPX6|B7TPX6_9BETA,102041,tr,B7TPX6,B7TPX6,EEEDED,433,438,EEEDED,257,262,DEDGFEEEDEDGNDGE,6,,,,,,,,,,,,,,,,,,,,,,,,,,,,,,,,,,,,,,,,,,,,,,,,,,,,,,,,,,,,,,,,,,,,,,,,,,,,,,,,,,,,,48.335,95.0,95.0,55.075,95.0,95.0,95.0,95.0,95.0,93.57,95.0,95.0,41.66,95.0,95.0,95.0,95.0,92.395,95.0,95.0,95.0,94.8,95.0,95.0,95.0,11831.7341784477,35677.550783751,39276.7897146001,20816.375944141106,36126.9868734627,41898.0232511848,37502.2465541895,39658.5528567023,37971.792608939104,27606.754104788903,40979.3762696262,33710.3321931132,8221.954194282851,32867.2027175425,33685.9035811855,35675.6207200126,31033.4464028643,32403.930707181,38647.4123876072,36588.8139745839,28864.9230739466,26884.2652400447,38540.5124581209,34580.7020163484,PBX/knotted 1 homeobox 2,Q96KN3,613066.0,gene,63876.0,PKNOX2,ENSG00000165495,virus
sp|Q96KN3|PKNX2_HUMAN,sp,Q96KN3,PKNX2,HUMAN,0102041|tr|E9RHD0|E9RHD0_9BETA,102041,tr,E9RHD0,E9RHD0,VYRHPL,74,79,VYRHPL,170,175,RFCPPVYRHPLLPTTP,6,,,,,,,,,,,,,,,,,,,,,,,,,,,,,,,,,,,,very_weak,,,,,,,,,,,,,,,,,,,,,,,,,,,,,,,,,,,,,,,,,,,,,,,,very_weak,70.995,33.67,43.33,69.845,38.11,56.31,66.84,54.97,43.96,60.15,35.2,13.065,82.0,36.49,44.24500000000001,61.435,80.64500000000002,43.51,53.1,55.73,32.905,28.335,44.055,71.79,49.52500000000001,10176.4534578553,880.752530552645,2142.38628957364,8171.491607458629,1029.06755133935,7248.309868540491,7810.492869763,1858.37998165668,2060.76503965124,3628.19507839697,8133.826021194341,1076.0019008698,9334.56256866204,2009.8537634776,4164.33932182911,787.2137803723799,6726.300513645821,4150.529700995329,4185.93246705738,3427.4359578616,2340.4160313269604,577.199874772182,945.609955081817,3503.58740763779,PBX/knotted 1 homeobox 2,Q96KN3,613066.0,gene,63876.0,PKNOX2,ENSG00000165495,virus
sp|Q96KN3|PKNX2_HUMAN,sp,Q96KN3,PKNX2,HUMAN,0172383|tr|Q9WNM8|Q9WNM8_9PAPI,172383,tr,Q9WNM8,Q9WNM8,EEEEEE,441,446,EEEEEE,624,629,LELHQEEEEEEEEEDG,6,,,,,,,,,,,,,,,,,,,,,,,,,,,,,,,,,,,,,,,,,,,,,,,,,,,very_weak,,,,,,,,,,,,,,,,,,,,,,,,,,,,,,,,,very_weak,49.545,74.17,95.0,59.74,95.0,95.0,69.195,95.0,95.0,84.53999999999998,95.0,89.16,28.835,77.99000000000002,76.345,95.0,94.645,65.57,95.0,93.785,55.575,95.0,92.94,63.175,95.0,10955.0719010839,15873.1467448089,33106.3310379656,18041.0264962958,28261.0710589376,38881.0287720539,19412.5536602607,33079.476698241204,31890.8954700989,22375.881086585698,34624.131305907205,19063.906286561298,5069.26728464752,16894.2336566007,20442.5160733647,28670.0763305169,23399.452039750697,18488.2163002579,29861.1393619723,26837.4740385793,10873.4720890286,24570.926734138,29800.7824429463,14260.4697024917,PBX/knotted 1 homeobox 2,Q96KN3,613066.0,gene,63876.0,PKNOX2,ENSG00000165495,virus
sp|Q96KN3|PKNX2_HUMAN,sp,Q96KN3,PKNX2,HUMAN,0151521|tr|A4ZKK9|A4ZKK9_9ADEN,151521,tr,A4ZKK9,A4ZKK9,MEEEEE,440,445,MEEEEE,354,359,EEEVVMEEEEEEEAPG,6,,,,,,,,,,,,,,,,,,,,,,,,,,,,,,,,,,,,,,,,,weak,very_weak,,,,,,,strong,weak,very_weak,,,,,,,,,,,,,,,,,,,,,,,,,,,,,,,strong,weak,very_weak,29.48,46.0,95.0,39.1,60.83,95.0,35.225,95.0,95.0,54.255,62.255,75.08,6.194999999999999,45.74500000000001,48.145,95.0,64.565,42.405,52.755,52.575,35.5,61.65000000000001,56.505,38.95,95.0,6555.23128027334,9155.31764563263,34720.9196949821,10013.3844004778,17822.5648701474,40519.5224423315,8812.04395519248,35280.6272669665,35233.7058826829,11990.5066678009,23301.1731999254,13830.5816254681,1609.68758653942,8698.37027232271,13803.2238985295,29263.347154320694,10499.6899310363,10987.7165916342,16469.1969078759,11989.728285325,5064.60731823045,15470.1163334846,15620.6520181895,6015.91500830109,PBX/knotted 1 homeobox 2,Q96KN3,613066.0,gene,63876.0,PKNOX2,ENSG00000165495,virus
sp|Q96KN3|PKNX2_HUMAN,sp,Q96KN3,PKNX2,HUMAN,0151521|tr|A4ZKK9|A4ZKK9_9ADEN,151521,tr,A4ZKK9,A4ZKK9,EEEEEE,441,446,EEEEEE,355,360,EEVVMEEEEEEEAPGD,6,,,,,,,,,,,,,,,,,,,,,,,,,,,,,,,,,,,,,,,,,,very_weak,,,,,,,,weak,very_weak,,,,,,,,,,,,,,,,,,,,,,,,,,,,,,,,weak,very_weak,36.35,51.95,94.09,44.85,72.16499999999998,95.0,43.39,95.0,94.845,76.695,65.43,76.655,12.57,51.6,56.065,95.0,66.825,48.025,60.665,57.35,41.92,93.43,92.23,44.83,94.625,7875.324419528471,10296.5120994762,32465.695686313706,11701.241954062,19933.6003946367,38129.473258057296,10917.4436709324,31894.346180957906,30529.8848282944,19858.2561482472,25397.5010654017,15281.7941567311,2414.96410152289,9915.920120866527,15164.3562961453,26262.9615178129,12431.3415215972,13164.3385922796,18475.2183753395,13419.1688903174,6173.17708575378,24266.5660286587,28486.0978690337,7541.34967480683,PBX/knotted 1 homeobox 2,Q96KN3,613066.0,gene,63876.0,PKNOX2,ENSG00000165495,virus
sp|Q96KN3|PKNX2_HUMAN,sp,Q96KN3,PKNX2,HUMAN,0001259|tr|Q1GBB4|Q1GBB4_LACDA,1259,tr,Q1GBB4,Q1GBB4,EEEEEE,441,446,EEEEEE,693,698,VRIVKEEEEEEKAKKK,6,,,,,,,,,,,,,,,,,,,,,,,,,,,,,,,,,,,,,,,,,,,,,,,,,,,very_weak,,,,,,,,,,,,,,,,,,,,,,,,,,,,,,,,,very_weak,49.29,43.39,67.91,42.7,59.94499999999999,70.995,24.405,95.0,65.53,87.25999999999999,49.785,71.505,35.035,45.335,36.24,69.28,75.5,47.755,51.68,56.150000000000006,32.505,73.75,61.71,43.6,66.325,9316.50144053494,6478.30577378873,15913.5579219213,10596.4696985107,14225.641604682,26346.0672806795,5007.17838532327,28581.8043970068,15781.6999203832,21783.2161443538,18886.7261533889,12824.1189184454,4137.12396170563,8036.8973247903,9129.59862639222,11318.8270167612,14113.2657093738,11619.6146653002,12833.8353861692,11512.9920186176,4276.85347793384,14308.2266834462,14650.0451975279,6999.44777059641,PBX/knotted 1 homeobox 2,Q96KN3,613066.0,gene,63876.0,PKNOX2,ENSG00000165495,bacteria
sp|Q96KN3|PKNX2_HUMAN,sp,Q96KN3,PKNX2,HUMAN,0001259|tr|Q1G8V5|Q1G8V5_LACDA,1259,tr,Q1G8V5,Q1G8V5,LEADKR,67,72,LEADKR,28,33,DRVEELEADKRIKAVK,6,,,,,,very_weak,,,very_weak,,weak,very_weak,,,,,,very_weak,strong,weak,very_weak,,,,,weak,very_weak,,,,,,,,,,,,very_weak,,,,,,,,,,,,,,,,,,,,,,,,,,,,,,,,,,,,,,,,,weak,very_weak,strong,weak,very_weak,43.455,12.51,11.55,4.71,31.66,11.75,0.06,66.285,9.085,72.23,40.56,52.47,62.435,39.05,23.0,45.105,67.28,42.705,22.585,25.7,36.545,26.72,65.08,49.45,4.885,8823.58817813367,761.058086070802,1124.83342594659,712.041066753312,2846.19426258336,2697.21369985658,30.5840352393051,6655.93186759476,632.828848756289,7263.14737924534,11080.2395767597,8110.4500284521,6166.16786523908,5697.38110345469,5288.72586142584,1915.99782604964,7593.83433137188,10447.2226608394,3494.42566194101,1849.99412475468,4508.49768126237,3442.63696321147,6211.97127880221,5094.9462844616,PBX/knotted 1 homeobox 2,Q96KN3,613066.0,gene,63876.0,PKNOX2,ENSG00000165495,bacteria
sp|Q96KN3|PKNX2_HUMAN,sp,Q96KN3,PKNX2,HUMAN,0001259|tr|Q1GBY7|Q1GBY7_LACDA,1259,tr,Q1GBY7,Q1GBY7,SLSSDS,407,412,SLSSDS,173,178,TNGLASLSSDSQIAKA,6,,,,strong,weak,very_weak,,,,,weak,very_weak,,,,,,,strong,weak,very_weak,,,,,,,,,very_weak,,,,,,,,,,,weak,very_weak,,,,,,,,,very_weak,,,,strong,weak,very_weak,,,,,,very_weak,,weak,very_weak,,,,,,,,,,,weak,very_weak,,,,strong,weak,very_weak,25.635,1.775,22.455,6.5,27.54,37.525000000000006,0.4649999999999999,39.91,38.645,17.115000000000002,54.1,73.525,7.875,49.2,48.11,40.805,1.66,69.52,17.35,4.36,54.545,21.48,36.760000000000005,7.069999999999999,25.7,4113.82366000498,181.37750663594,1732.60390905801,617.107982014653,2109.76770869735,4977.52361662811,43.2133046237997,1188.28711891325,1700.16154665047,362.876806508528,9788.64209142813,7449.46605362364,1357.93344679811,4798.41623570043,6790.65020785057,275.900886909566,139.295779263417,8887.40034870416,2316.50766592628,314.82639229919,3922.43817211521,608.488679427905,856.404357499371,406.671805627117,PBX/knotted 1 homeobox 2,Q96KN3,613066.0,gene,63876.0,PKNOX2,ENSG00000165495,bacteria
sp|Q96KN3|PKNX2_HUMAN,sp,Q96KN3,PKNX2,HUMAN,0001259|tr|Q1GA48|Q1GA48_LACDA,1259,tr,Q1GA48,Q1GA48,LMVKAI,133,138,LMVKAI,83,88,HSSNALMVKAILEESA,6,,,,,,very_weak,,,very_weak,,,,,,,,,,,,,,,,,,,,,,,,,,,very_weak,,,,,weak,very_weak,,,very_weak,,,very_weak,,,very_weak,,,,,weak,very_weak,,,very_weak,,,very_weak,,,,,,very_weak,,,,,,,,,very_weak,,,,,weak,very_weak,28.345,11.54,13.105,54.685,33.435,45.075,34.055,20.41,41.06,33.015,22.655,13.435,5.535,11.68,19.92,32.42,5.56,14.665,17.165,33.475,14.915,21.315,23.77,15.9,21.645,1546.93790119069,317.683583253954,712.480337403389,5549.53728656752,938.180682779574,5882.16540140926,3439.36064917291,599.931341849472,1825.31964277842,592.628205029793,2850.16961586338,909.200097300501,740.563500032895,524.295197594854,2030.64113671553,178.668158056607,88.7022263620459,1610.7154858978,821.284931052956,1303.19169156016,679.826593774055,201.367591018085,423.534406170452,464.851177422017,PBX/knotted 1 homeobox 2,Q96KN3,613066.0,gene,63876.0,PKNOX2,ENSG00000165495,bacteria
sp|Q96KN3|PKNX2_HUMAN,sp,Q96KN3,PKNX2,HUMAN,0001259|sp|Q1G8N2|SYS_LACDA,1259,sp,Q1G8N2,SYS,EVDELQ,451,456,EVDELQ,89,94,KELDQEVDELQEKQEY,6,,,,,,,,,,,,,,,,,,,,,,,,,,,,,,,,,,,,,,,,,,,,,,,,,,,,,,,,,,,,,,,,,,,,,,,,,,,,,,,,,,,,,31.155,39.870000000000005,95.0,42.89,74.87,76.06,29.69,95.0,83.045,86.045,80.28999999999999,79.23,25.86,63.81,57.65,81.45,65.05,62.46,61.405,33.69,52.545,79.78,95.0,43.875,83.53,4805.43026001224,4860.01940726896,32045.5074856268,8752.74946326439,16921.4916101155,26381.1528306173,5083.43792794642,30940.9107367391,16292.6695031459,20882.698575137,24852.4696642675,12686.3872643434,3083.51677077284,9104.54289237032,12816.6283842352,11981.6879579502,9500.3410303035,13253.8056894209,13592.9179117948,3993.48169356758,6168.16968718553,14550.2084610975,30299.8574931514,5426.27390345978,PBX/knotted 1 homeobox 2,Q96KN3,613066.0,gene,63876.0,PKNOX2,ENSG00000165495,bacteria
sp|Q96KN3|PKNX2_HUMAN,sp,Q96KN3,PKNX2,HUMAN,0001259|tr|Q1G9F3|Q1G9F3_LACDA,1259,tr,Q1G9F3,Q1G9F3,VSDLGL,460,465,VSDLGL,140,145,DLEEAVSDLGLPAVLK,6,,,,,,,,,,,weak,very_weak,,,,,,,,weak,very_weak,,,,,,,,,,,,,,,,,,,,,very_weak,,,,,,,,,very_weak,,,,,,,,,,,,very_weak,,,,,,,,,,,,,,,,,,,,weak,very_weak,22.58,34.97,63.655,4.94,49.535,30.39,6.52,57.755,41.715,23.265,43.5,56.86,12.855,42.105,55.31,30.28,38.905,52.585,19.130000000000003,21.505,46.065,41.13,49.405,43.715,62.0,1929.35324893289,1478.14966824724,3013.46188336296,235.554685226874,2096.68280310527,3024.20804012839,221.749217658105,1653.00005225208,968.724172358591,483.179003857357,5241.04656471864,2942.29136899729,832.783344745865,2159.39816227598,5086.79413733403,188.624628668109,1446.16249037786,4626.85493990333,1829.13528923093,407.707144531748,2009.11452960627,1006.28665959923,996.794005420992,1392.78305106003,PBX/knotted 1 homeobox 2,Q96KN3,613066.0,gene,63876.0,PKNOX2,ENSG00000165495,bacteria
sp|Q96KN3|PKNX2_HUMAN,sp,Q96KN3,PKNX2,HUMAN,0644875|tr|A0A934PA65|A0A934PA65_9STRE,644875,tr,A0A934PA65,A0A934PA65,KAKKIK,361,366,KAKKIK,8,13,LKTKYKAKKIKAVFFD,6,,,,,,,strong,weak,very_weak,,,,,,,,,very_weak,,,,,weak,very_weak,,weak,very_weak,,,,,weak,very_weak,,weak,very_weak,,weak,very_weak,,,,,,very_weak,,weak,very_weak,,,,,weak,very_weak,,,,,,very_weak,,weak,very_weak,,,,,,very_weak,strong,weak,very_weak,,weak,very_weak,,,,,weak,very_weak,strong,weak,very_weak,57.620000000000005,22.695,0.915,24.575,20.04,10.245,36.48,3.965,4.71,34.56,7.475,4.8500000000000005,70.25999999999999,13.405,6.045,9.7,32.145,11.93,4.15,21.535,13.545,0.215,8.935,28.665,2.5650000000000004,10654.0660418024,352.002467007811,111.558070945695,3031.94012521513,261.173626013576,1210.32008520571,2507.49225405508,47.0664180905421,221.658063858351,1405.86423683726,1426.22588518655,374.32191568951,8554.72741611055,1018.45599968914,1105.50436976416,49.8319191262007,2076.09523899641,1514.75634877682,165.494342381089,751.866718754972,1118.92200563641,98.8680097311302,151.721009396741,865.505360602666,PBX/knotted 1 homeobox 2,Q96KN3,613066.0,gene,63876.0,PKNOX2,ENSG00000165495,bacteria
sp|Q96KN3|PKNX2_HUMAN,sp,Q96KN3,PKNX2,HUMAN,0644875|tr|A0A934P8U9|A0A934P8U9_9STRE,644875,tr,A0A934P8U9,A0A934P8U9,HSDSLE,467,472,HSDSLE,129,134,HTPELHSDSLEGMFAQ,6,,,,,,,,,,,weak,very_weak,,,,,,,,weak,very_weak,,,,,,,,,,,,,,,,,,,,weak,very_weak,,,,,,,strong,weak,very_weak,,,,,,,,,,,,,,,,,,,,,,,,,,,,,,,strong,weak,very_weak,22.185,28.73,73.35499999999999,2.91,61.035,41.7,3.395,54.67,46.94,27.58,44.870000000000005,31.395,8.21,21.44,34.725,51.4,35.975,22.765,44.885000000000005,36.895,22.025,44.54,52.28,50.165,72.815,3605.06864466629,2540.53600272483,8112.20528378188,296.46153592792,7014.15530078155,10470.6474662524,388.151171464246,4899.03500184078,3645.58790418246,2564.70224858474,12573.1043040799,3078.18331380323,1278.6515581231,1994.58103595066,7520.65281185037,910.854273965098,2520.19426590613,3785.75829861099,6930.11952138983,2846.71782897818,1873.90696998593,3268.12440144413,3346.30736361452,3847.28490317752,PBX/knotted 1 homeobox 2,Q96KN3,613066.0,gene,63876.0,PKNOX2,ENSG00000165495,bacteria
sp|Q96KN3|PKNX2_HUMAN,sp,Q96KN3,PKNX2,HUMAN,0644875|tr|A0A934P8S8|A0A934P8S8_9STRE,644875,tr,A0A934P8S8,A0A934P8S8,LDNLQS,402,407,LDNLQS,1424,1429,SRWISLDNLQSSFSKV,6,,,very_weak,,weak,very_weak,,weak,very_weak,,weak,very_weak,,,,,weak,very_weak,strong,weak,very_weak,,,,,,very_weak,,,,,,,,,,,,very_weak,,,,,,very_weak,,,,,,,,weak,very_weak,,,,,,,,,,strong,weak,very_weak,,,,,,,,,,strong,weak,very_weak,,weak,very_weak,strong,weak,very_weak,18.295,2.9000000000000004,5.555,4.625,32.295,7.854999999999999,1.675,53.47,15.585,53.135000000000005,32.01,29.175,33.61,14.52,27.665,2.25,31.715000000000003,24.75,23.7,0.535,26.26,21.82,37.165,1.535,3.975000000000001,1367.91681497584,145.269572957264,237.045244095336,196.839539179178,365.339026455481,565.895852584973,63.8631441617955,701.002762573328,170.464847565743,2288.80338498679,3863.7208587071,518.709138550782,2364.46881743729,498.618008649271,2002.51698110176,14.3270928260296,1113.34276437085,1090.8068026095,990.226049269418,23.8745592073513,712.310762242392,624.976457066111,571.822999309534,30.5982677865523,PBX/knotted 1 homeobox 2,Q96KN3,613066.0,gene,63876.0,PKNOX2,ENSG00000165495,bacteria
sp|Q96KN3|PKNX2_HUMAN,sp,Q96KN3,PKNX2,HUMAN,0644875|tr|A0A934P9U3|A0A934P9U3_9STRE,644875,tr,A0A934P9U3,A0A934P9U3,NEDKKS,283,288,NEDKKS,559,564,QYTEGNEDKKSYQILQ,6,,,,,,,,,,,,,,,,,,,,,,,,,,,,,,,,,,,,,,,,,,,,,,,,,,,,,,,,,,,,,,,,,,,,,,,,,,,,,,,,,,,,,84.025,87.1,76.28,80.12,73.465,77.1,35.41,69.735,68.295,89.375,93.49,78.695,91.93,91.62,84.61500000000001,81.625,65.735,90.51,76.6,87.765,90.76,56.38,80.545,92.505,75.27,18886.3174574319,9311.76492840655,10640.9328349819,13996.0218613474,10658.9086766008,20779.9208740435,6222.80186588304,8396.72346722284,9999.85072961196,10811.7647091311,27561.9855997282,14304.2021417038,14185.2186360184,17600.8440858504,19074.0160609932,6180.46175292102,8541.501534167,21501.286242549,15375.1678491934,11383.3052532942,14476.247533966,6890.71626530512,8134.35407549936,13451.4403526171,PBX/knotted 1 homeobox 2,Q96KN3,613066.0,gene,63876.0,PKNOX2,ENSG00000165495,bacteria
sp|Q96KN3|PKNX2_HUMAN,sp,Q96KN3,PKNX2,HUMAN,0644875|tr|A0A934P9V4|A0A934P9V4_9STRE,644875,tr,A0A934P9V4,A0A934P9V4,LLELEK,145,150,LLELEK,58,63,INNVILLELEKFHQKA,6,,weak,very_weak,,weak,very_weak,,weak,very_weak,,,very_weak,,,very_weak,,,,,,very_weak,,,,,,,,,,,,,,weak,very_weak,,,very_weak,,,very_weak,,weak,very_weak,,weak,very_weak,,,very_weak,,,,,,,,weak,very_weak,strong,weak,very_weak,,,,,weak,very_weak,,,,,,,,,,,weak,very_weak,strong,weak,very_weak,9.75,5.6,7.345,18.985,16.935000000000002,46.855,12.585,50.34,25.23,70.91499999999999,35.36,6.395,16.095,3.73,2.72,27.295,45.435,6.5,0.545,37.94,5.105,44.755,41.67,31.955,2.12,937.074886110974,187.349329707311,602.98341634466,1369.56066369372,411.024633243485,7345.4174853062,1071.62176789348,1953.48853750667,1095.08760874886,5921.62901587098,4710.45304690929,236.200376898531,1316.04357199682,130.509089526528,333.508759385857,268.915934952197,1067.29410843091,291.783593364239,114.831580593622,1513.82244510103,188.765501736617,1754.90443875564,1535.2326682939,897.665819697918,PBX/knotted 1 homeobox 2,Q96KN3,613066.0,gene,63876.0,PKNOX2,ENSG00000165495,bacteria
sp|Q96KN3|PKNX2_HUMAN,sp,Q96KN3,PKNX2,HUMAN,0644875|tr|A0A934P830|A0A934P830_9STRE,644875,tr,A0A934P830,A0A934P830,SIAAGV,379,384,SIAAGV,374,379,IIAAVSIAAGVGFNGT,6,,,,,,,,,,,,,,,,,,,,,,,,very_weak,,,,,weak,very_weak,,,,,,,,,,,,,,,,,,,,,,,,very_weak,,weak,very_weak,,,,,,very_weak,,,,,,,,,,,,very_weak,,,,,,,,weak,very_weak,62.5,36.755,29.585,31.315,21.47,48.120000000000005,35.19,12.48,36.37,2.36,36.545,62.58,23.845,61.185,71.66,18.28,6.215,63.08,14.105,37.065,66.355,29.66,11.09,43.725,47.2,6505.20741285849,760.951045362209,568.811701152265,3912.64679382157,843.748639669799,5606.02473498622,4263.7316605171,332.953514513356,614.975045715323,43.3228519024642,4644.05795172858,4078.63356981445,2296.29444936057,3140.11304732937,8469.99440664516,120.003951992138,86.3294356007102,6186.75084579968,1260.20586204016,1208.59272687847,4172.23180645637,560.34532038161,230.00390894518,1495.44278925292,PBX/knotted 1 homeobox 2,Q96KN3,613066.0,gene,63876.0,PKNOX2,ENSG00000165495,bacteria
sp|Q96KN3|PKNX2_HUMAN,sp,Q96KN3,PKNX2,HUMAN,0644875|tr|A0A934PB84|A0A934PB84_9STRE,644875,tr,A0A934PB84,A0A934PB84,ASPAPA,5,10,ASPAPA,525,530,NQPEPASPAPAMDPSM,6,,,,,,,,,,,,,,,,,,,,,,,,,,,,strong,weak,very_weak,,,,,,,,,,,,very_weak,,,,,,,,,,,,,,,,,,,,,,,,,,,,,,,,,,,,,,,,strong,weak,very_weak,80.985,73.94999999999999,82.61500000000001,95.0,88.315,64.68,95.0,84.0,90.905,0.89,59.12,95.0,18.335,95.0,95.0,55.905,26.525,95.0,95.0,64.97,95.0,20.395,56.81,95.0,95.0,18937.2681564918,14403.7534381187,16726.8993640271,36396.1322737231,20716.3901285007,20539.1798984824,38729.877060319,14635.7862195284,19096.3177641031,58.2126962535947,23079.8667167411,34036.8855635636,2502.04494697889,35286.7354527012,37058.950553555,5148.70027357275,2475.03896339876,37182.6552069979,36718.8942345534,11712.3884859885,33895.3959150507,2772.6971076768,8521.37833659329,32749.3500565048,PBX/knotted 1 homeobox 2,Q96KN3,613066.0,gene,63876.0,PKNOX2,ENSG00000165495,bacteria
sp|Q96KN3|PKNX2_HUMAN,sp,Q96KN3,PKNX2,HUMAN,0644875|tr|A0A934P9K6|A0A934P9K6_9STRE,644875,tr,A0A934P9K6,A0A934P9K6,NPDGSI,395,400,NPDGSI,222,227,DLRIENPDGSIYVNLF,6,,,,,weak,very_weak,,,,,,very_weak,,,,,,,,,,,,,,,,,,,,,,,,,,,,,,,,,,,,,,,,,,,,,,,,,,,,,,,,,,,,,,,,,,,,,,,weak,very_weak,55.095,3.775,77.275,12.68,74.695,49.43,35.015,52.69,45.41,43.425,77.775,52.66,22.935,72.25,77.71000000000001,68.745,72.735,55.905,64.0,44.645,71.215,55.825,64.18,75.675,83.51,5181.95333474404,222.913513821481,7483.07188082016,782.187547532521,5204.48528147776,5488.92528405751,2944.7436807941,2177.65223882515,1052.23892754517,1653.62614908603,12919.9379516672,2665.07170331412,1321.22260164178,4774.49006235081,9934.0683899165,1365.03374892688,3488.83442102658,4291.64058160395,5980.67429118903,1980.25980136137,3650.91679624491,2285.98199002749,2298.97932059581,4652.75894072418,PBX/knotted 1 homeobox 2,Q96KN3,613066.0,gene,63876.0,PKNOX2,ENSG00000165495,bacteria
sp|Q96KN3|PKNX2_HUMAN,sp,Q96KN3,PKNX2,HUMAN,0644875|tr|A0A934UD72|A0A934UD72_9STRE,644875,tr,A0A934UD72,A0A934UD72,ASFDVD,103,108,ASFDVD,243,248,VITDKASFDVDMVIMA,6,,weak,very_weak,,,,,,,,weak,very_weak,,,,,,,,,very_weak,,,,,,,,,,,,,,,,,,,,,very_weak,,,,,,,,,very_weak,,,,,,,,,,,,,,,very_weak,,,,,,very_weak,,,,,,,,,,,weak,very_weak,7.62,38.405,68.475,3.0,42.065,24.35,15.54,54.53,34.135,50.865,34.11,50.85,16.75,37.945,41.235,51.365,44.26,43.03,54.28,16.395,34.115,16.425,64.005,28.675,68.03,338.412312302046,1002.98220634467,3914.17111362205,70.9576899121269,1815.6876143362,2614.32050023206,405.130299931693,1821.94559134023,800.665793909037,2581.0151216064,5941.45999830215,1774.85915927345,845.823508977746,954.067908585233,2943.11919387806,661.870306437756,1419.20647544925,2087.94440525767,3696.22807453027,278.431923239558,917.739413867004,1029.60213571713,1971.32396720102,547.235676428752,PBX/knotted 1 homeobox 2,Q96KN3,613066.0,gene,63876.0,PKNOX2,ENSG00000165495,bacteria
sp|Q96KN3|PKNX2_HUMAN,sp,Q96KN3,PKNX2,HUMAN,0644875|tr|A0A934P9E9|A0A934P9E9_9STRE,644875,tr,A0A934P9E9,A0A934P9E9,GSINLD,398,403,GSINLD,394,399,NKAVVGSINLDYRSLY,6,,,,,weak,very_weak,,,,,weak,very_weak,,,very_weak,,,very_weak,strong,weak,very_weak,,weak,very_weak,,weak,very_weak,,,,,,,,,,,,,,,very_weak,,,,,,,,,very_weak,,,,,,,,,,,weak,very_weak,,,very_weak,,,very_weak,,,,,weak,very_weak,,,very_weak,,,,strong,weak,very_weak,20.645,4.955,28.89,4.03,11.925,15.315,0.615,8.18,6.28,23.055,22.885,34.285,13.775,22.855,25.235,39.355,29.31,26.165,2.83,19.375,17.884999999999998,22.435,6.1,19.105,33.915,1321.17971633095,235.980694450792,1056.58556244671,115.461985526415,282.473723858459,1040.32982178866,17.6309178331644,150.819185455498,72.2186542563537,984.97941110528,2832.03302649062,817.782403217102,1469.44309562011,609.602344739194,1374.07285659588,234.126690241418,829.949858762912,1273.15717567368,190.957371369973,415.954776189404,545.102375716733,735.437150713344,162.083062615855,410.3136975302,PBX/knotted 1 homeobox 2,Q96KN3,613066.0,gene,63876.0,PKNOX2,ENSG00000165495,bacteria
sp|Q96KN3|PKNX2_HUMAN,sp,Q96KN3,PKNX2,HUMAN,0644875|tr|A0A934UD17|A0A934UD17_9STRE,644875,tr,A0A934UD17,A0A934UD17,LLTLLF,82,87,LLTLLF,2,7,MLLTLLFSTISP,6,,,,,,,,,,,,,,,,,,,,,,,,,,,,,,,,,,,,,,,,,,,,,,,,,,,,,,,,,,,,,,,,,,,,,,,,,,,,,,,,,,,,,68.06,84.07,83.155,86.37,74.0,89.85,91.655,86.1,87.81,95.0,88.595,52.32,92.44,51.66,76.895,72.455,90.675,31.965000000000003,74.28999999999999,82.815,57.06,87.4,88.19,69.285,83.65,5908.18944030473,5920.86021722502,7206.55161287842,12270.3157634024,3674.13857262954,19667.9468040445,18191.3677858046,8102.73141578071,9752.80404918275,19308.2352751838,19966.6263249998,1299.61514611282,14014.5089904031,1021.54612922853,8436.15410780503,1487.50320368975,9922.14478111334,785.588621802839,6209.88805148231,5885.73052999603,1477.43014709961,9042.00832096488,7910.16664769145,2586.29853804289,PBX/knotted 1 homeobox 2,Q96KN3,613066.0,gene,63876.0,PKNOX2,ENSG00000165495,bacteria
sp|Q96KN3|PKNX2_HUMAN,sp,Q96KN3,PKNX2,HUMAN,0644875|tr|A0A934PAF7|A0A934PAF7_9STRE,644875,tr,A0A934PAF7,A0A934PAF7,SASFDV,102,107,SASFDV,1480,1485,GLTASSASFDVIGVAN,6,,weak,very_weak,,,,,,,,,,,,,,,,,,,,,,,,,,,very_weak,,,,,,,,,,,,very_weak,,,,,,,,,,,,,,,very_weak,,,,,,,,,,,,,,weak,very_weak,,,,,,,,,,,weak,very_weak,9.665,70.445,71.745,41.87,53.705,65.74,55.245000000000005,24.975,66.125,17.185000000000002,59.95,33.68,10.765,38.805,61.09,56.81,11.829999999999998,24.975,59.3,57.705,30.380000000000003,7.04,25.34,39.265,79.39500000000001,992.328226656408,3899.46086378849,4149.76633841333,3610.92430166455,2522.51310721122,7219.89738782878,6563.74794586958,403.603371078559,2606.21490413664,224.428472195985,8597.50428824285,1895.9942288686,697.092422609423,2445.78271944805,6629.05241498186,626.28290726005,308.964812947239,2362.65311992594,4953.45464358032,2108.62665643151,1822.0835878974,329.231494667933,303.754164543901,998.089056785245,PBX/knotted 1 homeobox 2,Q96KN3,613066.0,gene,63876.0,PKNOX2,ENSG00000165495,bacteria
sp|Q96KN3|PKNX2_HUMAN,sp,Q96KN3,PKNX2,HUMAN,0283361|tr|A0A3R6J9F4|A0A3R6J9F4_9BACT,283361,tr,A0A3R6J9F4,A0A3R6J9F4,LDLTSL,275,280,LDLTSL,176,181,KIVFKLDLTSLPSGAR,6,,,,,,very_weak,,,very_weak,strong,weak,very_weak,,,,,weak,very_weak,,weak,very_weak,,,,,,very_weak,,,,,,very_weak,,,,,weak,very_weak,,,,,,,,,,,,,,,very_weak,,,,,,,,,very_weak,strong,weak,very_weak,,,,,,,,,,,weak,very_weak,,,very_weak,strong,weak,very_weak,37.265,15.355,12.685,1.05,25.96,2.71,3.3800000000000003,37.56,16.995,38.465,13.875,32.4,40.555,20.09,29.28,17.07,29.44,32.95,11.38,0.48,35.32,38.78,32.745,2.8,14.17,2204.94134272592,221.658063858351,281.247758159885,29.9866922864372,330.71671476798,148.518089708901,88.5152746596527,543.659306960405,205.416667531472,751.891124244652,1700.71349735486,771.496229390769,2675.87802434989,325.593353958412,1060.39929189583,47.6423078003448,909.721626024931,1083.25598933006,465.807781826881,10.7751865191575,584.079011396304,391.106360798095,483.571254715362,44.3347884065322,PBX/knotted 1 homeobox 2,Q96KN3,613066.0,gene,63876.0,PKNOX2,ENSG00000165495,bacteria
sp|Q96KN3|PKNX2_HUMAN,sp,Q96KN3,PKNX2,HUMAN,0283361|tr|A0A415ZSS6|A0A415ZSS6_9BACT,283361,tr,A0A415ZSS6,A0A415ZSS6,AKKIKS,362,367,AKKIKS,292,297,CDGTAAKKIKSKLYAI,6,,,,,,,,,,,,,,,,,,,,,,,,,,,,,,,,,,,,,,,,,,,,,,,,,,,,,,,,,,,,,,weak,very_weak,,,,,,,,,,,,,,,,,,,,weak,very_weak,88.485,37.405,31.92,59.15,29.18,51.495000000000005,48.955,22.16,23.705,68.695,38.905,41.18,93.52,47.055,29.605,42.54,68.55,50.835,3.875,65.275,48.08,28.665,36.785,62.205,21.94,16769.3026544436,805.409805368554,836.205347552651,6516.54925785449,568.719392395789,4993.54448764443,4521.00291415827,195.521391443326,672.256044106351,2167.66149854684,2666.65812696979,1529.99259427678,15513.6972438745,1539.49094753095,1455.17190655677,290.404083938228,3460.8248922739,2814.55994543338,373.565316375563,2602.1293030822,1236.83645510151,806.622012106315,526.529338017078,2601.56627476027,PBX/knotted 1 homeobox 2,Q96KN3,613066.0,gene,63876.0,PKNOX2,ENSG00000165495,bacteria
sp|Q96KN3|PKNX2_HUMAN,sp,Q96KN3,PKNX2,HUMAN,0283361|tr|A0A3R6N8B8|A0A3R6N8B8_9BACT,283361,tr,A0A3R6N8B8,A0A3R6N8B8,NPDGSI,395,400,NPDGSI,255,260,IVVRANPDGSIVRIRD,6,,,,,,very_weak,,,,,weak,very_weak,,,,,weak,very_weak,,weak,very_weak,,,,,weak,very_weak,,,very_weak,,,,,,,,,,,,,,,,,,,,,,,,,,,,,,,,,,,,,,,,,,,,,,,,,,,,,weak,very_weak,37.475,10.115,47.505,7.275,28.235,3.3200000000000003,4.470000000000001,29.545,7.49,19.01,29.37,71.985,52.66,71.37,63.31999999999999,43.175,39.665,70.94,32.495000000000005,25.05,70.705,33.794999999999995,39.03,47.745000000000005,58.77,2771.70728545415,360.446780290794,2017.67582103915,554.609148142069,1362.43681455553,203.597821180688,346.373168128452,1056.52840388521,52.9056817453505,420.338739329491,6967.10920770885,7658.44171994984,4642.14893246326,7874.30197473602,10825.6944015645,534.779800406817,1889.84993509232,11412.5327780053,2529.37296904658,830.147439493653,7134.0141172897,768.530264409582,1228.36782243714,2498.58218421444,PBX/knotted 1 homeobox 2,Q96KN3,613066.0,gene,63876.0,PKNOX2,ENSG00000165495,bacteria
sp|Q96KN3|PKNX2_HUMAN,sp,Q96KN3,PKNX2,HUMAN,0283361|tr|A0A416AAZ0|A0A416AAZ0_9BACT,283361,tr,A0A416AAZ0,A0A416AAZ0,SIAAGV,379,384,SIAAGV,686,691,VIAESSIAAGVRRIEA,6,,,,,,,,,,,,,,,,,,,,,very_weak,,,,,,,,weak,very_weak,,,very_weak,,,,,,very_weak,,,very_weak,,,,,,,,,,,,,strong,weak,very_weak,,,,,,,,,,,,,,,very_weak,,,very_weak,,,,,,very_weak,strong,weak,very_weak,59.83500000000001,35.489999999999995,35.475,66.875,53.035,43.47,19.4,20.07,32.325,2.635,19.83,61.595,14.95,64.41,49.685,34.905,0.875,68.845,43.775000000000006,42.31,64.065,12.58,17.24,56.17,17.44,6856.87663976682,763.375495973735,918.782628723852,6392.24652561371,1590.19562648834,3339.72430014321,2093.14682778762,301.840868944042,690.247593759289,31.7830027010353,2204.94134272592,4259.02872772807,1545.21489637292,3800.90314452188,5740.19912385598,121.570894892571,43.814994627282,7547.14519752715,3279.53030162642,848.298059885743,3612.48741590497,144.097063746218,185.279044104784,1768.60981931362,PBX/knotted 1 homeobox 2,Q96KN3,613066.0,gene,63876.0,PKNOX2,ENSG00000165495,bacteria
sp|Q96KN3|PKNX2_HUMAN,sp,Q96KN3,PKNX2,HUMAN,0283361|tr|A0A416AD81|A0A416AD81_9BACT,283361,tr,A0A416AD81,A0A416AD81,LEKVNE,148,153,LEKVNE,204,209,ELGYDLEKVNETILER,6,,,,,,,,,,,,very_weak,,,,,,,,,,,,,,,,,,,,,,,,,,,,,,,,,,,,,,,,,,very_weak,,,,,,,,,,,weak,very_weak,,,,,,,,,,,,very_weak,,,,,weak,very_weak,23.15,45.595,50.625,17.475,32.76,25.595,39.845,24.545,37.045,55.515,41.005,37.76,30.64,24.59,34.27,13.705,73.26,29.8,30.43,2.845,25.05,36.025,30.435,11.53,49.655,1645.38073144091,2597.62848609333,3913.45122194969,2303.9346683092,3460.07606613784,4609.21691926655,4571.02545167573,1684.06866322723,1845.11653366427,5610.51507227816,10391.4190970475,2921.03908367286,2774.85794693314,1995.20698096082,3810.12630093215,229.504245618713,6780.44509094056,3945.50818291616,4558.48049733421,212.699447994956,1317.65359689438,2467.17833680018,1828.7395152887,638.461517114376,PBX/knotted 1 homeobox 2,Q96KN3,613066.0,gene,63876.0,PKNOX2,ENSG00000165495,bacteria
sp|Q96KN3|PKNX2_HUMAN,sp,Q96KN3,PKNX2,HUMAN,0283361|tr|A0A3R6ILI0|A0A3R6ILI0_9BACT,283361,tr,A0A3R6ILI0,A0A3R6ILI0,VVPASA,217,222,VVPASA,106,111,MTPENVVPASAPAVSA,6,,,,,,,,,,,,,,,very_weak,,weak,very_weak,,,,,weak,very_weak,,weak,very_weak,strong,weak,very_weak,,,,,,,,,,,weak,very_weak,,,,,,,,,very_weak,,weak,very_weak,,,very_weak,,,,,,,,,,,,,,weak,very_weak,,weak,very_weak,,,,,,,strong,weak,very_weak,39.475,34.4,21.92,27.09,16.05,3.915,29.545,9.62,3.79,0.935,22.15,55.59,6.56,54.455000000000005,60.095,4.685,10.715,56.115,22.695,23.69,65.055,4.215,4.725,35.75,37.115,9929.44763495409,3285.92360761271,1991.56199366261,5795.49113005397,1276.8957544867,746.379424358313,6303.85102783598,539.020450794149,175.578939079856,29.9050424104195,6595.99820512726,10822.6494079415,1171.44916714525,12274.2992727589,16835.1127810252,70.0158298011868,590.011447988198,15673.133701578,4213.92481821621,2070.71113895014,10798.9044649519,331.178635373363,246.698067070425,3826.56911842389,PBX/knotted 1 homeobox 2,Q96KN3,613066.0,gene,63876.0,PKNOX2,ENSG00000165495,bacteria
sp|Q96KN3|PKNX2_HUMAN,sp,Q96KN3,PKNX2,HUMAN,0283361|tr|A0A416AFJ8|A0A416AFJ8_9BACT,283361,tr,A0A416AFJ8,A0A416AFJ8,QVVSGG,236,241,QVVSGG,414,419,NKTVYQVVSGGQEFIR,6,,,,,,,,,very_weak,,,very_weak,,,,,,very_weak,,,,,weak,very_weak,,,,,,very_weak,,,,,,,,weak,very_weak,,,very_weak,,,,,,,,,very_weak,,weak,very_weak,,,,,,,,,,,weak,very_weak,,,,,,very_weak,,weak,very_weak,strong,weak,very_weak,,,very_weak,strong,weak,very_weak,44.29,20.645,10.255,17.53,27.055,18.11,39.175,6.27,27.405,18.92,23.76,45.95,16.715,30.765,35.155,9.535,28.28,30.04,25.375,7.2,30.335,12.215,5.34,1.34,10.875,4985.06912831,1137.47601946997,618.277558959519,1933.40728606217,1099.21869580859,3770.26584145131,3937.95936788877,232.820682615846,830.920251955779,663.454845217434,5512.13591301072,3046.57351474449,1479.28562538432,2234.19145286623,4207.59205270722,103.745891537777,1620.62729875227,3225.75680262941,1924.43299230939,388.773226411249,1581.97548084708,756.509829388627,171.21902286015,102.486289536043,PBX/knotted 1 homeobox 2,Q96KN3,613066.0,gene,63876.0,PKNOX2,ENSG00000165495,bacteria
sp|Q96KN3|PKNX2_HUMAN,sp,Q96KN3,PKNX2,HUMAN,0283361|tr|A0A416A8B4|A0A416A8B4_9BACT,283361,tr,A0A416A8B4,A0A416A8B4,EEEVDE,449,454,EEEVDE,90,95,EGIVSEEEVDEAYSKA,6,,,,,,very_weak,,,,,,,,,,,,,,,,,,,,,,,,,,,,,,,,,,,weak,very_weak,,,,,,,strong,weak,very_weak,,,,,,,,,,,,,,,,,,,,,,,,,,,,,,,strong,weak,very_weak,29.1,19.31,80.275,32.345,64.325,70.91499999999999,30.345,79.61500000000001,80.89500000000001,43.53,62.57,65.33500000000001,6.015,50.185,54.755,64.75999999999999,49.71,52.86,56.95,42.935,38.555,60.145,63.695,43.14,83.77000000000001,4931.68932281703,1633.86727978197,15938.7162384212,5215.36473258101,14349.9317307564,23550.3234102097,4625.20320382735,16865.9246625766,14369.6636957398,6795.79528908287,20675.4118558844,11160.7341094777,1204.41541695314,8445.56091213064,12162.5903210842,10161.2700342056,6109.32213329912,12445.4725047171,13976.3492990779,6281.8588538583,4618.95197294028,10338.2623515078,12754.2391710409,5876.31309190055,PBX/knotted 1 homeobox 2,Q96KN3,613066.0,gene,63876.0,PKNOX2,ENSG00000165495,bacteria
sp|Q96KN3|PKNX2_HUMAN,sp,Q96KN3,PKNX2,HUMAN,0283361|tr|A0A3R6KZP9|A0A3R6KZP9_9BACT,283361,tr,A0A3R6KZP9,A0A3R6KZP9,NVSDLG,459,464,NVSDLG,1908,1913,VVIPANVSDLGVETYY,6,,,,,,,,,,,,,,,,,,,,,,,,,,,,,,,,,,,,,,,,,,very_weak,,,,,,,,weak,very_weak,,,,,,,,,,,,very_weak,,,,,,,,,,,,,,,,,,,,weak,very_weak,28.315,23.9,71.75999999999999,26.375,66.345,28.3,33.445,49.59,45.695,27.78,72.74,68.86,10.145,60.585,70.55,59.55500000000001,46.365,62.89,15.505,49.77,58.58,46.025,43.48,52.645,77.71000000000001,3114.19549691753,1281.62948665459,4730.88364897072,2180.29275042134,4204.31551377946,3805.59427901882,3339.0016768031,1794.14759443352,896.811522495384,904.333844260288,12678.4284558175,6346.48707174999,897.112375304481,5134.12549908831,10694.6043661036,871.453483133174,2310.70008698812,8682.29158230075,2210.79405585064,2268.02196053471,4265.16201195118,1784.02364385944,875.271109964354,2916.7439652061,PBX/knotted 1 homeobox 2,Q96KN3,613066.0,gene,63876.0,PKNOX2,ENSG00000165495,bacteria
sp|Q96KN3|PKNX2_HUMAN,sp,Q96KN3,PKNX2,HUMAN,0283361|tr|A0A416A9R9|A0A416A9R9_9BACT,283361,tr,A0A416A9R9,A0A416A9R9,ARRRIL,342,347,ARRRIL,169,174,ATLPDARRRILDDPKE,6,,,,,,,,,,,,,,,,,,,,,very_weak,,,,,,,,,,,,,,,,,,,,,,,,,,,,,,,,,,,,,,,,,,,,,,,,,,,,,,,,,,,,,,,very_weak,63.31,54.94,69.065,54.81,78.69999999999999,80.2,14.985,88.985,51.165,91.145,79.645,87.675,83.03999999999999,89.12,79.10499999999999,88.65,84.305,90.905,75.54499999999999,89.285,77.265,56.28,89.9,71.565,51.645,11531.1933220902,3227.50237342426,8089.94173570717,4533.34662938698,7906.91503871514,15161.8953712564,1020.92735416068,10337.2556811639,5001.98013574208,8794.9938305867,20970.5499628286,18217.7616746366,11008.3028982963,16328.6709669948,15041.635260997,5803.14630475461,12573.7845134836,20861.2447169968,11111.4537523795,10480.8485398144,13223.8682744727,4545.77323071105,9456.24331133234,9693.36531869499,PBX/knotted 1 homeobox 2,Q96KN3,613066.0,gene,63876.0,PKNOX2,ENSG00000165495,bacteria
sp|Q96KN3|PKNX2_HUMAN,sp,Q96KN3,PKNX2,HUMAN,0283361|tr|A0A415ZTN7|A0A415ZTN7_9BACT,283361,tr,A0A415ZTN7,A0A415ZTN7,FFSDDP,123,128,FFSDDP,186,191,IDGKEFFSDDPKVASK,6,,,very_weak,,,,,,,strong,weak,very_weak,,,,,weak,very_weak,strong,weak,very_weak,,,,,,,,,,,,,,,,,,,,,,,,,,,,,,very_weak,,,very_weak,,,,,,,,,,,weak,very_weak,,,,,,very_weak,,,,,,very_weak,,,,strong,weak,very_weak,19.125,40.1,27.75,0.6,49.855,3.745,1.445,33.735,20.925,34.42,34.165,31.54,21.085,31.34,39.57,15.23,58.095,32.754999999999995,63.36,2.09,35.185,15.05,31.685,19.275,20.07,3234.31912980342,4326.42096995616,3265.8974564944,75.0043390728625,6839.24216222506,814.039348476539,177.469775866221,3298.7119427984,1628.0439152429,3327.92900871424,12216.664750001,4325.20405732445,2967.29190874916,5086.73909964704,9433.35262366864,308.667435312776,8154.88672057656,7607.23881554996,12244.5869291048,176.615436984316,4358.65272810783,2466.75126460638,2287.63975665896,1377.95867042302,PBX/knotted 1 homeobox 2,Q96KN3,613066.0,gene,63876.0,PKNOX2,ENSG00000165495,bacteria
sp|Q96KN3|PKNX2_HUMAN,sp,Q96KN3,PKNX2,HUMAN,0283361|tr|A0A416A9Z4|A0A416A9Z4_9BACT,283361,tr,A0A416A9Z4,A0A416A9Z4,ASALQQ,220,225,ASALQQ,488,493,EGGPAASALQQAGVNT,6,,,,,,,,,,,,,,,,,,,,,,,,,,,,strong,weak,very_weak,,,,,,,,,,,,very_weak,,,,,,,,,,,,,strong,weak,very_weak,,,,,,,,,,,,,,,very_weak,,,,,,,,,,strong,weak,very_weak,67.305,55.75,66.265,82.88499999999999,77.74000000000001,78.61,83.38499999999999,66.785,81.28,1.9,57.375,71.755,10.295,69.49000000000001,76.215,50.06,1.41,76.35499999999999,45.04,65.02000000000001,73.505,11.785,43.5,70.3,76.685,15501.2809625933,4765.61299012675,7394.61809092694,16285.0910941292,10921.3424694877,17618.37303395,18250.511692309,7108.9719260409,10348.3344482993,91.2359375718687,15406.8079826478,12702.3198728168,1838.28165738204,13180.5862262106,18221.3100387168,1415.95484029025,146.913460544801,18834.4848888567,8133.65001071042,6968.76782179726,10856.3089594404,1079.61701187933,2887.69792453856,8829.12713345977,PBX/knotted 1 homeobox 2,Q96KN3,613066.0,gene,63876.0,PKNOX2,ENSG00000165495,bacteria
sp|Q96KN3|PKNX2_HUMAN,sp,Q96KN3,PKNX2,HUMAN,0283361|tr|A0A416AC33|A0A416AC33_9BACT,283361,tr,A0A416AC33,A0A416AC33,TSLLDN,278,283,TSLLDN,502,507,VDHGKTSLLDNIRNAN,6,,,,,,,,,,,,,,,,,,,,,,,,,,,,,,,,,,,,,,,,,,,,,,,,,,,,,,,,,,,,,,,,,,,,,,,,,,,,,,,,,,,,,53.34,38.615,53.05,39.04,58.525,20.24,21.385,56.81999999999999,23.48,22.925,45.085,59.32,45.81,59.05500000000001,49.96,41.41,43.39,59.79,48.78,24.24,60.005,36.48,52.620000000000005,31.425,42.97,8486.32266121444,1823.97716703819,3224.6750228856,3124.32039183882,3545.07506960395,1592.27886312738,1985.83839709338,2677.78956564762,668.274640617646,710.771019906895,11914.464855703,5211.92369376506,4700.57600150577,5008.80394593087,8344.01449912183,636.309851161095,2709.76241698104,8143.07192261266,5002.57549464704,1013.79444602561,4250.60411131553,1834.68512642617,1363.08558460077,1289.51621260447,PBX/knotted 1 homeobox 2,Q96KN3,613066.0,gene,63876.0,PKNOX2,ENSG00000165495,bacteria
sp|Q96KN3|PKNX2_HUMAN,sp,Q96KN3,PKNX2,HUMAN,0283361|tr|A0A416A8W2|A0A416A8W2_9BACT,283361,tr,A0A416A8W2,A0A416A8W2,SNPDPA,354,359,SNPDPA,232,237,FSKIGSNPDPAPVDIN,6,,,,,,,,,,,,,,,,,,very_weak,,,,,,,,,,,,,,,,,,,,,,,,,,,,,,,,,,,,,,,,,,,,,,,,very_weak,,,,,,,,,,,,,,,,,,very_weak,46.955,47.335,63.215,27.48,54.60000000000001,15.18,38.44,53.69,42.315,32.75,46.95,86.575,36.59,83.91499999999999,80.10499999999999,55.715,55.27,76.205,65.785,18.6,84.965,46.395,67.32499999999999,22.55,67.42,6944.60623667386,4500.06647104685,7413.52413690803,4958.92437993373,7250.03542622972,2945.47658587964,7332.553684708,3754.30867669024,2257.07928949924,1849.01357491967,17091.5122742914,15381.1578283618,3777.24797689222,16265.0165546445,19954.9638709552,1781.68954051494,5204.87947604322,18096.9401361639,11500.1686591927,1124.09127354141,13769.9594806877,2668.01454636588,4682.80894741525,743.477841474359,PBX/knotted 1 homeobox 2,Q96KN3,613066.0,gene,63876.0,PKNOX2,ENSG00000165495,bacteria
sp|Q96KN3|PKNX2_HUMAN,sp,Q96KN3,PKNX2,HUMAN,0283361|tr|A0A3R6NAZ3|A0A3R6NAZ3_9BACT,283361,tr,A0A3R6NAZ3,A0A3R6NAZ3,EEEELE,444,449,EEEELE,72,77,KVNVDEEEELETAFKI,6,,,,,,,,,,,,very_weak,,,,,,,,,very_weak,,,,,,,,,,,,,,,,,,,,,,,,,,,,,weak,very_weak,,,,,,,,,,,,,,,,,,,,,,,,,,,,,,,,weak,very_weak,46.72,74.7,88.325,16.544999999999998,79.605,91.35,17.805,35.69,79.64,59.8,63.28,64.425,27.045,43.635,47.51,52.55500000000001,64.005,44.56,72.245,70.98,39.94499999999999,82.91499999999999,62.12,72.795,87.71000000000001,6117.98757093935,9493.55920754381,14552.097744099,2846.25585363151,11486.2410209446,24063.67330067,2844.37792612794,2333.81610843305,7545.51220546529,7848.0196898829,11772.2285176897,5925.98742750031,2131.05807457795,3600.04037498666,8156.21033897684,1957.52974756129,6916.18682737029,6665.94958205788,11593.4939647034,7689.66153486011,2283.23818417572,9405.83480604744,3500.17734472731,7789.22591012765,PBX/knotted 1 homeobox 2,Q96KN3,613066.0,gene,63876.0,PKNOX2,ENSG00000165495,bacteria
sp|Q96KN3|PKNX2_HUMAN,sp,Q96KN3,PKNX2,HUMAN,0283361|tr|A0A3R6J7C2|A0A3R6J7C2_9BACT,283361,tr,A0A3R6J7C2,A0A3R6J7C2,ELQTTN,454,459,ELQTTN,112,117,TPTGEELQTTNPALLL,6,,,,,,,,,,,,very_weak,,,,,,very_weak,,,,,weak,very_weak,,,very_weak,,,,,weak,very_weak,,,,,,,,,very_weak,,,very_weak,,,,,,very_weak,,,very_weak,,,,,,very_weak,,,,,,,,,very_weak,,,,,weak,very_weak,,,,,,,,weak,very_weak,35.045,25.015,50.25,14.47,42.61,13.445,29.090000000000003,2.3,17.21,31.01,8.345,21.51,16.54,15.170000000000002,44.855,17.665,39.3,17.865,31.825000000000003,20.48,17.175,31.14,8.594999999999999,29.36,60.74,3260.14271790339,1070.85679020772,2527.34860272338,1191.028818652,1855.04517229532,830.677547340391,2381.02758332925,55.7675544585992,82.1068093052631,1418.20871888301,1236.39491815697,925.617527696905,1583.63666493987,784.569296313304,5086.07869384964,148.828551782967,1811.42957677786,1389.35141589809,2299.94962871717,880.476217038835,870.972740177337,1043.58793694619,180.299405596818,990.987037396776,PBX/knotted 1 homeobox 2,Q96KN3,613066.0,gene,63876.0,PKNOX2,ENSG00000165495,bacteria
sp|Q96KN3|PKNX2_HUMAN,sp,Q96KN3,PKNX2,HUMAN,0283361|tr|A0A416AA58|A0A416AA58_9BACT,283361,tr,A0A416AA58,A0A416AA58,LEEEVD,448,453,LEEEVD,287,292,GFERELEEEVDSLGNP,6,,,,,,,,,,,,,,,,,,,,,,,,,,,,,,,,,,,,,,,,,,,,,,,,,,,very_weak,,,,,,,,,,,,,,,,,,,,,,,,,,,,,,,,,very_weak,30.575000000000003,40.785,80.765,32.135000000000005,73.76,74.99,49.605,78.38,81.265,71.505,55.315,70.32,24.67,49.27,52.98,60.265,64.15,51.465,83.80000000000001,23.75,45.875,79.9,67.47999999999999,41.47,81.49000000000001,4518.70443491989,5871.86414855865,15696.5531981674,4054.96064510951,14388.8000453063,22587.9931425206,9056.00920056518,11404.2625440382,14495.8395033659,10869.2375657223,16203.3633608203,8111.23984634677,2610.08098623122,3998.19420781624,8747.44771233214,3880.31099745365,8733.26240986262,6805.58168562879,16696.702769203,2382.85740160475,2581.79716838064,11921.9440905945,7101.66851768709,4369.65479030605,PBX/knotted 1 homeobox 2,Q96KN3,613066.0,gene,63876.0,PKNOX2,ENSG00000165495,bacteria
sp|Q96KN3|PKNX2_HUMAN,sp,Q96KN3,PKNX2,HUMAN,0283361|tr|A0A3R6IF85|A0A3R6IF85_9BACT,283361,tr,A0A3R6IF85,A0A3R6IF85,QEHKPF,118,123,QEHKPF,189,194,YLDKGQEHKPFVIWEE,6,,,,,,,,,,,,,,,,,,,,,,,,,,,,,,,,,,,,,,,,,,,,,,,,,,,,,,,,,,,,,,,,,,,,,,,,very_weak,,,,,,,,,,,,very_weak,20.835,76.0,82.27,80.275,63.935,85.72,77.715,40.02,67.345,73.16499999999999,67.77,32.185,39.505,63.665000000000006,53.64,75.41,64.265,47.1,67.195,88.575,54.16,19.255000000000003,50.485,71.35,70.725,1994.0415857986,3997.71838080915,8127.05236627994,10453.1022195975,4369.22930275886,16619.0218934401,11863.9100515898,1898.00569033905,4706.27568358516,4707.14141781316,15082.0507556196,3509.77186991638,2376.08637694717,5979.76842582209,8581.24064960158,2369.30895700448,3915.52656309485,6755.54752439606,8185.91576068396,9052.18863025151,4100.40337853016,1106.16243771838,2058.18020767873,4970.4197380977,PBX/knotted 1 homeobox 2,Q96KN3,613066.0,gene,63876.0,PKNOX2,ENSG00000165495,bacteria
sp|Q96KN3|PKNX2_HUMAN,sp,Q96KN3,PKNX2,HUMAN,0283361|tr|A0A415ZST4|A0A415ZST4_9BACT,283361,tr,A0A415ZST4,A0A415ZST4,KAQAVH,39,44,KAQAVH,240,245,WMIERKAQAVHKEITS,6,,,,,,,,,very_weak,,,,,,,,,,,,,,,,,,,,,,,weak,very_weak,,,,,,very_weak,,,,,,,,,,,,,,,,,,,,,,,,,,,,,,,,weak,very_weak,,,,,,,,,very_weak,,weak,very_weak,60.150000000000006,26.62,12.62,69.105,40.065,42.115,42.78,45.205,34.03,62.535,8.215,50.945,68.83,52.47,22.525,41.06,52.92,55.54,39.985,53.895,45.38,9.735,46.5,59.81,18.91,10864.4169226825,611.762978963407,654.145736671653,6850.79576713994,1563.47869508427,4232.15604199598,3292.89938279899,1017.34364131211,1070.61350275416,2864.73148258862,2814.65130565985,5616.77112412078,7317.1785254725,4515.52761244985,4061.63494572365,285.994957488625,3189.0410642099,7774.15480142397,3423.87773281719,1918.25880224748,3660.72647488595,323.66854527273,985.469767029404,2648.45680057293,PBX/knotted 1 homeobox 2,Q96KN3,613066.0,gene,63876.0,PKNOX2,ENSG00000165495,bacteria
sp|Q96KN3|PKNX2_HUMAN,sp,Q96KN3,PKNX2,HUMAN,0283361|tr|A0A416A684|A0A416A684_9BACT,283361,tr,A0A416A684,A0A416A684,DGTEEE,430,435,DGTEEE,279,284,ASGPFDGTEEEVWEIV,6,,,,,,,,,,,,,,,,,,,,,,,,,,,,,,,,,,,,,,,,,weak,very_weak,,,,,,,strong,weak,very_weak,,,,,,,,,,,,,,,,,,,,,,,,,,,,,,,strong,weak,very_weak,35.95,80.84,95.0,39.27,88.03,95.0,82.305,50.655,88.33500000000001,37.025,81.96000000000001,49.77,6.245,39.79,54.485,80.595,78.735,27.07,76.345,74.495,34.19,72.415,45.55,59.31,95.0,6172.70955660732,13542.1260086154,38548.0191854831,7407.3503320993,17506.2613914167,41179.3872858044,17804.4474821036,7515.04025325763,17718.5452222687,4334.10477534807,21106.4457239351,3903.30216302916,1400.32311972241,4329.83951668061,10478.8075303365,9258.71994103844,9351.54564600787,4029.54993499972,18241.6278631544,12335.5419422152,2935.07370480165,10759.8333299201,6049.2685604915,8270.75944440607,PBX/knotted 1 homeobox 2,Q96KN3,613066.0,gene,63876.0,PKNOX2,ENSG00000165495,bacteria
sp|Q96KN3|PKNX2_HUMAN,sp,Q96KN3,PKNX2,HUMAN,0283361|tr|A0A416A8W2|A0A416A8W2_9BACT,283361,tr,A0A416A8W2,A0A416A8W2,NPDPAP,355,360,NPDPAP,233,238,SKIGSNPDPAPVDINN,6,,,,,,,,,,,,,,,,,,,,,,,,,,,,,,,,,,,,,,,,,,,,,,,,,,,,,,,,,,,,,,,,,,,,,,,,,,,,,,,,,,,,,55.0,64.88,77.245,34.275,67.42999999999999,27.005000000000003,47.035,77.72,56.93,38.8,63.345,91.685,40.51,90.565,95.0,71.465,76.32499999999999,84.37,76.43,37.645,90.63,73.02000000000001,82.495,57.645,79.16499999999999,10498.4403579102,7975.13520328216,14165.5866757861,6964.84809739207,12099.9804807091,5377.87823543711,9565.42443806192,12562.3618779729,4066.38388671283,2547.03146873721,22566.4964352504,19666.6700285458,5302.30507786304,21684.2164849773,32290.1847267778,6658.30881025014,8539.00663548111,23895.0306690511,16228.6286570421,3391.94607727708,19132.0961399221,6518.73536062041,12229.890063856,7916.07430384397,PBX/knotted 1 homeobox 2,Q96KN3,613066.0,gene,63876.0,PKNOX2,ENSG00000165495,bacteria
sp|Q96KN3|PKNX2_HUMAN,sp,Q96KN3,PKNX2,HUMAN,0283361|tr|A0A416ACY2|A0A416ACY2_9BACT,283361,tr,A0A416ACY2,A0A416ACY2,SLSSDS,407,412,SLSSDS,95,100,GDFVFSLSSDSRLGEE,6,,,very_weak,,weak,very_weak,,,very_weak,,weak,very_weak,,,very_weak,,weak,very_weak,strong,weak,very_weak,,weak,very_weak,,,,,,very_weak,,,very_weak,,,,,weak,very_weak,,,very_weak,,,,,,,,weak,very_weak,,weak,very_weak,,,very_weak,,,,,,very_weak,,weak,very_weak,,,,,,very_weak,strong,weak,very_weak,,weak,very_weak,,,very_weak,strong,weak,very_weak,10.085,8.14,17.88,7.19,19.345,7.775,1.005,2.02,20.545,14.295000000000002,14.95,34.99,13.48,23.3,25.715,7.255,12.93,29.11,15.82,3.0500000000000003,24.995,17.355,1.6,4.04,18.605,1111.5373115823,409.887726485792,496.572141543885,452.626911804127,466.291867137315,324.411826055228,108.219690636475,37.2655362957815,364.549303773106,465.742267254542,1970.17252204447,1242.45636648959,1176.44097700524,929.069098983356,2545.95692115207,16.6616537182372,503.905914313087,1723.90872955971,1855.02510122643,34.8661513567258,922.168801577491,284.528887108292,35.8814825207409,58.5044147499206,PBX/knotted 1 homeobox 2,Q96KN3,613066.0,gene,63876.0,PKNOX2,ENSG00000165495,bacteria
sp|Q96KN3|PKNX2_HUMAN,sp,Q96KN3,PKNX2,HUMAN,0283361|tr|A0A3R6J2B0|A0A3R6J2B0_9BACT,283361,tr,A0A3R6J2B0,A0A3R6J2B0,EELEEE,446,451,EELEEE,75,80,LGISTEELEEEMKTW,6,,,,,,,,,,,,,,,,,,,,,,,,,,,,,,,,,,,,,,,,,weak,very_weak,,,,,,,strong,weak,very_weak,,,,,,,,,,,,,,,,,,,,,,,,,,,,,,,strong,weak,very_weak,42.86,46.96,89.19,60.53,90.005,95.0,48.33,88.755,89.675,44.245,64.53999999999999,49.69,4.03,28.855,39.155,91.165,63.44500000000001,34.95,75.86,65.78,23.35,78.155,81.875,62.39,89.2,5744.29969480227,6341.33909205735,17255.5847771774,9382.05097000429,15910.2868159627,34849.2606839303,9126.33946058601,16884.7311531935,18464.2272688388,6420.11048096932,19289.6511610997,5524.01707690277,1133.1888927007,2947.93155245939,7909.31083149779,10430.3937715068,7558.91317771733,5608.93697650125,14951.419472834,10637.9398101076,1829.17487133576,11447.6553380768,12857.3240684793,7089.00147904799,PBX/knotted 1 homeobox 2,Q96KN3,613066.0,gene,63876.0,PKNOX2,ENSG00000165495,bacteria
sp|Q96KN3|PKNX2_HUMAN,sp,Q96KN3,PKNX2,HUMAN,0283361|tr|A0A3R6ILN3|A0A3R6ILN3_9BACT,283361,tr,A0A3R6ILN3,A0A3R6ILN3,EEEEEE,441,446,EEEEEE,210,215,RTDTYEEEEEEGNPGN,6,,,,,,,,,,,,,,,,,,,,,,,,,,,,,,,,,,,,,,,,,,,,,,,,,,,very_weak,,,,,,,,,,,,,,,,,,,,,,,,,,,,,,,,,very_weak,55.75,95.0,95.0,53.415000000000006,95.0,95.0,95.0,95.0,95.0,85.11,95.0,76.83,35.07,61.790000000000006,65.73,95.0,95.0,60.495000000000005,95.0,53.05,56.595,95.0,95.0,53.145,95.0,11821.6251769589,30533.5186369674,36829.1087243643,17712.986483213,33397.3893834106,40752.5484374803,32876.450030184,37105.0907604144,36258.9559022677,24092.0696755644,37572.9163390103,20451.3653278256,6031.75290029476,18081.2825232256,21054.8978176302,32697.3033739281,27059.6548291267,19425.1601233844,35358.9684731591,14193.8161719627,12970.220464846,26606.4639790908,35935.1819408484,13975.1395834289,PBX/knotted 1 homeobox 2,Q96KN3,613066.0,gene,63876.0,PKNOX2,ENSG00000165495,bacteria
sp|Q96KN3|PKNX2_HUMAN,sp,Q96KN3,PKNX2,HUMAN,0283361|tr|A0A3R6J7F2|A0A3R6J7F2_9BACT,283361,tr,A0A3R6J7F2,A0A3R6J7F2,TNPDGS,394,399,TNPDGS,211,216,NRTLMTNPDGSYTPRA,6,,,,,,,,,,,weak,very_weak,,,,,weak,very_weak,,weak,very_weak,,,,,weak,very_weak,,,,,,,,,,,,,,,,,,,,,,,,,,,,,,,,,,,,,,,,,,,,,,,,,,,,,,,,weak,very_weak,29.51,35.599999999999994,51.005,6.46,40.43,7.915,6.1,55.77,8.275,24.415,72.055,71.75999999999999,33.41,68.14,58.935,59.61,63.74,61.525,20.815,28.54,62.875,43.98,52.265,39.565,52.82,5219.65510717952,2936.82085117323,5729.8365059326,1075.82728351008,4601.09515830102,1453.96007435007,961.071705833656,6179.92680626648,327.635940383846,1138.55957220876,18424.1153539584,11339.6655995272,4055.92598305002,11603.910080898,15531.6681042529,2205.63330359706,5213.10805734759,15272.20711898,3101.5855069059,2094.41546562467,9904.23261585068,2096.70548887106,5388.30388163939,3238.62633300512,PBX/knotted 1 homeobox 2,Q96KN3,613066.0,gene,63876.0,PKNOX2,ENSG00000165495,bacteria
sp|Q96KN3|PKNX2_HUMAN,sp,Q96KN3,PKNX2,HUMAN,0283361|tr|A0A416AA58|A0A416AA58_9BACT,283361,tr,A0A416AA58,A0A416AA58,ELEEEV,447,452,ELEEEV,286,291,LGFERELEEEVDSLGN,6,,,,,,,,,,,,very_weak,,,,,,,,,,,,,,,,,,,,,,,,,,,,,,,,,,,,,,weak,very_weak,,,,,,,,,,,,,,,,,,,,,,,,,,,,,,,,weak,very_weak,31.025,47.005,85.35499999999999,18.94,78.025,66.74,63.99,61.13,84.25,72.255,48.3,55.015,24.715,27.415,41.385000000000005,41.96,73.53999999999999,29.835,78.685,29.965,23.055,82.44999999999999,48.135,48.32,79.70500000000001,3608.46376814449,6232.70715347657,15188.658845115,2559.82298210002,12693.3896549247,20699.1380164642,8244.84865906733,8702.60645321634,12841.6138606409,10821.2443151557,14074.5325463657,5604.02344611552,2366.02989727229,2274.28817209777,6553.88382194843,2295.7230763312,9333.04772313193,4034.34866215437,14474.6813208108,3113.75749395982,1491.16113520833,11152.5256760429,4768.14024092391,4018.57799286428,PBX/knotted 1 homeobox 2,Q96KN3,613066.0,gene,63876.0,PKNOX2,ENSG00000165495,bacteria
