human_id,database,protein,gene,species,pathogen_id,pathogen_species,database_pathogen,pathogen_protein,pathogen_gene,human_seq,human_start,human_end,pathogen_seq,pathogen_start,pathogen_end,extended_pathogen_seq,pathogen_length,binding_rank_strong_HLA_DQA10101_DQB10501,binding_rank_weak_HLA_DQA10101_DQB10501,binding_rank_very_weak_HLA_DQA10101_DQB10501,binding_rank_strong_DRB4_0101,binding_rank_weak_DRB4_0101,binding_rank_very_weak_DRB4_0101,binding_rank_strong_DRB1_0802,binding_rank_weak_DRB1_0802,binding_rank_very_weak_DRB1_0802,binding_rank_strong_DRB3_0101,binding_rank_weak_DRB3_0101,binding_rank_very_weak_DRB3_0101,binding_rank_strong_DRB1_1501,binding_rank_weak_DRB1_1501,binding_rank_very_weak_DRB1_1501,binding_rank_strong_DRB3_0202,binding_rank_weak_DRB3_0202,binding_rank_very_weak_DRB3_0202,binding_rank_strong_DRB1_0301,binding_rank_weak_DRB1_0301,binding_rank_very_weak_DRB1_0301,binding_rank_strong_DRB1_0701,binding_rank_weak_DRB1_0701,binding_rank_very_weak_DRB1_0701,binding_rank_strong_DRB1_1302,binding_rank_weak_DRB1_1302,binding_rank_very_weak_DRB1_1302,binding_rank_strong_HLA_DQA10501_DQB10301,binding_rank_weak_HLA_DQA10501_DQB10301,binding_rank_very_weak_HLA_DQA10501_DQB10301,binding_rank_strong_HLA_DPA10201_DPB11401,binding_rank_weak_HLA_DPA10201_DPB11401,binding_rank_very_weak_HLA_DPA10201_DPB11401,binding_rank_strong_HLA_DPA10103_DPB10201,binding_rank_weak_HLA_DPA10103_DPB10201,binding_rank_very_weak_HLA_DPA10103_DPB10201,binding_rank_strong_DRB5_0101,binding_rank_weak_DRB5_0101,binding_rank_very_weak_DRB5_0101,binding_rank_strong_HLA_DQA10301_DQB10302,binding_rank_weak_HLA_DQA10301_DQB10302,binding_rank_very_weak_HLA_DQA10301_DQB10302,binding_rank_strong_HLA_DPA10301_DPB10402,binding_rank_weak_HLA_DPA10301_DPB10402,binding_rank_very_weak_HLA_DPA10301_DPB10402,binding_rank_strong_HLA_DPA10201_DPB10501,binding_rank_weak_HLA_DPA10201_DPB10501,binding_rank_very_weak_HLA_DPA10201_DPB10501,binding_rank_strong_HLA_DQA10501_DQB10201,binding_rank_weak_HLA_DQA10501_DQB10201,binding_rank_very_weak_HLA_DQA10501_DQB10201,binding_rank_strong_DRB1_0101,binding_rank_weak_DRB1_0101,binding_rank_very_weak_DRB1_0101,binding_rank_strong_HLA_DQA10102_DQB10602,binding_rank_weak_HLA_DQA10102_DQB10602,binding_rank_very_weak_HLA_DQA10102_DQB10602,binding_rank_strong_HLA_DPA10103_DPB10401,binding_rank_weak_HLA_DPA10103_DPB10401,binding_rank_very_weak_HLA_DPA10103_DPB10401,binding_rank_strong_DRB1_1201,binding_rank_weak_DRB1_1201,binding_rank_very_weak_DRB1_1201,binding_rank_strong_DRB1_0401,binding_rank_weak_DRB1_0401,binding_rank_very_weak_DRB1_0401,binding_rank_strong_HLA_DPA10201_DPB10101,binding_rank_weak_HLA_DPA10201_DPB10101,binding_rank_very_weak_HLA_DPA10201_DPB10101,binding_rank_strong_HLA_DQA10401_DQB10402,binding_rank_weak_HLA_DQA10401_DQB10402,binding_rank_very_weak_HLA_DQA10401_DQB10402,binding_rank_strong_DRB1_0901,binding_rank_weak_DRB1_0901,binding_rank_very_weak_DRB1_0901,binding_rank_strong_DRB1_0405,binding_rank_weak_DRB1_0405,binding_rank_very_weak_DRB1_0405,binding_rank_strong_DRB1_1101,binding_rank_weak_DRB1_1101,binding_rank_very_weak_DRB1_1101,binding_rank_strong,binding_rank_weak,binding_rank_very_weak,Rank_average_HLA_DQA10101_DQB10501,Rank_average_DRB4_0101,Rank_average_DRB1_0802,Rank_average_DRB3_0101,Rank_average_DRB1_1501,Rank_average_DRB3_0202,Rank_average_DRB1_0301,Rank_average_DRB1_0701,Rank_average_DRB1_1302,Rank_average_HLA_DQA10501_DQB10301,Rank_average_HLA_DPA10201_DPB11401,Rank_average_HLA_DPA10103_DPB10201,Rank_average_HLA_DQA10301_DQB10302,Rank_average_HLA_DPA10301_DPB10402,Rank_average_HLA_DPA10201_DPB10501,Rank_average_DRB1_0101,Rank_average_HLA_DQA10102_DQB10602,Rank_average_HLA_DPA10103_DPB10401,Rank_average_DRB1_1201,Rank_average_DRB1_0401,Rank_average_HLA_DPA10201_DPB10101,Rank_average_HLA_DQA10401_DQB10402,Rank_average_DRB1_0901,Rank_average_DRB1_0405,Rank_average_DRB1_1101,nM_HLA_DQA10101_DQB10501,nM_DRB4_0101,nM_DRB1_0802,nM_DRB3_0101,nM_DRB1_1501,nM_DRB3_0202,nM_DRB1_0301,nM_DRB1_0701,nM_DRB1_1302,nM_HLA_DQA10501_DQB10301,nM_HLA_DPA10201_DPB11401,nM_HLA_DPA10103_DPB10201,nM_HLA_DQA10301_DQB10302,nM_HLA_DPA10301_DPB10402,nM_HLA_DPA10201_DPB10501,nM_DRB1_0101,nM_HLA_DQA10102_DQB10602,nM_HLA_DPA10103_DPB10401,nM_DRB1_1201,nM_DRB1_0401,nM_HLA_DPA10201_DPB10101,nM_HLA_DQA10401_DQB10402,nM_DRB1_0901,nM_DRB1_0405,Gene description,Uniprot,# MIM Number,MIM Entry Type,Entrez Gene ID,HGNC,Ensembl Gene ID,type
sp|Q96S90|LYSM1_HUMAN,sp,Q96S90,LYSM1,HUMAN,0172383|tr|Q9WNM4|Q9WNM4_9PAPI,172383,tr,Q9WNM4,Q9WNM4,GEVLPT,135,140,GEVLPT,268,273,RHGTMGEVLPTSYYIP,6,,,,,,,,,,,,,,,,,,,,,,,,,,,,,,very_weak,,,,,,,,,,,,,,,,,,,,,,,,,,,,,,,,,very_weak,,,,,,,,,,,,,,,,,,,,,very_weak,66.2,54.2,70.515,53.305,59.63,72.61500000000002,62.19,29.200000000000006,64.78999999999999,18.76,57.375,53.69499999999999,48.07,60.14,63.31,56.325,25.245,57.845,17.05,56.24,57.91,42.345,40.61,61.055,72.545,7135.78967258197,2155.91969973358,4186.88368320408,5414.017151152,2721.25044024482,10625.0564010228,6420.805160269681,793.1729047172861,3652.85291283743,214.355940784114,7386.38184396032,2592.0695014421804,3026.0082450416608,3119.4563406697607,7429.10174154135,464.931657774852,1065.57485968709,4332.93258257276,1205.28884452054,2653.9931321605,2430.06161863042,908.659204365065,890.9698371105493,2589.9389106429503,LysM domain containing 1,Q96S90,,,,,,virus
sp|Q96S90|LYSM1_HUMAN,sp,Q96S90,LYSM1,HUMAN,0001259|tr|Q1G977|Q1G977_LACDA,1259,tr,Q1G977,Q1G977,GDTLAG,47,52,GDTLAG,222,227,ATGGMGDTLAGIIAAF,6,,,,,,,,,,,,,,,,,,,,,,,,very_weak,,,,,,very_weak,,,,,,,,,,,,,,,,,,,,,,,,,,,very_weak,,,,,,,,,,,,,,,,,,,,,,,,,,,very_weak,48.345,71.61,61.52,31.875,68.33,62.94,67.84,12.555,57.11,18.270000000000003,42.085,59.35,24.665,58.645,73.99,30.3,16.145,62.905,62.545,58.73,64.18,42.05500000000001,21.505000000000003,63.69499999999999,71.57,3914.34051914235,3195.05054008134,2953.51863426564,2975.32913411265,4093.62107919547,8662.21157765696,6962.06040527887,485.290443387912,1954.90518388733,106.572007980639,7375.04205749291,4128.94048029316,1027.8546298937,4471.14076226871,9480.11265435247,278.133838320091,204.26639013287,6865.71092216342,5237.9286096397,2637.36168835203,4292.19783297401,840.377597760967,625.077896898039,3412.00672270334,LysM domain containing 1,Q96S90,,,,,,bacteria
sp|Q96S90|LYSM1_HUMAN,sp,Q96S90,LYSM1,HUMAN,0644875|tr|A0A934UDZ5|A0A934UDZ5_9STRE,644875,tr,A0A934UDZ5,A0A934UDZ5,LEPGDT,44,49,LEPGDT,112,117,SLTAILEPGDTVLLPA,6,,,,,,,,,,,,,,,,,,,,,,,,,,,,,,,,,,,,,,,,,,,,,,,,,,,,,,,,,,,,,,,,,,,,,,,,,,,very_weak,,,,,,,,,very_weak,40.15,42.335,70.55,24.765,37.17,41.265,31.685,22.880000000000003,33.95,21.415,69.07,75.845,24.785,67.75,77.93,21.380000000000003,46.78,74.45,52.965,32.985,70.195,57.36,12.605,44.565,77.54,2543.06616113767,2040.46392292219,4466.20905545189,2542.65346344792,2667.00438124401,8557.04173544986,4090.16775495268,1129.60215123563,1187.05348740607,821.933874124004,10844.451690969,6421.84732016055,1786.63141788241,5059.8421416016,9583.44966451815,331.433145956821,1190.61651666444,8181.48846867061,4473.56025425518,1938.24562776054,4001.18023297384,1979.31728296382,483.796288811624,1615.02585638897,LysM domain containing 1,Q96S90,,,,,,bacteria
sp|Q96S90|LYSM1_HUMAN,sp,Q96S90,LYSM1,HUMAN,0644875|tr|A0A934P921|A0A934P921_9STRE,644875,tr,A0A934P921,A0A934P921,PILTEP,85,90,PILTEP,621,626,AMSMKPILTEPVVSVS,6,,,,,weak,very_weak,,,very_weak,,weak,very_weak,,weak,very_weak,,,very_weak,,weak,very_weak,,weak,very_weak,,,very_weak,,,,,,very_weak,,,very_weak,,,very_weak,,,very_weak,,weak,very_weak,,,very_weak,,,very_weak,,weak,very_weak,,,,,weak,very_weak,,weak,very_weak,,weak,very_weak,,weak,very_weak,,,,,weak,very_weak,,weak,very_weak,,,,,weak,very_weak,22.41,7.779999999999999,15.435,5.18,8.405,12.095,5.484999999999999,2.745,12.395,25.34,12.315,12.695,13.56,2.205,15.505,8.62,20.44,5.95,4.17,7.45,3.905,23.95,5.415,7.91,21.485,2015.49392113232,138.193912716478,298.721878216515,455.456578108476,157.856601812139,1205.3670928088,397.088705163908,46.3102142504802,110.589431634631,475.863622588578,1036.86870156058,335.23083173662,1534.48536076809,131.041112850347,1346.88576530787,27.1622586448161,616.941080300091,404.079643860797,255.909175209296,142.389139801062,220.183246518435,173.021716885849,95.7828619739786,134.238434208961,LysM domain containing 1,Q96S90,,,,,,bacteria
sp|Q96S90|LYSM1_HUMAN,sp,Q96S90,LYSM1,HUMAN,0644875|tr|A0A934PC39|A0A934PC39_9STRE,644875,tr,A0A934PC39,A0A934PC39,GEVLPT,135,140,GEVLPT,204,209,VWIYRGEVLPTRKNTK,6,,,,,,very_weak,,,very_weak,,,very_weak,,,,,,very_weak,,,very_weak,,,,,,very_weak,strong,weak,very_weak,,,very_weak,,,very_weak,,weak,very_weak,,,,,,very_weak,,weak,very_weak,,,very_weak,,,very_weak,,,very_weak,,,very_weak,,,,,,very_weak,,,,,weak,very_weak,,,very_weak,,,,,,,strong,weak,very_weak,41.68,13.06,19.01,15.805,26.295,11.58,15.03,29.595,17.795,0.5,11.315,18.53,42.185,13.28,9.775,15.985,18.98,19.955,39.375,14.06,21.16,9.775,14.97,25.485,20.295,2503.58850248671,355.966510444831,521.957575428246,1796.07043972421,162.6346617692,1262.92217974729,1240.1731395638,501.095021774584,431.070216362565,35.4101883820858,2550.89255653543,1081.59294348867,4163.70856840831,886.220333923711,1663.96404564505,55.6915787944635,877.765330008342,2227.28853030849,2155.77974483758,277.100547285887,1104.71520496767,254.019503388599,190.953239181843,615.447653670604,LysM domain containing 1,Q96S90,,,,,,bacteria
sp|Q96S90|LYSM1_HUMAN,sp,Q96S90,LYSM1,HUMAN,0644875|tr|A0A934UD46|A0A934UD46_9STRE,644875,tr,A0A934UD46,A0A934UD46,DQEDEI,219,224,DQEDEI,164,169,MAIPVDQEDEIITSFN,6,,,,,,,,,,,,,,,,,,,,,,,,,,,,,,,,,,,,,,,,,,,,,,,,,,weak,very_weak,,,,,,,,,,,,,,,,,,,,,,,,,,,,,,,,weak,very_weak,39.52,56.885000000000005,90.16,30.185,74.175,71.195,38.31,87.125,80.455,59.835,86.03999999999999,79.315,30.675,68.395,76.315,72.47,73.22999999999999,69.21000000000001,68.535,61.52,67.48,84.41499999999999,80.59,71.245,90.555,4415.32664927669,5461.37877423602,16144.913227277,4297.7278271318,12881.2738509313,20977.5849403086,5058.91153889786,13837.0178071197,9421.52030363194,7930.39081241779,21996.610908277,9599.84682269049,2041.63435894625,8121.42660842586,14600.041492699,6922.77514488251,7143.74649464813,12720.6120570337,13723.2566566494,7041.14862841603,6062.5698668938,9564.80348358822,10940.6206043465,8744.98727686128,LysM domain containing 1,Q96S90,,,,,,bacteria
sp|Q96S90|LYSM1_HUMAN,sp,Q96S90,LYSM1,HUMAN,0644875|tr|A0A934P937|A0A934P937_9STRE,644875,tr,A0A934P937,A0A934P937,GVPGED,182,187,GVPGED,115,120,KHRLLGVPGEDTFSSR,6,,,,,,,,,,,,,,,,,,,,,,,,,,,,,,,,,very_weak,,,,,,,,,,,,,,,,,,,,,very_weak,,,,,,,,,,,,,,,,,,,,,,,,,,,,,,very_weak,51.045,32.065,51.3,61.845,26.405,53.48,64.585,32.74,58.765,56.665,17.585,33.375,42.315,31.965,44.185,10.805,60.93,39.585,44.325,31.68,37.42,44.52,36.485,34.160000000000004,54.9,5115.82665392476,1296.69363286987,3213.49467335278,8207.37773634179,1523.105050405,11102.2004006211,9848.8781724487,1684.2508855806,3845.45376122363,2245.77629665084,4685.14020742233,2767.81142242206,2719.63153903369,2380.35786058088,7300.6506379434,114.499085693549,3412.78207106666,4190.5546850114,4619.0019492469,1638.09780887372,2102.86238675264,1451.35098486631,1117.45807907659,1324.39998063797,LysM domain containing 1,Q96S90,,,,,,bacteria
sp|Q96S90|LYSM1_HUMAN,sp,Q96S90,LYSM1,HUMAN,0644875|tr|A0A934P997|A0A934P997_9STRE,644875,tr,A0A934P997,A0A934P997,TLAGLA,49,54,TLAGLA,195,200,LGSGQTLAGLAIAQMC,6,,,,,,,,,,,,,,,,,,,,,,,,,,,,,,very_weak,,,,,,,,,,,,very_weak,,,,,,,,,very_weak,,,very_weak,,weak,very_weak,,,,,,very_weak,,,,,,,,,,,,,,,,,,,,weak,very_weak,26.825,28.36,52.395,65.935,51.125,67.64,66.32,45.19,62.04,11.28,35.85,60.365,15.035,39.315,62.23,17.294999999999998,2.66,46.905,16.92,58.065,49.59,36.555,42.415000000000006,50.52,62.85,1415.92419998691,464.28820489264,1232.46817642735,5711.45337710832,1322.72446483563,8137.25898702199,6729.43065618948,847.499915067149,2140.64848392024,81.2847610786352,3763.01159683786,2251.51814151769,1216.63538934547,903.297261481354,4804.44248143788,74.5746519964114,95.7818256302551,2742.82917550122,593.346796189442,1513.51127184583,1414.5919883302,356.409706168985,486.168108822431,1081.80361072752,LysM domain containing 1,Q96S90,,,,,,bacteria
sp|Q96S90|LYSM1_HUMAN,sp,Q96S90,LYSM1,HUMAN,0283361|tr|A0A3R6ILB6|A0A3R6ILB6_9BACT,283361,tr,A0A3R6ILB6,A0A3R6ILB6,TERKKQ,121,126,TERKKQ,383,388,INQLETERKKQSLVIH,6,,,,,,,,,very_weak,,,,,,,,,,,weak,very_weak,,,,,,,,,,,,,,,,,,,,,,,,,,,,,,,,,,,,,,,,,,,,,,,,,,,,,,,,,,,weak,very_weak,,weak,very_weak,87.99000000000001,28.36,19.93,68.025,50.42,59.365,7.81,41.69,25.28,92.83,65.015,53.565,94.825,60.585,33.95,58.71,84.53999999999999,67.22,37.135,54.585,65.125,43.615,68.22,74.87,7.390000000000001,20247.4838146543,1199.66829649485,1746.13512785572,10267.698342746,3664.84805124435,12536.9701657059,1086.69557128373,1811.11601565756,2211.34429124708,10053.6602871371,10346.43118971,9400.74772983836,17574.0129082071,7201.48513078715,5371.0164975582,1082.11968852463,9586.24972511009,12153.5135490905,4418.91106758281,4225.33868125036,5971.5571980797,2373.41417299771,3369.04944092183,5921.18053786346,LysM domain containing 1,Q96S90,,,,,,bacteria
sp|Q96S90|LYSM1_HUMAN,sp,Q96S90,LYSM1,HUMAN,0283361|tr|A0A416A5U6|A0A416A5U6_9BACT,283361,tr,A0A416A5U6,A0A416A5U6,QKLKKGE,174,180,QKLKKGE,266,272,PEWVNQKLKKGEDVTFT,7,,,,,,,,,,,,,,,,,,,,,,,,,,,,,,,,,,,,,,,,,,,,,,,,,,,,,,,,,,,,,,,,,,,,,,,,,,,,,,,,,,,,,72.5,43.17,29.5,33.025000000000006,51.965,69.185,42.55,32.38,47.51,69.585,64.755,73.365,79.39,52.255,55.665,50.755,80.32,78.23,40.83,51.45,68.66499999999999,40.235,28.935,51.025,21.05,12970.5011377022,2681.47167723767,3121.95497594149,4292.80160361111,3696.70801410569,11608.0540278899,5314.02143561152,1694.56020588708,2127.7633906987,5808.17157984489,13967.8834880505,9791.71399052021,9119.03525733714,8177.59443244579,9661.53415779321,1100.90884281986,8461.01810721117,12659.9229733501,3912.5197939703,3272.83071762839,5899.88499309709,3062.20509716179,1381.37711213211,3438.46765025059,LysM domain containing 1,Q96S90,,,,,,bacteria
sp|Q96S90|LYSM1_HUMAN,sp,Q96S90,LYSM1,HUMAN,0283361|tr|A0A415ZNG7|A0A415ZNG7_9BACT,283361,tr,A0A415ZNG7,A0A415ZNG7,RLYTND,69,74,RLYTND,23,28,VGLLKRLYTNDSELYI,6,,,very_weak,,weak,very_weak,,,very_weak,strong,weak,very_weak,,,very_weak,,weak,very_weak,,weak,very_weak,,,,,weak,very_weak,,,,,,very_weak,,,,,,,,,,,,,,,,,weak,very_weak,,weak,very_weak,,,,,,,,,very_weak,,weak,very_weak,,,,,,,,,,,weak,very_weak,,,very_weak,strong,weak,very_weak,17.32,3.17,10.4,0.655,14.255,4.48,4.275,26.865,9.075,43.1,16.925,39.885000000000005,27.27,33.365,30.38,9.285,52.56,21.775,13.985,2.38,21.095,34.12,28.1,4.85,11.485,750.103487733267,87.998663960291,238.158398036647,26.4720168569097,189.117121768667,158.477815302203,181.58957667357,532.983316792642,41.1596917947379,3012.71206190794,2473.72712190979,1116.72079284208,1747.96869097561,762.104583837234,1925.82856795831,35.6099776922251,2314.72879822753,1225.71256290714,476.631403404658,48.3412197351903,657.715530946433,696.715405326883,634.261505180505,74.7394375545655,LysM domain containing 1,Q96S90,,,,,,bacteria
sp|Q96S90|LYSM1_HUMAN,sp,Q96S90,LYSM1,HUMAN,0283361|tr|A0A3R6QV64|A0A3R6QV64_9BACT,283361,tr,A0A3R6QV64,A0A3R6QV64,ANGEVL,133,138,ANGEVL,20,25,SVALSANGEVLFEKAS,6,,,,,,,,,,,weak,very_weak,,,,,weak,very_weak,,weak,very_weak,,,very_weak,,weak,very_weak,,,,,,,,,,,,,,weak,very_weak,,,,,,,,,very_weak,,,,,,,,,,,,very_weak,,,,,,,,,,,,very_weak,,,,,,,,weak,very_weak,29.07,54.015,45.945,5.11,28.695,6.785,7.925,19.68,6.13,21.22,55.19499999999999,44.995,9.875,43.63,46.620000000000005,31.6,27.98,28.98,11.405,46.345,34.37,43.45,16.740000000000002,45.445,58.760000000000005,1868.46085495873,1922.72635056564,2476.91422955591,436.571328486183,1237.81374862926,734.053888772187,765.368645900957,413.527097027177,66.0558191677843,493.973158480168,5882.48362864442,1766.81195292188,756.018872649723,1490.54816797916,3426.17533044784,220.949305251241,798.019291346695,2824.78018289537,1136.00010921847,1602.05988904806,1301.2895480032,1093.12250557017,273.236126806317,1718.48944321974,LysM domain containing 1,Q96S90,,,,,,bacteria
sp|Q96S90|LYSM1_HUMAN,sp,Q96S90,LYSM1,HUMAN,0283361|tr|A0A415ZZM3|A0A415ZZM3_9BACT,283361,tr,A0A415ZZM3,A0A415ZZM3,NGEVLP,134,139,NGEVLP,336,341,HYSPYNGEVLPGYMFT,6,,,,,,,,,,,,very_weak,,,very_weak,,,,,,,,,,,,,,weak,very_weak,,,,,,,,,,,,very_weak,,,,,,,,,very_weak,,,,,,,,,,,,very_weak,,,,,,,,,very_weak,,,,,,,,,,,weak,very_weak,34.895,58.64,67.735,15.49,18.33,46.21,49.325,32.405,64.53,2.03,46.915,44.1,18.29,26.55,38.065,38.925,34.44,26.695,16.43,45.78,25.22,17.240000000000002,32.8,40.63,64.57,3105.78315330561,3106.22003453665,4620.00158894151,1500.88928423617,993.692733902006,8788.81061271367,5446.68494067573,1646.93029160259,4581.96863347529,76.8244228028334,11293.3824817978,2699.9875343461,2103.70439796046,2149.00282705599,5608.75491709253,448.468713514277,1366.98469763006,3034.2045098397,1189.77946760362,2287.66450854783,1618.43692678808,571.909623843163,1030.01440070571,1966.87118246987,LysM domain containing 1,Q96S90,,,,,,bacteria
sp|Q96S90|LYSM1_HUMAN,sp,Q96S90,LYSM1,HUMAN,0283361|tr|A0A3R6QWL3|A0A3R6QWL3_9BACT,283361,tr,A0A3R6QWL3,A0A3R6QWL3,KTLYIP,80,85,KTLYIP,159,164,LDLAGKTLYIPKDSPA,6,,,,,,,,,,,,,,,,,,,,,,,,,,,,,,,,,,,,,,,,,,very_weak,,,,,,,,,,,,,,,,,,,,,,,,,,,,,,very_weak,,,,,,,,,,,,very_weak,43.965,47.585,42.345,72.1,53.08,73.765,56.45,58.18,59.695,30.28,66.72,29.145,19.43,57.265,47.7,55.625,34.02,59.735,47.875,64.22,53.64,19.26,56.95,41.52,50.145,6191.10342888416,1906.58855037068,2514.88262235787,7947.48441723041,2102.79413034607,11201.1398019678,5092.30091437658,1443.20819930933,2693.01458331134,704.027980000736,10308.2163743865,2840.68725795696,3356.2426106765,4610.31420537057,5883.3747564961,479.990104989626,1592.38223510832,7427.65502021824,3165.21871800589,3862.2997636105,3845.86985330434,570.852465171542,1002.99305844848,2994.28621028552,LysM domain containing 1,Q96S90,,,,,,bacteria
sp|Q96S90|LYSM1_HUMAN,sp,Q96S90,LYSM1,HUMAN,0283361|tr|A0A416A5U6|A0A416A5U6_9BACT,283361,tr,A0A416A5U6,A0A416A5U6,KLKKGE,175,180,KLKKGE,267,272,EWVNQKLKKGEDVTFT,6,,,,,,,,,,,,,,,,,,,,,,,,,,,,,,,,,,,,,,,,,,,,,,,,,,,,,,,,,,,,,,,,,,,,,,,,,,,,,,,,,,,,,72.5,43.17,42.62,33.025000000000006,51.965,69.185,42.55,32.38,47.51,69.585,64.755,73.365,79.39,72.155,55.665,50.755,80.32,78.23,40.83,51.45,68.66499999999999,40.235,28.935,51.025,34.885000000000005,12970.5011377022,2681.47167723767,3261.58927361033,4292.80160361111,3696.70801410569,11608.0540278899,5314.02143561152,1694.56020588708,2127.7633906987,5808.17157984489,13967.8834880505,9791.71399052021,9119.03525733714,8261.81550550719,9661.53415779321,1100.90884281986,8461.01810721117,12659.9229733501,3912.5197939703,3272.83071762839,5899.88499309709,3062.20509716179,1381.37711213211,3438.46765025059,LysM domain containing 1,Q96S90,,,,,,bacteria
sp|Q96S90|LYSM1_HUMAN,sp,Q96S90,LYSM1,HUMAN,0283361|tr|A0A415ZNG7|A0A415ZNG7_9BACT,283361,tr,A0A415ZNG7,A0A415ZNG7,RLYTNDS,69,75,RLYTNDS,23,29,VGLLKRLYTNDSELYIY,7,,,very_weak,,weak,very_weak,,,very_weak,strong,weak,very_weak,,,very_weak,,weak,very_weak,,weak,very_weak,,,very_weak,,weak,very_weak,,,,,,very_weak,,,,,,,,,,,,very_weak,,,,,weak,very_weak,,weak,very_weak,,,,,,very_weak,,weak,very_weak,,weak,very_weak,,,very_weak,,,,,,,,weak,very_weak,,,very_weak,strong,weak,very_weak,13.795000000000002,3.17,10.4,0.24,14.255,2.705,2.69,19.235,6.335,34.275,13.935,34.95,22.915000000000003,17.815,28.93,9.285,56.665000000000006,14.63,8.129999999999999,2.38,12.16,34.12,20.685,4.85,11.485,627.755079391633,87.998663960291,238.158398036647,18.2092454079674,189.117121768667,101.145629931095,121.449941050642,484.618814495181,31.3048529312165,2543.341330144,2059.87335178945,932.382206157105,1390.58462577344,567.926155218118,1607.77291525568,35.6099776922251,2050.3342247273,937.125582194781,430.184950628788,48.3412197351903,507.314077766874,696.715405326883,585.832167954861,74.7394375545655,LysM domain containing 1,Q96S90,,,,,,bacteria
sp|Q96S90|LYSM1_HUMAN,sp,Q96S90,LYSM1,HUMAN,0283361|tr|A0A415ZX94|A0A415ZX94_9BACT,283361,tr,A0A415ZX94,A0A415ZX94,LLQGSR,15,20,LLQGSR,88,93,EEIQDLLQGSRGLNLG,6,,,,,,,,,,,,,,,,,,,,,,strong,weak,very_weak,,,very_weak,,,,,,,,,very_weak,,,,,,,,,very_weak,,,,,,,,,very_weak,,,,,,very_weak,,,,,,,,,,,,,,weak,very_weak,,,,,,very_weak,strong,weak,very_weak,59.355,42.235,27.325000000000003,26.45,20.95,22.630000000000003,27.575,1.605,16.465,36.83,20.96,19.045,63.735,17.93,36.625,13.395,46.505,19.51,28.085,41.97,22.08,42.86,2.515,54.335,18.585,5565.41176531268,640.39176444916,1046.35799739951,2187.85472481841,389.261479802246,1743.56759725504,1588.14948190266,27.8256029284537,135.163902922802,1211.60411454569,2021.76231428422,512.184114376431,5443.50354629381,584.717640424678,2588.62218492349,48.4029780222335,1414.30121235761,1229.72421885484,1414.22470229946,1007.03819820019,702.726604305884,681.321416120557,43.2306077469376,1251.75327441786,LysM domain containing 1,Q96S90,,,,,,bacteria
sp|Q96S90|LYSM1_HUMAN,sp,Q96S90,LYSM1,HUMAN,0283361|tr|A0A415ZNG7|A0A415ZNG7_9BACT,283361,tr,A0A415ZNG7,A0A415ZNG7,LYTNDS,70,75,LYTNDS,24,29,GLLKRLYTNDSELYIY,6,,,very_weak,,weak,very_weak,,,very_weak,strong,weak,very_weak,,,,,weak,very_weak,,weak,very_weak,,,very_weak,,weak,very_weak,,,,,,very_weak,,,,,,,,,,,,very_weak,,,very_weak,,weak,very_weak,,,very_weak,,,,,,very_weak,,weak,very_weak,,weak,very_weak,,,very_weak,,,,,,,,weak,very_weak,,,,strong,weak,very_weak,13.795000000000002,8.389999999999999,19.87,0.24,22.875,2.705,2.69,19.235,6.335,34.275,13.935,34.95,22.915000000000003,17.815,18.795,16.375,56.665000000000006,14.63,8.129999999999999,6.04,12.16,39.7,20.685,9.655,22.64,627.755079391633,136.714141024001,386.182318287993,18.2092454079674,277.839078666705,101.145629931095,121.449941050642,484.618814495181,31.3048529312165,2543.341330144,2059.87335178945,932.382206157105,1390.58462577344,567.926155218118,1622.06579268996,51.0859115534145,2050.3342247273,937.125582194781,430.184950628788,70.2039559153843,507.314077766874,815.299828062861,585.832167954861,100.025765418,LysM domain containing 1,Q96S90,,,,,,bacteria
sp|Q96S90|LYSM1_HUMAN,sp,Q96S90,LYSM1,HUMAN,0283361|tr|A0A416A5U6|A0A416A5U6_9BACT,283361,tr,A0A416A5U6,A0A416A5U6,QKLKKG,174,179,QKLKKG,266,271,PEWVNQKLKKGEDVTF,6,,,,,,,,,,,,,,,,,,,,,,,,,,,,,,,,,,,,,,,,,,,,,,,,,,,,,,,,,,,,,,,,,,,,,,,,,,,,,,,,,,,,,77.13,43.17,29.5,48.825,63.45,60.85,65.26,44.645,44.425,77.7,65.485,51.2,86.485,63.425,60.37,48.755,67.515,73.39,51.495000000000005,62.525000000000006,68.03,40.235,45.625,63.405,21.05,14350.3975275552,2681.47167723767,3121.95497594149,5264.17719038247,4838.55993251173,12284.5295338478,8328.77105462928,2071.04723575431,2603.05856622046,6845.90532346984,16901.1811755176,10738.0849839794,12415.7488031611,9429.98502104258,10911.8932392936,1153.12675455316,9409.29559017616,13598.0664191147,4745.59718313559,4509.47340573593,7363.08231726338,3062.20509716179,1843.44034034187,4156.91151145404,LysM domain containing 1,Q96S90,,,,,,bacteria
sp|Q96S90|LYSM1_HUMAN,sp,Q96S90,LYSM1,HUMAN,0283361|tr|A0A416A577|A0A416A577_9BACT,283361,tr,A0A416A577,A0A416A577,GQETPT,142,147,GQETPT,174,179,IYFETGQETPTTLIRA,6,,,,,,,,,,,,,,,,,,,,,,,,,,,,,,,,,,,,,,,,,,,,,,,,,,,,,,,,,,,,,,,,,,,,,,,,,,,,,,,,,,,,,81.095,77.75,79.75999999999999,60.02,81.87,68.845,81.025,37.175,79.895,24.74,74.425,76.21000000000001,41.68,77.03,75.16,48.395,25.945,76.14,83.97,55.29,76.235,50.795,30.005000000000003,65.265,81.46000000000001,11764.9705005876,5230.96243924586,7558.34069904433,6602.49582204967,7599.34128865083,12837.5851336992,12192.6313691074,1902.5289918919,6053.26243475902,919.319600890466,13969.5460104101,6924.94766957833,3666.95025463727,7408.63277731457,11877.9100769944,659.782509570421,1592.3477770357,9537.21178019048,12717.0340710719,2917.5330349962,5659.65688785669,2423.3399935686,1096.53409305353,3920.82578697372,LysM domain containing 1,Q96S90,,,,,,bacteria
sp|Q96S90|LYSM1_HUMAN,sp,Q96S90,LYSM1,HUMAN,0283361|tr|A0A416A8B4|A0A416A8B4_9BACT,283361,tr,A0A416A8B4,A0A416A8B4,KGENGV,178,183,KGENGV,187,192,AYGYLKGENGVHRLVR,6,,,,,,,,,,,,,,,,,,very_weak,,weak,very_weak,,,,,,,,,,,,,,,,strong,weak,very_weak,,,,,,,,,,,,,,weak,very_weak,,,,,,,,,,,,very_weak,,,,,,,,,,,,,,,,strong,weak,very_weak,79.91499999999999,26.195,30.665,28.225,24.085,17.065,4.04,38.56,20.24,51.965,42.595,64.16499999999999,86.77000000000001,56.865,27.875,3.245,81.945,62.125,33.705,10.795,59.66,29.895,21.51,23.58,21.36,13134.3190397962,559.939259168726,1341.05464913038,2843.73171323659,768.172788510116,1639.14385016819,227.651856047491,1025.4663596015,531.934798942265,1936.19152095762,6196.86693745689,6020.4079550233,11152.5256760429,4278.56598113199,3195.01597052991,30.7293188879574,6170.57273138615,7495.87531982596,2969.12248328564,318.523384202554,3870.45726545113,1028.90055065037,504.233149536115,834.67770761373,LysM domain containing 1,Q96S90,,,,,,bacteria
sp|Q96S90|LYSM1_HUMAN,sp,Q96S90,LYSM1,HUMAN,0283361|tr|A0A3R6LRA3|A0A3R6LRA3_9BACT,283361,tr,A0A3R6LRA3,A0A3R6LRA3,LHLSSP,190,195,LHLSSP,140,145,HGVRELHLSSPSERNI,6,,,,,,,,,,,,,,,,,,very_weak,,weak,very_weak,,,,,,,,,,,weak,very_weak,,,,,weak,very_weak,,,,,,,,,,,,,,,,,,,,,,,,,,,,,,,,,,,,,,,,,,,,weak,very_weak,65.215,23.825,45.155,24.185,43.415,13.3,3.05,29.98,20.915,44.005,9.88,57.33,43.455,58.14,46.71,39.85,56.6,57.3,41.235,26.285,48.21,28.41,20.745,26.455,40.695,9454.70871902485,692.59663617107,2492.74963567658,3376.31127720448,1986.26817021551,1862.54684885833,237.086284079333,949.711339917885,843.986031562526,1696.33961175801,2956.26816513099,5892.48472617155,3694.78862963183,4805.11830799826,6455.42559036625,394.21625260226,3391.28553971984,7248.70200467603,3828.39126782088,870.369830104544,3856.11990730471,792.2294512196,524.794638011677,895.851409921549,LysM domain containing 1,Q96S90,,,,,,bacteria
sp|Q96S90|LYSM1_HUMAN,sp,Q96S90,LYSM1,HUMAN,0283361|tr|A0A3R6IKF3|A0A3R6IKF3_9BACT,283361,tr,A0A3R6IKF3,A0A3R6IKF3,IPILTE,84,89,IPILTE,202,207,DKFVRIPILTEKEKEN,6,,,,,,very_weak,,weak,very_weak,,,very_weak,,,,,,very_weak,,,,,,very_weak,,,,,,,,weak,very_weak,,weak,very_weak,,,very_weak,,weak,very_weak,strong,weak,very_weak,strong,weak,very_weak,,,,,,,,,,,weak,very_weak,,,,strong,weak,very_weak,strong,weak,very_weak,,weak,very_weak,,,very_weak,strong,weak,very_weak,,weak,very_weak,strong,weak,very_weak,20.805,19.025,3.945,18.635,37.48,11.465,33.760000000000005,15.77,24.365,62.28,2.345,7.855,9.685,1.955,1.97,31.83,42.055,3.52,23.205,1.99,1.29,4.625,16.915,0.27,4.65,2672.52165186745,442.180915913477,310.657613497401,2371.82255836784,1207.01148083632,2055.75431162395,4053.99553692598,606.378973465447,1345.18180244415,4601.34407918153,1112.56004172066,329.391833228333,1397.99177995939,129.356305844121,503.529856337793,151.386494821369,2385.90161919374,266.632908004021,1445.00506413854,94.5738825981163,133.117507123807,573.303605392934,563.72640368367,27.3512966655919,LysM domain containing 1,Q96S90,,,,,,bacteria
sp|Q96S90|LYSM1_HUMAN,sp,Q96S90,LYSM1,HUMAN,0283361|tr|A0A3R6KW57|A0A3R6KW57_9BACT,283361,tr,A0A3R6KW57,A0A3R6KW57,LDSEEE,97,102,LDSEEE,119,124,LAEIELDSEEEAFEQP,6,,,very_weak,,,,,,,,weak,very_weak,,,,,,,,weak,very_weak,,,,,,,,,,,,,,,,,,,strong,weak,very_weak,,,,,,,strong,weak,very_weak,,,,,,,,,,,,,,,,,,,,,,,,,,,,,,,strong,weak,very_weak,16.564999999999998,38.425,65.545,4.75,49.9,42.82,2.675,71.6,45.475,44.72,60.94499999999999,63.93000000000001,1.84,45.0,46.395,62.815,63.010000000000005,38.985,46.255,33.595,32.17,68.69,58.775,40.115,64.74,2297.66135285902,4977.36205214446,15055.6380304178,817.154420533044,10181.0790015159,15379.4937112157,421.294899301631,14081.8440442494,6408.45110005042,6442.93520660753,20029.1580015046,7364.35709829359,749.308545825504,5746.41325320769,9835.03476243893,8226.93744822708,6978.35027035642,8509.58497866766,10310.1126032402,3860.29440149605,3368.06537073355,10850.9070124802,10320.9389373135,4681.13723637701,LysM domain containing 1,Q96S90,,,,,,bacteria
