human_id,database,protein,gene,species,pathogen_id,pathogen_species,database_pathogen,pathogen_protein,pathogen_gene,human_seq,human_start,human_end,pathogen_seq,pathogen_start,pathogen_end,extended_pathogen_seq,pathogen_length,binding_rank_strong_HLA_DQA10101_DQB10501,binding_rank_weak_HLA_DQA10101_DQB10501,binding_rank_very_weak_HLA_DQA10101_DQB10501,binding_rank_strong_DRB4_0101,binding_rank_weak_DRB4_0101,binding_rank_very_weak_DRB4_0101,binding_rank_strong_DRB1_0802,binding_rank_weak_DRB1_0802,binding_rank_very_weak_DRB1_0802,binding_rank_strong_DRB3_0101,binding_rank_weak_DRB3_0101,binding_rank_very_weak_DRB3_0101,binding_rank_strong_DRB1_1501,binding_rank_weak_DRB1_1501,binding_rank_very_weak_DRB1_1501,binding_rank_strong_DRB3_0202,binding_rank_weak_DRB3_0202,binding_rank_very_weak_DRB3_0202,binding_rank_strong_DRB1_0301,binding_rank_weak_DRB1_0301,binding_rank_very_weak_DRB1_0301,binding_rank_strong_DRB1_0701,binding_rank_weak_DRB1_0701,binding_rank_very_weak_DRB1_0701,binding_rank_strong_DRB1_1302,binding_rank_weak_DRB1_1302,binding_rank_very_weak_DRB1_1302,binding_rank_strong_HLA_DQA10501_DQB10301,binding_rank_weak_HLA_DQA10501_DQB10301,binding_rank_very_weak_HLA_DQA10501_DQB10301,binding_rank_strong_HLA_DPA10201_DPB11401,binding_rank_weak_HLA_DPA10201_DPB11401,binding_rank_very_weak_HLA_DPA10201_DPB11401,binding_rank_strong_HLA_DPA10103_DPB10201,binding_rank_weak_HLA_DPA10103_DPB10201,binding_rank_very_weak_HLA_DPA10103_DPB10201,binding_rank_strong_DRB5_0101,binding_rank_weak_DRB5_0101,binding_rank_very_weak_DRB5_0101,binding_rank_strong_HLA_DQA10301_DQB10302,binding_rank_weak_HLA_DQA10301_DQB10302,binding_rank_very_weak_HLA_DQA10301_DQB10302,binding_rank_strong_HLA_DPA10301_DPB10402,binding_rank_weak_HLA_DPA10301_DPB10402,binding_rank_very_weak_HLA_DPA10301_DPB10402,binding_rank_strong_HLA_DPA10201_DPB10501,binding_rank_weak_HLA_DPA10201_DPB10501,binding_rank_very_weak_HLA_DPA10201_DPB10501,binding_rank_strong_HLA_DQA10501_DQB10201,binding_rank_weak_HLA_DQA10501_DQB10201,binding_rank_very_weak_HLA_DQA10501_DQB10201,binding_rank_strong_DRB1_0101,binding_rank_weak_DRB1_0101,binding_rank_very_weak_DRB1_0101,binding_rank_strong_HLA_DQA10102_DQB10602,binding_rank_weak_HLA_DQA10102_DQB10602,binding_rank_very_weak_HLA_DQA10102_DQB10602,binding_rank_strong_HLA_DPA10103_DPB10401,binding_rank_weak_HLA_DPA10103_DPB10401,binding_rank_very_weak_HLA_DPA10103_DPB10401,binding_rank_strong_DRB1_1201,binding_rank_weak_DRB1_1201,binding_rank_very_weak_DRB1_1201,binding_rank_strong_DRB1_0401,binding_rank_weak_DRB1_0401,binding_rank_very_weak_DRB1_0401,binding_rank_strong_HLA_DPA10201_DPB10101,binding_rank_weak_HLA_DPA10201_DPB10101,binding_rank_very_weak_HLA_DPA10201_DPB10101,binding_rank_strong_HLA_DQA10401_DQB10402,binding_rank_weak_HLA_DQA10401_DQB10402,binding_rank_very_weak_HLA_DQA10401_DQB10402,binding_rank_strong_DRB1_0901,binding_rank_weak_DRB1_0901,binding_rank_very_weak_DRB1_0901,binding_rank_strong_DRB1_0405,binding_rank_weak_DRB1_0405,binding_rank_very_weak_DRB1_0405,binding_rank_strong_DRB1_1101,binding_rank_weak_DRB1_1101,binding_rank_very_weak_DRB1_1101,binding_rank_strong,binding_rank_weak,binding_rank_very_weak,Rank_average_HLA_DQA10101_DQB10501,Rank_average_DRB4_0101,Rank_average_DRB1_0802,Rank_average_DRB3_0101,Rank_average_DRB1_1501,Rank_average_DRB3_0202,Rank_average_DRB1_0301,Rank_average_DRB1_0701,Rank_average_DRB1_1302,Rank_average_HLA_DQA10501_DQB10301,Rank_average_HLA_DPA10201_DPB11401,Rank_average_HLA_DPA10103_DPB10201,Rank_average_HLA_DQA10301_DQB10302,Rank_average_HLA_DPA10301_DPB10402,Rank_average_HLA_DPA10201_DPB10501,Rank_average_DRB1_0101,Rank_average_HLA_DQA10102_DQB10602,Rank_average_HLA_DPA10103_DPB10401,Rank_average_DRB1_1201,Rank_average_DRB1_0401,Rank_average_HLA_DPA10201_DPB10101,Rank_average_HLA_DQA10401_DQB10402,Rank_average_DRB1_0901,Rank_average_DRB1_0405,Rank_average_DRB1_1101,nM_HLA_DQA10101_DQB10501,nM_DRB4_0101,nM_DRB1_0802,nM_DRB3_0101,nM_DRB1_1501,nM_DRB3_0202,nM_DRB1_0301,nM_DRB1_0701,nM_DRB1_1302,nM_HLA_DQA10501_DQB10301,nM_HLA_DPA10201_DPB11401,nM_HLA_DPA10103_DPB10201,nM_HLA_DQA10301_DQB10302,nM_HLA_DPA10301_DPB10402,nM_HLA_DPA10201_DPB10501,nM_DRB1_0101,nM_HLA_DQA10102_DQB10602,nM_HLA_DPA10103_DPB10401,nM_DRB1_1201,nM_DRB1_0401,nM_HLA_DPA10201_DPB10101,nM_HLA_DQA10401_DQB10402,nM_DRB1_0901,nM_DRB1_0405,Gene description,Uniprot,# MIM Number,MIM Entry Type,Entrez Gene ID,HGNC,Ensembl Gene ID,type
sp|Q9NVR0|KLH11_HUMAN,sp,Q9NVR0,KLH11,HUMAN,0102041|tr|B7TPX2|B7TPX2_9BETA,102041,tr,B7TPX2,B7TPX2,LTEVKG,448,453,LTEVKG,657,662,IDEVSLTEVKGIVLTY,6,,,,,,,,,,,,,,weak,very_weak,,,,,,,,weak,very_weak,,,,,,,,,,,,,,,,,,,,,,,,,,,,,weak,very_weak,,,,,,,,weak,very_weak,,,,,,,,,,,,very_weak,,,,,,,,weak,very_weak,49.92,48.265,43.655,41.79,5.9,42.86,41.17,2.105,26.88,38.085,40.125,43.895,45.455,31.125,37.74500000000001,4.495,26.995,38.4,7.010000000000002,49.225,39.035,41.785,13.085,44.125,45.195,5881.147189938771,965.208822225622,1255.34750333362,3575.739040751861,147.934316489611,5498.85220526543,3519.81158963935,41.34492292354809,311.216081794099,1164.43572076812,4052.1975391132896,2008.04964140248,3565.3854865388703,1117.90552263389,3238.0657220301,26.9034076267346,998.035062734254,2674.14144367704,390.49324767471495,1788.4494520967105,1329.81331601695,1063.12194984253,212.809942006659,1393.32566246719,Kelch like family member 11,Q9NVR0,619078.0,gene,55175.0,KLHL11,ENSG00000178502,virus
sp|Q9NVR0|KLH11_HUMAN,sp,Q9NVR0,KLH11,HUMAN,0102041|tr|E9RH93|E9RH93_9BETA,102041,tr,E9RH93,E9RH93,ADAVER,323,328,ADAVER,168,173,VVQNTADAVERGLVHN,6,,,,,,,,,,,,,,,,,,,,,,,,,,,,,,,,,,,,,,,,,,very_weak,,,,,,,,,,,,,,,very_weak,,,,,,,,,,,,,,,,,,,,,,,,,,,very_weak,43.705,42.165,61.325,29.865,71.075,23.71,27.385,66.185,32.55,29.25,57.085,77.41499999999998,17.88,72.9,67.945,71.19,10.36,77.85,59.71,38.845,70.80000000000003,29.685,59.57000000000001,47.43,51.725,4624.30250542106,2858.91020239878,6097.89726789567,3184.3174197627504,7604.605395069781,1869.57308413302,3015.35356624887,4804.85836345606,637.771089489592,1467.2982908805,12712.2191406999,10188.9031546469,1657.85402558022,8892.78692369537,11977.5402214033,2482.22625077164,713.699382026782,12791.4147176548,7486.230189097941,2525.1345995697,7135.0948374540685,2041.25886295225,4035.57106853665,2838.75157456005,Kelch like family member 11,Q9NVR0,619078.0,gene,55175.0,KLHL11,ENSG00000178502,virus
sp|Q9NVR0|KLH11_HUMAN,sp,Q9NVR0,KLH11,HUMAN,0102041|tr|B7TPT4|B7TPT4_9BETA,102041,tr,B7TPT4,B7TPT4,AAAAAS,12,17,AAAAAS,677,682,RRVSGAAAAASAREEH,6,,,,,,,,,very_weak,,,,,,,,,,,,,,,,,,,strong,weak,very_weak,,weak,very_weak,,,,,,,strong,weak,very_weak,,,,,,,,weak,very_weak,,,very_weak,strong,weak,very_weak,,,,,,,,,very_weak,,,,strong,weak,very_weak,,,very_weak,,,,,,,strong,weak,very_weak,52.825,32.94,17.73,74.89500000000002,43.915,25.0,51.805,32.364999999999995,45.5,0.005,2.095,59.88,0.64,67.205,57.31,12.9,0.065,66.65,60.275,16.725,69.26,0.67,10.17,38.63,40.89,9888.81336039928,2195.75175302984,942.678129255937,13650.3973194592,3266.88702240181,4365.9213691427,8412.819446477259,1680.62836585839,3093.709284513411,7.573549373803941,696.3762641162358,9904.33977803141,367.5434558261029,10822.181023409,9359.1373496499,133.508401744898,26.344580660109894,13074.4851457153,9912.38024697748,957.02480294273,8277.11551809863,135.461105215828,316.856281254801,3016.36512505255,Kelch like family member 11,Q9NVR0,619078.0,gene,55175.0,KLHL11,ENSG00000178502,virus
sp|Q9NVR0|KLH11_HUMAN,sp,Q9NVR0,KLH11,HUMAN,0151521|tr|A4ZKK7|A4ZKK7_9ADEN,151521,tr,A4ZKK7,A4ZKK7,AAAAAA,7,12,AAAAAA,63,68,SLDSTAAAAAAAAAMT,6,,,,,,,,,,,,,,,,,,,,,,,,,,,,strong,weak,very_weak,,,,,,,,,,strong,weak,very_weak,,,,,,,,weak,very_weak,,,very_weak,strong,weak,very_weak,,,,,,,,,,,,,,weak,very_weak,,,very_weak,,,,,,,strong,weak,very_weak,68.98,71.285,48.915,72.28999999999998,67.03,56.84,65.89,28.8,58.02500000000001,0.035,22.35,77.63,1.935,73.74,71.975,16.745,0.04,77.13,53.955,37.15,78.545,4.59,19.53,53.52,65.385,7157.5180399105,2307.1276708174,940.559004492961,7393.578058405509,2586.41047317213,4896.385394983,6370.359509101421,473.583064786157,2055.44293592563,10.166634972491,924.136497309469,5988.05573355036,574.688548515441,4133.58921424954,6397.5742717805615,57.5675538631166,17.569599147123498,8408.26943528314,3160.393577501921,1285.6850382773,4889.55602537923,174.054417714921,216.088451824147,1937.49080481008,Kelch like family member 11,Q9NVR0,619078.0,gene,55175.0,KLHL11,ENSG00000178502,virus
sp|Q9NVR0|KLH11_HUMAN,sp,Q9NVR0,KLH11,HUMAN,0151521|tr|A4ZKK7|A4ZKK7_9ADEN,151521,tr,A4ZKK7,A4ZKK7,AAAAAAAAA,7,15,AAAAAAAAA,63,71,SLDSTAAAAAAAAAMTATR,9,,,,,,,,,,,,,,,,,,,,,,,,,,,,strong,weak,very_weak,,,very_weak,,,,,,,strong,weak,very_weak,,,,,,,,weak,very_weak,,,very_weak,strong,weak,very_weak,,,,,,,,,,,,,,weak,very_weak,,,very_weak,,,,,,,strong,weak,very_weak,66.145,67.83,44.395,78.91499999999998,73.815,44.195,75.89500000000002,31.51,66.725,0.035,15.52,83.96000000000002,1.935,83.34,81.7,17.195,0.04,84.935,77.41,36.79,86.695,4.59,14.11,60.07,67.50999999999999,10103.4951106898,3922.65037741198,1688.4109090954196,11551.1730039746,5355.928296144771,6981.74878676337,10118.0448146534,987.786261876575,3444.64897363831,10.166634972491,2253.90677853078,10516.6306260615,574.688548515441,9326.99079895702,12291.4431046173,117.957127011642,17.569599147123498,13523.530392054,10342.8495348609,1730.67410639412,9008.90384404528,174.054417714921,236.059858749016,3783.3833021051705,Kelch like family member 11,Q9NVR0,619078.0,gene,55175.0,KLHL11,ENSG00000178502,virus
sp|Q9NVR0|KLH11_HUMAN,sp,Q9NVR0,KLH11,HUMAN,0151521|tr|A4ZKK7|A4ZKK7_9ADEN,151521,tr,A4ZKK7,A4ZKK7,AAAAAAA,7,13,AAAAAAA,63,69,SLDSTAAAAAAAAAMTA,7,,,,,,,,,,,,,,,,,,,,,,,,,,,,strong,weak,very_weak,,,very_weak,,,,,,,strong,weak,very_weak,,,,,,,,weak,very_weak,,,,strong,weak,very_weak,,,,,,,,,,,,,,weak,very_weak,,,very_weak,,,,,,,strong,weak,very_weak,66.145,68.335,45.46,73.78,70.845,46.98,82.63499999999998,31.51,66.725,0.035,18.045,78.265,1.935,81.41,80.73,23.75,0.04,84.11500000000002,77.64500000000002,38.605,85.68,4.59,12.26,57.97,70.345,10103.4951106898,4869.80994142031,1868.3193459923496,12507.5692437566,5651.57947463844,7386.62160489317,14361.425799483,987.786261876575,3444.64897363831,10.166634972491,2741.01948775312,10771.0153613522,574.688548515441,10757.854388738,14072.8575295082,201.6924869883269,17.569599147123498,15120.1206985219,10699.5811934169,1947.28433458904,10587.7597696945,174.054417714921,287.782898667804,4038.541311999889,Kelch like family member 11,Q9NVR0,619078.0,gene,55175.0,KLHL11,ENSG00000178502,virus
sp|Q9NVR0|KLH11_HUMAN,sp,Q9NVR0,KLH11,HUMAN,0001259|sp|Q1G9W4|YBEY_LACDA,1259,sp,Q1G9W4,YBEY,FVDEDR,381,386,FVDEDR,49,54,EMSINFVDEDRSQAIN,6,,weak,very_weak,,weak,very_weak,,,,,weak,very_weak,,,,,,,,weak,very_weak,,,,,,very_weak,,,,,,,,,,,,,,weak,very_weak,,,,,,,strong,weak,very_weak,,,,,,,,,,,,,,,,,,,,,,,,,,,,,,very_weak,strong,weak,very_weak,8.115,7.695,21.795,2.04,35.765,28.14,4.975,49.535,15.75,37.67,62.010000000000005,53.67,4.625,34.76,44.23,45.15,42.185,41.25,30.905,20.99,37.13,27.82,47.345,30.035,12.05,1185.78264626444,541.815407202719,2601.22851624416,165.888746264961,4041.77611982103,5573.00422119582,523.490284484185,4715.75650021252,1063.93895842593,4604.53145608473,16627.1154995768,6131.04194667949,1070.32394689935,5005.66167140311,8905.88220178373,1922.33112520793,3931.82861512822,7923.44364642346,5088.9410716796,1365.93497741585,3739.51132747419,3522.78336278432,4422.73765449755,2189.34657570935,Kelch like family member 11,Q9NVR0,619078.0,gene,55175.0,KLHL11,ENSG00000178502,bacteria
sp|Q9NVR0|KLH11_HUMAN,sp,Q9NVR0,KLH11,HUMAN,0001259|tr|Q1G9L9|Q1G9L9_LACDA,1259,tr,Q1G9L9,Q1G9L9,IRQMQE,685,690,IRQMQE,167,172,VIPEGIRQMQESYDYL,6,,,,,,very_weak,,,,,,,,,,,,,,,,,,,,,,,,,,,,,,,,,,,,very_weak,,,,,,,,,,,,,,,,,,,,,very_weak,,,,,,,,,,,,,,,very_weak,,,,,,very_weak,21.245,19.78,53.400000000000006,41.1,33.44,66.17999999999999,43.06,57.075,65.41,64.185,55.625,67.015,15.425,54.365,46.965,46.83,58.865,46.0,18.0,42.315,42.935,25.635,44.86,13.43,47.265,3527.28389188354,1000.5001642017,6513.02483037108,6068.3450340806,3305.96524587882,16859.1740479894,6041.74629071641,6735.33092807909,6509.22058965763,5996.03013922661,14083.6725121133,7424.60175587978,1970.62022633247,5591.06271843721,7787.20350798581,2138.03285158398,4586.43263622577,8024.73249796655,2052.50942559647,4490.38764013027,3368.21114077016,2414.85958628,4250.60411131553,895.928956586699,Kelch like family member 11,Q9NVR0,619078.0,gene,55175.0,KLHL11,ENSG00000178502,bacteria
sp|Q9NVR0|KLH11_HUMAN,sp,Q9NVR0,KLH11,HUMAN,0001259|tr|Q1GBH5|Q1GBH5_LACDA,1259,tr,Q1GBH5,Q1GBH5,AAAASL,13,18,AAAASL,278,283,SNVQIAAAASLEGKSF,6,,,,,weak,very_weak,strong,weak,very_weak,,,,,weak,very_weak,,,very_weak,,,very_weak,,weak,very_weak,,weak,very_weak,strong,weak,very_weak,,weak,very_weak,,,,,weak,very_weak,strong,weak,very_weak,,,,,,,,weak,very_weak,strong,weak,very_weak,strong,weak,very_weak,,,,,,very_weak,strong,weak,very_weak,,,,strong,weak,very_weak,strong,weak,very_weak,,weak,very_weak,,weak,very_weak,strong,weak,very_weak,32.04,5.09,1.9250000000000005,28.875,5.065,12.185,19.5,3.415,8.785,0.62,2.875,41.29,1.975,34.325,31.590000000000003,1.835,0.535,48.120000000000005,10.44,0.7,42.165,1.2899999999999998,0.87,4.555,8.835,6092.48947969619,324.222337958875,160.872291492593,4302.56659712148,243.702850831016,2558.38315789114,2850.97152193812,123.538659644833,243.536788354124,35.20885322235,981.224573876639,4117.4751537199,761.890223121715,2969.34736853054,4852.34815541813,21.510776457232,53.8971433817352,6101.19705521136,1220.27400771525,80.6793044201241,2938.72801518725,232.385291437579,59.5788761524794,258.240048112899,Kelch like family member 11,Q9NVR0,619078.0,gene,55175.0,KLHL11,ENSG00000178502,bacteria
sp|Q9NVR0|KLH11_HUMAN,sp,Q9NVR0,KLH11,HUMAN,0001259|tr|Q1GAI7|Q1GAI7_LACDA,1259,tr,Q1GAI7,Q1GAI7,GSGTVD,42,47,GSGTVD,157,162,KKIAKGSGTVDLMQIN,6,,,,,,,,,,,,,,,,,,,,,,,,,,,,,,very_weak,,,,,,,,,,,,very_weak,,,,,,,,,,,,,,,,,,,,,,,,,,,,,,,,,,,,,,,,,,very_weak,52.63,63.63,63.97500000000001,64.91,67.795,58.015,72.82,25.39,61.36,14.54,58.29,75.56,19.43,70.055,78.41,46.19,22.74,69.74000000000001,71.75,53.260000000000005,66.485,40.815,20.28,47.43,70.715,4507.71725369183,3865.89530971205,3512.39312004987,5524.97345792321,4374.76387396806,8982.62417627103,8294.14876561689,545.302940758466,2054.44240486176,362.766888254898,9063.75324667738,5786.46850693245,1581.29096402601,5038.15444523708,10103.2764779014,516.390835118181,804.504022109273,7643.70636389523,7691.40894246217,2644.96310966273,4137.52684619736,1236.46180756071,415.284736206235,2548.93370250764,Kelch like family member 11,Q9NVR0,619078.0,gene,55175.0,KLHL11,ENSG00000178502,bacteria
sp|Q9NVR0|KLH11_HUMAN,sp,Q9NVR0,KLH11,HUMAN,0001259|tr|Q1GB67|Q1GB67_LACDA,1259,tr,Q1GB67,Q1GB67,PEAEDF,66,71,PEAEDF,89,94,DDLTLPEAEDFLKKGR,6,,,,,,,,,,,,,,,,,,,,,,,,,,,,,,,,,,,,,,,,,,,,,,,,,,weak,very_weak,,,,,,,,,,,,,,,,,,,,,,,,,,,,,,,,weak,very_weak,48.695,63.38,88.48,52.165,79.03999999999999,87.79499999999999,67.74,59.725,79.19,55.760000000000005,61.75,40.965,22.56,40.92,31.675,79.57499999999999,80.0,40.5,75.20500000000001,79.845,31.035,78.1,56.025,79.41,81.155,6495.85295319634,5909.91567553323,12035.869645186,7171.23854200076,8314.00522425493,20516.7469913913,9286.81211585547,7056.78361337128,10410.550270851,6264.88973446534,11973.1348245591,2878.40213188961,1701.26562724786,2775.09814411056,3835.10757212615,3944.86789201972,7695.32124609317,4011.0629671904,10721.1355548918,8101.94242637969,1788.33335210601,6103.83817067207,5034.93928044414,8522.66922630071,Kelch like family member 11,Q9NVR0,619078.0,gene,55175.0,KLHL11,ENSG00000178502,bacteria
sp|Q9NVR0|KLH11_HUMAN,sp,Q9NVR0,KLH11,HUMAN,0001259|tr|Q1G9I8|Q1G9I8_LACDA,1259,tr,Q1G9I8,Q1G9I8,ALKAAD,221,226,ALKAAD,21,26,DEKADALKAADAKLAR,6,,,,,,very_weak,,,very_weak,,,,,,very_weak,,,very_weak,,,very_weak,,weak,very_weak,,,very_weak,strong,weak,very_weak,,,very_weak,,,,,weak,very_weak,,,very_weak,,,,,,,,,,,weak,very_weak,,weak,very_weak,,,,,,,,,very_weak,,,,strong,weak,very_weak,,weak,very_weak,,,,,,very_weak,strong,weak,very_weak,44.64,19.385,10.11,36.77,15.72,18.015,13.634999999999998,8.775,19.905,1.475,14.24,50.73,17.9,53.775,44.28,2.01,2.03,62.325,25.845,13.614999999999998,55.925,1.93,2.0700000000000003,31.085,17.875,8896.54021686172,940.579357992966,540.691009582666,4620.30152303427,831.576808431749,3578.91292220927,838.434011104655,319.71805695043,835.156489348855,67.419066990997,3725.77996753086,7895.11780097488,2471.82752393418,7229.51226004662,7308.15868097927,22.4716637049297,165.700390935553,11606.9237137866,2972.62620086397,735.421236351709,5785.52945854231,218.793982541736,96.0485351718154,1724.15122664686,Kelch like family member 11,Q9NVR0,619078.0,gene,55175.0,KLHL11,ENSG00000178502,bacteria
sp|Q9NVR0|KLH11_HUMAN,sp,Q9NVR0,KLH11,HUMAN,0001259|tr|Q1G886|Q1G886_LACDA,1259,tr,Q1G886,Q1G886,AAVAAA,4,9,AAVAAA,835,840,QADVNAAVAAALQK,6,,,,,,,,,,,,,,,,,,very_weak,,,,,,very_weak,,,very_weak,strong,weak,very_weak,,weak,very_weak,,,,,,,strong,weak,very_weak,,,,,,,,weak,very_weak,,weak,very_weak,strong,weak,very_weak,,,,,,,,,,,,,strong,weak,very_weak,,weak,very_weak,,,,,,,strong,weak,very_weak,23.585,44.38,28.74,35.86,28.44,12.245,45.915,10.91,17.84,0.3399999999999999,5.65,42.83,0.99,43.89,48.395,7.255,0.325,40.895,29.315,32.86,44.555,1.6749999999999998,3.985,40.355,47.135,4905.45298528997,4445.28586726244,2002.40865008335,7526.10669877196,3076.65165299134,2497.7983181466,9724.3543670997,600.405381092952,697.748919082515,33.514957554178,2047.78463265459,6645.28207212564,664.000630596047,7117.05285295556,9786.62999044929,115.955249765282,58.4070131813129,10199.491853546,5198.01350031343,2702.64725076019,5694.60778064573,526.654685410373,208.01108752904,3796.50532329214,Kelch like family member 11,Q9NVR0,619078.0,gene,55175.0,KLHL11,ENSG00000178502,bacteria
sp|Q9NVR0|KLH11_HUMAN,sp,Q9NVR0,KLH11,HUMAN,0001259|tr|Q1G8H2|Q1G8H2_LACDA,1259,tr,Q1G8H2,Q1G8H2,VAAAAA,6,11,VAAAAA,9,14,VKRIMVAAAAAVMALT,6,,,,,weak,very_weak,,,very_weak,,weak,very_weak,,weak,very_weak,,weak,very_weak,,weak,very_weak,strong,weak,very_weak,,weak,very_weak,strong,weak,very_weak,strong,weak,very_weak,,,,,weak,very_weak,,weak,very_weak,,,,,,,,weak,very_weak,strong,weak,very_weak,,weak,very_weak,,,,,weak,very_weak,,,very_weak,,,,,,,strong,weak,very_weak,,,very_weak,,,very_weak,strong,weak,very_weak,20.86,9.88,13.3,8.725000000000001,5.89,4.77,9.075,1.97,9.805,0.76,0.365,27.41,7.025,24.175,26.055,1.485,3.54,25.005000000000003,4.5,12.925,35.795,20.215,1.055,18.0,16.945,1232.4815115319,103.011019130601,74.5117418128221,591.884867335929,50.2906953668764,141.495316792956,425.030954736416,18.4446163539568,25.0882715385899,13.7089777948201,65.2912511590044,900.6427839364,996.093221016959,743.630698228325,1574.41095990426,5.38578500837874,31.7331784639232,1669.50037816325,167.993015166353,125.54370823551,1243.3708338198,108.624410545774,14.7334655573041,187.535913751855,Kelch like family member 11,Q9NVR0,619078.0,gene,55175.0,KLHL11,ENSG00000178502,bacteria
sp|Q9NVR0|KLH11_HUMAN,sp,Q9NVR0,KLH11,HUMAN,0001259|sp|Q1GBL1|RL16_LACDA,1259,sp,Q1GBL1,RL16,IGGVSE,364,369,IGGVSE,107,112,KIMFEIGGVSEETARE,6,,,,,,,,,,,,,,,,,,,,,,,,,,,,,weak,very_weak,,,,,,,,,,strong,weak,very_weak,,,,,,,,weak,very_weak,,,,,,very_weak,,,,,,,,,very_weak,,,,,,very_weak,,,very_weak,,weak,very_weak,,,,strong,weak,very_weak,24.865,35.305,35.42,37.7,43.105,26.39,57.945,32.29,54.2,2.53,39.1,55.63,1.68,45.605,56.655,22.175,15.67,50.605,48.34,13.43,50.33,10.325,14.364999999999998,6.01,39.835,2514.39288154646,1156.5879502016,2163.56099889869,5376.88913975264,1590.59140370632,6205.11942091394,6733.07218849899,1861.43879966712,2651.66818610512,92.6906299001381,6954.30594816028,3943.1609575813,330.967289353665,2646.02218447267,5186.16011033956,135.133195098883,973.989602409699,5258.99663325428,3883.37704778539,767.85701797762,2335.1295492762,749.600467359254,645.050992931776,356.394281406775,Kelch like family member 11,Q9NVR0,619078.0,gene,55175.0,KLHL11,ENSG00000178502,bacteria
sp|Q9NVR0|KLH11_HUMAN,sp,Q9NVR0,KLH11,HUMAN,0001259|sp|Q1G9L7|RL19_LACDA,1259,sp,Q1G9L7,RL19,VRKIAS,577,582,VRKIAS,61,66,GATYTVRKIASGVGVE,6,,,,,,very_weak,strong,weak,very_weak,,,,,,,,,,,,,,,very_weak,,,very_weak,,,,,weak,very_weak,,,,,,very_weak,,,,,,,,,,,,,,,very_weak,,,,,,,,,,,,very_weak,,,,strong,weak,very_weak,,,,,,,,weak,very_weak,strong,weak,very_weak,69.295,15.98,0.735,56.17,22.235,22.585,45.2,19.67,14.99,35.92,5.645,33.335,53.125,43.955,35.495000000000005,17.155,29.97,46.43,26.37,12.75,54.85,0.335,22.94,22.565,3.445,10662.599780471,530.021693734405,153.15593370507,8448.39413924811,509.112168224215,3903.51333306104,4710.65691555124,364.616363765187,812.508245991087,877.784324666373,1185.19261746318,5566.49576825182,4489.07603675728,5382.76820306428,5320.69522076314,97.4765480250186,1593.00260794002,8199.21201649372,1554.10135942191,650.123855692863,5104.43681720915,90.6965785126322,383.496628023454,956.755616106856,Kelch like family member 11,Q9NVR0,619078.0,gene,55175.0,KLHL11,ENSG00000178502,bacteria
sp|Q9NVR0|KLH11_HUMAN,sp,Q9NVR0,KLH11,HUMAN,0001259|tr|Q1G8L8|Q1G8L8_LACDA,1259,tr,Q1G8L8,Q1G8L8,AAAVAA,3,8,AAAVAA,101,106,GEAGNAAAVAASEIGR,6,,,,,,,,,,,,,,,,,,,,,,,,,,,,strong,weak,very_weak,,,,,,,,,,strong,weak,very_weak,,,,,,,,weak,very_weak,,,,strong,weak,very_weak,,,,,,,,,,,,,,weak,very_weak,,,,,,,,,,strong,weak,very_weak,42.58,71.14,54.755,66.81,68.405,54.5,74.47,21.93,69.23,0.36,30.03,68.935,0.48,71.17999999999999,71.87,36.825,0.135,68.655,60.765,47.84,70.75,2.43,23.16,48.815000000000005,70.955,8088.97894786758,9094.79570927697,5963.74439151971,12961.2421395737,10414.155369981,11562.9272066189,13693.4440847568,1667.55064616593,8792.61515522896,19.1223248336685,8271.83336752341,11746.2731009716,334.336128361359,12129.4731642372,15954.2446016247,1275.90140936154,39.8705698910998,16136.0067813716,12522.5998007613,5088.72083158914,9180.01646980582,460.162263284564,1196.8937588355,5373.80665599692,Kelch like family member 11,Q9NVR0,619078.0,gene,55175.0,KLHL11,ENSG00000178502,bacteria
sp|Q9NVR0|KLH11_HUMAN,sp,Q9NVR0,KLH11,HUMAN,0644875|tr|A0A934PBA1|A0A934PBA1_9STRE,644875,tr,A0A934PBA1,A0A934PBA1,EELFKL,286,291,EELFKL,133,138,LKLSKEELFKLAVYTL,6,,,very_weak,,,,,,,,,,,,,,,,,,,,,,,,,,,,,,,,,very_weak,,,,,,,,,very_weak,,,very_weak,,,,,,,,,,,,very_weak,,weak,very_weak,,,,,,,,,,,,,,,,,,,,weak,very_weak,18.11,27.22,47.535,46.905,30.305,70.56,39.345,41.575,53.155,82.16499999999999,43.895,14.885,57.49,11.32,15.510000000000002,27.075,65.74,15.34,9.035,58.6,23.055000000000003,39.71,49.025,47.685,41.665,539.387997199598,313.795957722647,1352.55197665113,2025.28726181196,255.193039041216,7775.41662328545,1702.00207927691,449.124256990533,1196.51826412082,4981.45663590054,2671.56759117534,173.216520355242,3526.55884224894,95.8419521051663,290.806552368068,75.3671563003693,2008.11482241605,264.752837214284,213.102567672243,1402.3700243517,159.266817808007,625.280825958617,558.215269302596,660.93999317112,Kelch like family member 11,Q9NVR0,619078.0,gene,55175.0,KLHL11,ENSG00000178502,bacteria
sp|Q9NVR0|KLH11_HUMAN,sp,Q9NVR0,KLH11,HUMAN,0644875|tr|A0A934P9A6|A0A934P9A6_9STRE,644875,tr,A0A934P9A6,A0A934P9A6,DDVFII,609,614,DDVFII,97,102,SFEKVDDVFIIKTSKA,6,,,,,,very_weak,,,very_weak,,weak,very_weak,,,very_weak,,,,,,,,,very_weak,,,,,,,,,,,,,,,,,,,,,very_weak,,,,,,,,,,,,,,,,,,very_weak,,weak,very_weak,,,,,weak,very_weak,,,,,weak,very_weak,,,,,weak,very_weak,25.24,19.445,18.115,7.23,17.515,39.965,27.255,19.785,32.75,46.515,35.875,32.995,30.38,15.85,25.16,24.335,20.15,32.385,15.665,7.01,22.105,2.995,32.885,7.89,20.325,1219.85158183363,547.182390305047,382.961735443867,277.130530572761,301.390517767481,4490.72774800046,1334.00690543156,297.695835148399,762.830560029197,2265.4467766654,4517.14018156971,1123.88453144371,2323.00837193863,560.175587353922,1596.34989114138,102.647203174,966.138727630205,1743.45441084008,840.23212716448,161.035991362157,618.79287480061,252.903349841387,541.95025740036,176.51800593508,Kelch like family member 11,Q9NVR0,619078.0,gene,55175.0,KLHL11,ENSG00000178502,bacteria
sp|Q9NVR0|KLH11_HUMAN,sp,Q9NVR0,KLH11,HUMAN,0644875|tr|A0A934PA73|A0A934PA73_9STRE,644875,tr,A0A934PA73,A0A934PA73,DTVEAV,152,157,DTVEAV,115,120,NLTALDTVEAVLDGLN,6,,,very_weak,,,,,,,,weak,very_weak,,,,,,,,,,,,,,,,,,,,,,,,,,,,strong,weak,very_weak,,,,,,,,weak,very_weak,,,very_weak,,,,,,,,,,,,,,,,,,,,,,,weak,very_weak,,,,strong,weak,very_weak,18.23,37.345,39.315,9.755,48.555,55.835,24.53,33.76,57.15,27.74,48.7,61.86,1.83,42.52,60.645,16.990000000000002,30.635,47.995000000000005,31.980000000000004,21.245,36.49,42.005,44.405,9.785,53.4,1475.11407172253,1061.97229752518,1099.78972260054,660.439596998209,2064.49200825037,9128.51210848826,1711.69761508505,1810.88088043772,2186.90804556874,1532.46115650106,8448.66837295315,4826.58613119421,488.852952766439,2333.41212143686,7623.22346150667,98.3122483441385,869.804980955428,4937.08160690707,1723.38654397614,518.91683588324,2182.32245903507,1633.21332166742,1652.23117208189,350.952864513153,Kelch like family member 11,Q9NVR0,619078.0,gene,55175.0,KLHL11,ENSG00000178502,bacteria
sp|Q9NVR0|KLH11_HUMAN,sp,Q9NVR0,KLH11,HUMAN,0644875|tr|A0A934PAG2|A0A934PAG2_9STRE,644875,tr,A0A934PAG2,A0A934PAG2,VKLVAD,319,324,VKLVAD,1154,1159,PKEITVKLVADGVDTG,6,,,,,,very_weak,,weak,very_weak,,weak,very_weak,,,,,,,,weak,very_weak,,,,,,,,,,,,,,,,,,,,weak,very_weak,,,,,,,,,very_weak,,,very_weak,,,,,,,,,very_weak,,,,,,,,weak,very_weak,,,,,,very_weak,,,very_weak,,weak,very_weak,20.44,11.4,6.94,9.185,33.379999999999995,39.7,8.52,40.235,37.92,38.67,22.5,32.625,3.75,33.6,27.825000000000003,16.575,22.505,38.295,19.63,24.98,30.96,4.4,43.085,10.33,17.185000000000002,3763.01159683786,702.490940102881,695.07399114485,921.93934390411,2780.68859362864,8453.24024543751,842.170769910725,2610.9565884921,2208.04493186334,2805.37817445407,5789.66241168465,5608.69423193618,1080.27135823125,4231.01142205865,4616.15416260292,277.463563007467,1653.33990397084,8212.52986920525,2375.88071602586,1540.9908032423,3089.19369465753,1036.10611124761,2220.93553327526,712.094997680911,Kelch like family member 11,Q9NVR0,619078.0,gene,55175.0,KLHL11,ENSG00000178502,bacteria
sp|Q9NVR0|KLH11_HUMAN,sp,Q9NVR0,KLH11,HUMAN,0644875|tr|A0A934P9I9|A0A934P9I9_9STRE,644875,tr,A0A934P9I9,A0A934P9I9,ALKAAD,221,226,ALKAAD,56,61,QDVNEALKAADAVVIA,6,,,very_weak,,,,,,,,,very_weak,,,very_weak,,weak,very_weak,,,,strong,weak,very_weak,,weak,very_weak,,weak,very_weak,,weak,very_weak,,,,,,very_weak,,weak,very_weak,,,,,,,,weak,very_weak,,weak,very_weak,strong,weak,very_weak,,,,,,very_weak,,,,,,,,weak,very_weak,strong,weak,very_weak,,,,,,,strong,weak,very_weak,14.63,31.18,26.785,11.16,13.885,7.545,22.67,0.76,7.77,2.415,4.28,31.29,7.154999999999999,34.615,43.57,2.205,0.515,33.895,10.445,24.78,34.34,6.484999999999999,0.555,25.995,37.495000000000005,1856.95291445116,1063.42106325144,929.240004168956,1154.00044567871,559.41847749744,982.914071260443,1977.8401460048,31.6992054128564,51.6981155754207,74.7539949266693,973.231136568061,2123.3707428633,860.696015634022,2234.79587101254,5061.10146480238,21.7871724853088,51.3141480393315,3712.78188098239,912.94598317621,915.11180236525,2043.97724551041,190.379734201029,39.3179414850666,959.10838181187,Kelch like family member 11,Q9NVR0,619078.0,gene,55175.0,KLHL11,ENSG00000178502,bacteria
sp|Q9NVR0|KLH11_HUMAN,sp,Q9NVR0,KLH11,HUMAN,0644875|tr|A0A934PAH5|A0A934PAH5_9STRE,644875,tr,A0A934PAH5,A0A934PAH5,EFLKKK,194,199,EFLKKK,36,41,KSVFTEFLKKKSTLIM,6,,,,,,,,weak,very_weak,,,,,,very_weak,,,very_weak,,,,,weak,very_weak,,weak,very_weak,,,,,,,,weak,very_weak,,,very_weak,,,,,,very_weak,,weak,very_weak,,,,,weak,very_weak,,,,,,very_weak,,,,,,,,,,,,,,,very_weak,,,,strong,weak,very_weak,strong,weak,very_weak,76.255,43.22,5.88,23.49,15.73,14.565,41.615,4.365,4.545,83.74000000000001,29.520000000000003,8.91,92.435,18.415,7.0,8.965,81.985,17.73,26.135,35.45,20.195,23.49,16.08,40.41,1.205,9719.83115899054,359.037758055813,114.191026029949,2156.03633575425,131.114861055755,617.782724751966,2196.01310160056,27.7813812776233,72.6599193554263,5458.89751994426,2511.72818753182,181.202931371677,14011.3250406571,294.763158311003,242.899949062532,17.1819549880342,5231.35863922611,445.653529328778,667.364207837529,497.879449897475,303.255019092855,293.160139950093,156.701137432884,676.546590799532,Kelch like family member 11,Q9NVR0,619078.0,gene,55175.0,KLHL11,ENSG00000178502,bacteria
sp|Q9NVR0|KLH11_HUMAN,sp,Q9NVR0,KLH11,HUMAN,0644875|tr|A0A934P997|A0A934P997_9STRE,644875,tr,A0A934P997,A0A934P997,SAGLAA,33,38,SAGLAA,246,251,GLGFESAGLAAAHAIH,6,,,,,,,,weak,very_weak,,,,,,,,,very_weak,,,,,,,,,,strong,weak,very_weak,,weak,very_weak,,,very_weak,,,very_weak,,weak,very_weak,,,very_weak,,,,,,very_weak,,weak,very_weak,strong,weak,very_weak,,,,,,,,weak,very_weak,,,,,weak,very_weak,,weak,very_weak,,,very_weak,,,very_weak,strong,weak,very_weak,39.605,22.09,7.62,39.04,51.725,15.85,66.82,20.31,44.55,1.3,6.15,14.505,5.83,16.965,33.05,8.615,1.32,21.64,55.61,6.495,27.225,5.195,4.19,13.405,15.58,2969.50801127668,1080.99627573906,366.110653196843,4885.43126101234,2074.45609543195,2252.37093542903,7950.23657426459,435.82563647058,1860.69375567068,18.905082591199,1334.35335822684,1004.2418338861,767.242468875037,963.205781174855,4434.71710928189,38.7654222837654,54.9594894315499,2433.50840813647,4673.29324127523,223.331158917838,1424.06711791559,104.207141953131,99.6336767542762,499.325246402652,Kelch like family member 11,Q9NVR0,619078.0,gene,55175.0,KLHL11,ENSG00000178502,bacteria
sp|Q9NVR0|KLH11_HUMAN,sp,Q9NVR0,KLH11,HUMAN,0644875|tr|A0A934PB99|A0A934PB99_9STRE,644875,tr,A0A934PB99,A0A934PB99,LENEEA,571,576,LENEEA,111,116,WAQLGLENEEAEQILR,6,,,very_weak,,,,,,,,weak,very_weak,,,,,,,,,very_weak,,,,,,,,,,,,,,,,,,,,weak,very_weak,,,,,,,,weak,very_weak,,,,,,,,,,,,,,,,,,very_weak,,,,,,,,,,,,,,weak,very_weak,15.06,41.97,80.755,8.385,52.225,45.985,18.965,38.115,43.235,56.370000000000005,42.39,33.53,7.8,24.76,47.05,23.72,43.150000000000006,26.575,38.93,39.54,19.36,71.86500000000001,44.55,47.385000000000005,81.515,1393.34073802349,3777.94281354887,10791.662705579,1230.18999406096,7731.20717907212,13493.8597036603,2789.12556878086,4294.24170712109,3142.52622233052,4923.37221748569,10254.4866378328,2838.10663991688,846.418573687704,2182.34607140796,7629.82484512806,807.084700738135,2465.55052036583,3848.20080111342,6803.00495258127,3607.40976710297,1441.66312288684,5104.3815886333,4004.77507317899,3242.6936663034,Kelch like family member 11,Q9NVR0,619078.0,gene,55175.0,KLHL11,ENSG00000178502,bacteria
sp|Q9NVR0|KLH11_HUMAN,sp,Q9NVR0,KLH11,HUMAN,0644875|tr|A0A934PAQ6|A0A934PAQ6_9STRE,644875,tr,A0A934PAQ6,A0A934PAQ6,LFETVL,266,271,LFETVL,94,99,QLWFLLFETVLLLFVG,6,,,,,,,,,,,,,,,,,,,,,,,,,,,,,,,,,,,,,,,,,,,,,,,,,,,,,,,,,,,,very_weak,,,,,,,,,,,,,,,,,,,,,,,,very_weak,33.45,72.68,83.315,54.445,39.46,68.725,72.6,44.45,71.005,95.0,56.010000000000005,32.005,69.25,21.095,41.625,43.59,84.58500000000001,18.43,61.735,64.03999999999999,31.14,62.775,63.26,51.34,76.0,1568.03586030045,3368.32047243784,7288.96926294852,5924.32059734069,1123.33745647205,9986.65950535265,8045.94598937531,1224.40033395597,3354.75407502867,24253.1792204051,4634.47055531114,292.735409608243,7815.2267406263,230.989006069141,1290.03255029281,420.115947767083,6217.14877094628,324.531190186316,4623.10184705021,3039.49465280559,426.149919074475,2716.3966253438,2446.76204005154,1788.31400284032,Kelch like family member 11,Q9NVR0,619078.0,gene,55175.0,KLHL11,ENSG00000178502,bacteria
sp|Q9NVR0|KLH11_HUMAN,sp,Q9NVR0,KLH11,HUMAN,0644875|tr|A0A934P827|A0A934P827_9STRE,644875,tr,A0A934P827,A0A934P827,EVKGKL,450,455,EVKGKL,117,122,WMERLEVKGKLTDKIK,6,,,,,,very_weak,,,very_weak,,,,,,,,,,,,,,,,,,very_weak,,,,,,,,,,,,,,,,,,,,,,,,,,,,,,,,,,,,,,,,,,,,,,,,,,,,,,very_weak,,,very_weak,79.75,13.86,19.39,61.7,33.73,52.97,29.07,59.790000000000006,19.215,80.79499999999999,22.355,35.37,84.63999999999999,59.205,35.730000000000004,60.95,69.125,54.3,38.745000000000005,56.005,45.765,33.265,50.650000000000006,46.845,11.89,17617.2293097352,793.413235859231,1757.9260777739,10264.1439430806,2264.68704349777,13261.5517269868,4353.60956474062,3388.31471216091,1751.3194346195,7997.16933050729,5598.20557619159,5706.141336228,14913.1288505323,6754.08581202772,5305.51875822034,1155.29972356443,9624.18277903949,10020.8628310338,4328.20015048262,4786.38641103079,5146.24971394012,2072.79581871122,3304.4990088722,4550.44813747486,Kelch like family member 11,Q9NVR0,619078.0,gene,55175.0,KLHL11,ENSG00000178502,bacteria
sp|Q9NVR0|KLH11_HUMAN,sp,Q9NVR0,KLH11,HUMAN,0644875|tr|A0A934PAG0|A0A934PAG0_9STRE,644875,tr,A0A934PAG0,A0A934PAG0,SVLAAA,113,118,SVLAAA,119,124,IENGGSVLAAALPGKI,6,,,,,,,,,,,,,,,,,,,,,,,,very_weak,,,,,weak,very_weak,,,very_weak,,,,,,very_weak,,,very_weak,,,,,,,,,very_weak,,,very_weak,strong,weak,very_weak,,,,,,,,,,,,,,,very_weak,,weak,very_weak,,,,,,,strong,weak,very_weak,58.075,29.71,24.145,53.78,47.325,35.905,47.285,11.0,34.965,3.8,13.43,53.625,11.555,53.265,53.845,16.8,0.095,64.315,39.825,29.555,57.555,16.145,3.985,42.72,35.31,5815.84350395578,805.514384423807,663.239527134924,4469.64133444315,1211.3943840939,3417.84462198552,4384.4306694202,79.026548717341,359.659849802094,29.3339709869183,1337.25843493188,2764.10047124765,882.660503613458,2948.63334722948,4521.00291415827,53.6150539306509,16.5676359466507,5629.18234884572,1884.13322691601,1066.72841200629,2887.19805978649,205.461123597319,33.2847599999352,1477.95776168565,Kelch like family member 11,Q9NVR0,619078.0,gene,55175.0,KLHL11,ENSG00000178502,bacteria
sp|Q9NVR0|KLH11_HUMAN,sp,Q9NVR0,KLH11,HUMAN,0644875|tr|A0A934P9K7|A0A934P9K7_9STRE,644875,tr,A0A934P9K7,A0A934P9K7,LSQLAL,217,222,LSQLAL,377,382,YQLFELSQLALLEEKE,6,,,very_weak,,,,,,,,,very_weak,,,,,,very_weak,,,,,weak,very_weak,,,,,,,,weak,very_weak,,weak,very_weak,,,,,weak,very_weak,strong,weak,very_weak,,weak,very_weak,,,very_weak,,,very_weak,,,,strong,weak,very_weak,,,very_weak,,,,strong,weak,very_weak,,,,,weak,very_weak,,,,,,,strong,weak,very_weak,13.355,26.995,32.625,12.739999999999998,40.285,15.805,33.695,6.215,27.840000000000003,32.47,5.485,2.8,4.0600000000000005,1.35,5.545,14.025,27.12,1.34,15.12,27.29,1.91,31.42,3.19,20.145,29.33,394.211987292885,276.714053596733,732.27696766906,634.261505180505,481.759108247545,868.80797650844,1845.83536871754,44.348221833547,301.410084274065,1219.45569037931,276.115904073049,33.3539775461209,503.63338052516,26.8993326906931,232.086275456183,31.0747018388807,454.093582474698,29.2794311772906,474.686020874311,367.662777351599,50.4301868122581,609.463849467468,50.4405551033192,182.276573819581,Kelch like family member 11,Q9NVR0,619078.0,gene,55175.0,KLHL11,ENSG00000178502,bacteria
sp|Q9NVR0|KLH11_HUMAN,sp,Q9NVR0,KLH11,HUMAN,0283361|tr|A0A3R6ME18|A0A3R6ME18_9BACT,283361,tr,A0A3R6ME18,A0A3R6ME18,DSEEVL,261,266,DSEEVL,316,321,VSLGKDSEEVLVVLSD,6,,,,,,,,,,,,very_weak,,,,,,,,,very_weak,,,,,,,,,,,,,,,,,,,,,very_weak,,,,,,,,,,,,,,weak,very_weak,,,,,,,,,,,,very_weak,,,,,,,,,,,,,,weak,very_weak,43.365,76.785,78.47999999999999,12.05,80.365,78.385,19.81,68.245,73.23,48.96,21.07,43.15,18.96,33.025000000000006,27.795,77.12,9.335,32.82,69.64,70.48,18.635,59.260000000000005,70.67,52.72,79.645,3310.65441352359,5126.90906254793,7567.91496762206,737.692508437103,7931.76381238359,15424.9888102353,1335.72561707547,4163.70856840831,4511.66955794416,2825.33037938573,5468.17845805375,2535.59297118357,950.22526222509,1268.66061890063,3590.27677749576,2510.96736520585,475.549653138619,2863.33701291598,7998.12119073985,5400.61928761372,950.801185378395,4243.80295029011,3800.77977173629,3460.03862908449,Kelch like family member 11,Q9NVR0,619078.0,gene,55175.0,KLHL11,ENSG00000178502,bacteria
sp|Q9NVR0|KLH11_HUMAN,sp,Q9NVR0,KLH11,HUMAN,0283361|tr|A0A3R6MC67|A0A3R6MC67_9BACT,283361,tr,A0A3R6MC67,A0A3R6MC67,LPLIDN,540,545,LPLIDN,378,383,SLGLGLPLIDNRSLIN,6,,,,,,,,,,,,very_weak,,,,,weak,very_weak,,weak,very_weak,,,,,,very_weak,,,,,,,,,,,,,,,,,,,,,,,,,,,,,,,,,,,,,,,,,,,,,,,,,,,,,,,,weak,very_weak,44.865,44.715,54.41,14.435,35.875,5.45,5.565,56.99,17.335,41.41,66.515,64.255,60.71,66.42,66.94,55.74,51.565,69.485,47.565,34.925,66.015,48.685,60.73,38.03,57.3,2491.34753822796,600.139093784025,1990.76486763989,739.394564552556,688.487317201883,175.028882191963,324.995020260211,1126.39232255931,98.016979385403,832.197866124644,7559.64928543897,3232.36002489203,3799.5051540824,2358.20927569291,4992.46402366826,241.098513298996,1500.72690012828,4958.2805681822,1833.11757644618,706.615029259797,2446.17969406235,766.628411622617,1039.44096681958,910.164668255835,Kelch like family member 11,Q9NVR0,619078.0,gene,55175.0,KLHL11,ENSG00000178502,bacteria
sp|Q9NVR0|KLH11_HUMAN,sp,Q9NVR0,KLH11,HUMAN,0283361|tr|A0A3R6IPU7|A0A3R6IPU7_9BACT,283361,tr,A0A3R6IPU7,A0A3R6IPU7,EEAVRK,574,579,EEAVRK,99,104,PVEMFEEAVRKVVKLN,6,,,,,,,,weak,very_weak,,,,,,,,,,,,very_weak,,,,,,very_weak,,,,,,very_weak,,,very_weak,,,very_weak,,,,,,very_weak,,,very_weak,,,,,,very_weak,,,,,,,,,,,,,,,,,,very_weak,,,very_weak,,,,,weak,very_weak,,weak,very_weak,33.45,29.230000000000004,7.1,21.215,21.775,23.075000000000003,18.59,21.205,10.95,54.105,18.445,18.525,65.655,15.305,13.9,17.82,46.77,21.985,21.92,31.735,21.675,13.635,18.355,40.035,3.385,2792.05434427943,731.176488063007,540.345960474552,2041.67853948648,816.597600263548,3505.6350398659,1474.04511194484,659.019110605156,606.274008374513,2741.93901587246,2855.72590130401,1191.54439692273,4464.03503212114,929.069098983356,1314.81956178556,156.10208847073,2321.12405392311,2275.86358429609,1669.80748801364,1226.33603251411,1032.36858224089,442.109157244654,523.156212245945,1638.31050894283,Kelch like family member 11,Q9NVR0,619078.0,gene,55175.0,KLHL11,ENSG00000178502,bacteria
sp|Q9NVR0|KLH11_HUMAN,sp,Q9NVR0,KLH11,HUMAN,0283361|tr|A0A416A8T6|A0A416A8T6_9BACT,283361,tr,A0A416A8T6,A0A416A8T6,LLIRLK,184,189,LLIRLK,7,12,RIKEDLLIRLKAGEEK,6,,,,,,,,,very_weak,,,very_weak,,,,,,,,weak,very_weak,,,,,,very_weak,,,,,,,,,,,,very_weak,,,,,,,,,very_weak,,,,,,,,,,,,,,,very_weak,,,,,,,,,very_weak,,,,,,very_weak,,weak,very_weak,,weak,very_weak,45.575,23.78,13.55,11.975,40.505,45.845,9.355,65.69,15.66,79.94999999999999,39.75,31.975,45.620000000000005,26.595,17.21,25.87,20.14,34.865,18.855,48.25,28.6,12.89,45.78,11.614999999999998,8.135,6130.31228844175,569.039460149013,863.830723671632,375.283016424076,1449.95406423143,5704.78323582163,184.066191578711,3102.59242434186,644.207049139238,6891.68556176149,4905.87761097661,1400.61102184221,4214.56317881479,563.77520095315,1068.86577693842,476.538585613415,1345.37102514671,1742.96402127556,1202.30616178935,1930.77328311853,806.508562957923,830.21929869352,2462.83099688066,639.173438978791,Kelch like family member 11,Q9NVR0,619078.0,gene,55175.0,KLHL11,ENSG00000178502,bacteria
sp|Q9NVR0|KLH11_HUMAN,sp,Q9NVR0,KLH11,HUMAN,0283361|tr|A0A416AG75|A0A416AG75_9BACT,283361,tr,A0A416AG75,A0A416AG75,AAAAVA,2,7,AAAAVA,35,40,YGIEPAAAAVAVAGPA,6,,,,,,,,,very_weak,,,,,,very_weak,,,very_weak,,,,,,very_weak,,,,strong,weak,very_weak,,,very_weak,,,,,,,strong,weak,very_weak,,,,,,,,weak,very_weak,,weak,very_weak,strong,weak,very_weak,,,,,,,,,very_weak,,,,strong,weak,very_weak,,weak,very_weak,,,,,,,strong,weak,very_weak,43.645,26.98,10.25,57.65,19.885,15.27,42.540000000000006,17.785,23.85,0.0,11.37,65.855,0.78,61.31,67.50999999999999,3.06,0.12,70.07499999999999,36.35,10.18,72.675,0.7,3.795,30.62,28.88,8332.55676389546,1718.30351653075,540.252425795154,7866.63786878236,1309.31142188119,2839.73461393504,6892.20754709692,767.582901508817,954.718466889353,9.63749839888434,2644.44803736156,8713.91302438199,565.736680415638,9013.87640732201,12472.9729231338,29.3171542948296,30.8275584899071,12937.0036981107,5113.83436599507,521.895457007271,8832.18459706341,184.940563050521,147.242870507386,1697.31265370614,Kelch like family member 11,Q9NVR0,619078.0,gene,55175.0,KLHL11,ENSG00000178502,bacteria
sp|Q9NVR0|KLH11_HUMAN,sp,Q9NVR0,KLH11,HUMAN,0283361|tr|A0A3R6LR08|A0A3R6LR08_9BACT,283361,tr,A0A3R6LR08,A0A3R6LR08,AEERER,278,283,AEERER,464,469,LPEMPAEERERREKMQ,6,,,,,,,,,,,,,,,,,,,,,very_weak,,,,,,,,,,,,,,,,,,,,,,,,,,,,,,,,,,,,,,,,,,,,,,,,,,,,,,,,,,,,,,,very_weak,88.085,68.72,95.0,77.38,89.51499999999999,89.065,17.225,95.0,80.145,95.0,85.53,91.83,78.895,89.42500000000001,76.25999999999999,94.595,95.0,91.09,79.11,95.0,88.68,76.59,95.0,95.0,76.38499999999999,23632.0036995362,6928.91990752198,32901.3595750519,15678.0522883174,16178.8375890852,26653.1407934677,2749.42534468689,33038.6998148159,15973.071432641,22354.3443733171,26219.5210925704,21812.9332820146,11352.6784830824,19147.0063096195,18485.4159747382,12219.5730914184,30994.5209344409,22490.2022120476,17666.4765595733,31478.4872261614,14979.2699992589,12002.8377934154,30994.1855824105,31806.1254399789,Kelch like family member 11,Q9NVR0,619078.0,gene,55175.0,KLHL11,ENSG00000178502,bacteria
sp|Q9NVR0|KLH11_HUMAN,sp,Q9NVR0,KLH11,HUMAN,0283361|tr|A0A3R6IJJ4|A0A3R6IJJ4_9BACT,283361,tr,A0A3R6IJJ4,A0A3R6IJJ4,AGLAAE,34,39,AGLAAE,19,24,VFCGEAGLAAEISGGY,6,,,,,,,,,,,,,,,,,,,,,,,,,,,,,weak,very_weak,,,,,,,,,,,,,,,,,,,,,very_weak,,,,,,very_weak,,,,,,,,,,,,,,,very_weak,,,,,,,,,,,weak,very_weak,65.91499999999999,76.03999999999999,74.83,41.555,78.8,65.97,52.55,63.05,72.615,6.65,51.385,72.77,20.79,72.37,73.845,27.51,11.005,68.885,30.87,40.57,67.72,15.425,54.37,53.635,72.535,6459.96719498686,4812.45453698547,5010.05056644604,4195.0458363339,5569.20669941243,8605.41488796685,6498.24303820915,2518.17724569509,4932.48978454702,82.8062596653588,8863.96832577082,6074.98013175974,969.112061083761,5238.21198343588,9186.87250498101,131.234080457522,392.450107782016,7971.59813089991,2969.41162458613,777.866422438178,4376.42087682602,677.821485142832,1111.92222900652,1769.47114745789,Kelch like family member 11,Q9NVR0,619078.0,gene,55175.0,KLHL11,ENSG00000178502,bacteria
sp|Q9NVR0|KLH11_HUMAN,sp,Q9NVR0,KLH11,HUMAN,0283361|tr|A0A416A1E8|A0A416A1E8_9BACT,283361,tr,A0A416A1E8,A0A416A1E8,LVADAV,321,326,LVADAV,408,413,NTAKTLVADAVQNVEV,6,,weak,very_weak,,,very_weak,,,,strong,weak,very_weak,,,,,weak,very_weak,strong,weak,very_weak,,,,,weak,very_weak,,,very_weak,,,very_weak,,,very_weak,,,,strong,weak,very_weak,,,very_weak,,,,strong,weak,very_weak,,,very_weak,,,very_weak,,,very_weak,,,very_weak,,weak,very_weak,,,very_weak,,,very_weak,,,,,,very_weak,,,,strong,weak,very_weak,9.7,11.82,29.465,0.245,24.78,2.21,0.435,21.48,3.155,13.06,11.05,16.965,1.985,13.195,26.235,16.295,13.43,14.66,18.425,3.435,16.045,14.22,20.74,16.405,39.03,1557.95677614901,686.011170360761,1495.53987456071,26.9721923909219,1633.77889176427,315.020614234502,55.0916602914367,949.546943490045,53.2600511992115,529.139282644806,2822.09187533696,1307.10331826912,525.698242743519,1011.83288957885,4753.66540452798,216.198367138885,542.443038958107,2030.72902296483,1910.88418625381,205.172331054125,1213.91354742061,872.623455556506,801.697358001596,810.620343509904,Kelch like family member 11,Q9NVR0,619078.0,gene,55175.0,KLHL11,ENSG00000178502,bacteria
sp|Q9NVR0|KLH11_HUMAN,sp,Q9NVR0,KLH11,HUMAN,0283361|tr|A0A3R6M9J0|A0A3R6M9J0_9BACT,283361,tr,A0A3R6M9J0,A0A3R6M9J0,GSAGLA,32,37,GSAGLA,331,336,TLMFVGSAGLALIYAI,6,,,,,,,,,,,weak,very_weak,,,very_weak,,weak,very_weak,,,,strong,weak,very_weak,,,very_weak,,,very_weak,,,very_weak,,,very_weak,,,very_weak,,,,,weak,very_weak,,,,,,,,weak,very_weak,,,very_weak,,weak,very_weak,,,,,,,,,,,,,,weak,very_weak,,,,,,,strong,weak,very_weak,35.5,54.435,35.025,6.835,19.455,6.92,39.965,1.26,12.065,13.45,11.165,13.335,33.14,9.74,39.985,3.345,13.25,8.44,40.145,21.225,23.335,43.405,2.51,22.995,30.35,1224.82433503793,727.270928172176,528.595670952792,318.792313153753,124.732684518074,182.689228370618,1807.14241872041,10.9519650057463,46.4768673893434,52.5650437250186,462.128118864816,140.169641289114,1793.4876983276,137.808681959077,1359.72712010963,7.96270068607758,105.286067370391,220.452614886218,924.466521640178,250.520334606604,314.870677986581,400.813873257669,24.0933169430028,245.810816682182,Kelch like family member 11,Q9NVR0,619078.0,gene,55175.0,KLHL11,ENSG00000178502,bacteria
sp|Q9NVR0|KLH11_HUMAN,sp,Q9NVR0,KLH11,HUMAN,0283361|tr|A0A415ZQ24|A0A415ZQ24_9BACT,283361,tr,A0A415ZQ24,A0A415ZQ24,SQVSDE,582,587,SQVSDE,176,181,MMVDKSQVSDEVYEML,6,,,,,,,,,,,,very_weak,,,,,,,,,,,,,,,,,,,,,,,,,,,,,weak,very_weak,,,,,,,,weak,very_weak,,,,,,,,,very_weak,,,,,,,,,very_weak,,,,,,,,,,,,,,weak,very_weak,26.255,28.42,70.425,10.185,74.6,61.61,30.18,68.92500000000001,67.09,40.595,65.02,28.47,8.48,23.27,46.1,63.4,57.77,11.085,65.765,46.94,15.085,58.175,66.18,51.120000000000005,77.695,3076.65165299134,2172.52183803163,6751.30942980581,1240.0389628387,8007.29947018748,8317.24425999021,1541.57447501033,6622.88694446128,3515.85312477778,4118.76731131114,12644.0435436037,917.143822993904,1170.43562024184,853.444331062746,4415.13556199017,2993.86507223636,4596.16929684173,634.549798572364,8412.18229671782,2283.85587098546,596.610619620498,4034.17406290046,5090.97874444661,3959.06399599475,Kelch like family member 11,Q9NVR0,619078.0,gene,55175.0,KLHL11,ENSG00000178502,bacteria
sp|Q9NVR0|KLH11_HUMAN,sp,Q9NVR0,KLH11,HUMAN,0283361|tr|A0A3R6KZK9|A0A3R6KZK9_9BACT,283361,tr,A0A3R6KZK9,A0A3R6KZK9,AVAAAA,5,10,AVAAAA,683,688,LFGIYAVAAAASRRRR,6,,,very_weak,,weak,very_weak,strong,weak,very_weak,,weak,very_weak,,weak,very_weak,strong,weak,very_weak,,weak,very_weak,,weak,very_weak,,weak,very_weak,strong,weak,very_weak,strong,weak,very_weak,,,very_weak,strong,weak,very_weak,,weak,very_weak,,,very_weak,,weak,very_weak,,weak,very_weak,strong,weak,very_weak,strong,weak,very_weak,,,very_weak,,weak,very_weak,strong,weak,very_weak,,,very_weak,strong,weak,very_weak,strong,weak,very_weak,,weak,very_weak,,weak,very_weak,strong,weak,very_weak,11.425,3.49,0.88,9.935,2.58,1.32,4.82,3.36,2.565,0.835,0.155,16.310000000000002,3.54,12.295,2.53,1.01,1.235,19.18,4.945,1.24,11.9,0.61,1.045,2.97,2.305,973.178487266623,94.8916283975594,26.5305113447343,1221.4628649429,42.6766350231702,105.755309593622,180.410635469368,45.6752469913328,77.3297990865054,21.4738023191962,77.9632446592923,892.417025576608,874.561130120591,764.325935820776,664.762607464823,6.55918906942315,39.9482958852872,1767.88280206858,295.433666895789,34.5705207652381,827.358728567651,78.4947947816081,22.7116985620637,66.6682881896382,Kelch like family member 11,Q9NVR0,619078.0,gene,55175.0,KLHL11,ENSG00000178502,bacteria
sp|Q9NVR0|KLH11_HUMAN,sp,Q9NVR0,KLH11,HUMAN,0283361|tr|A0A415ZW67|A0A415ZW67_9BACT,283361,tr,A0A415ZW67,A0A415ZW67,KALAIE,495,500,KALAIE,89,94,DSVRQKALAIESPLSY,6,,,,,,,,,,,weak,very_weak,,,,,,,,weak,very_weak,,,,,,,,,,strong,weak,very_weak,,,,,,,,,,,,,,,,,,,,,,,,very_weak,,,,,weak,very_weak,,,very_weak,,,very_weak,,,,,,,,,very_weak,,,,strong,weak,very_weak,39.495,22.165,32.870000000000005,8.365,40.465,38.225,7.300000000000001,30.985,27.9,38.86,0.875,37.41,28.205,24.23,21.635,31.505,13.32,23.205,6.455,17.84,14.34,22.485,30.05,18.085,39.205,2662.42015861819,300.960375834797,807.565129936267,359.321453831207,711.340336270555,3053.76798473965,298.780061762967,424.883820507025,400.228843801528,1037.22776177897,363.895130545401,1124.67522124558,1581.42784369102,572.863360242784,1569.95416819622,106.081923880358,541.493075378365,1143.72056030012,347.10473738239,294.613300632854,512.61100450671,312.731673007937,355.566181936442,269.553895250934,Kelch like family member 11,Q9NVR0,619078.0,gene,55175.0,KLHL11,ENSG00000178502,bacteria
sp|Q9NVR0|KLH11_HUMAN,sp,Q9NVR0,KLH11,HUMAN,0283361|tr|A0A3R6L062|A0A3R6L062_9BACT,283361,tr,A0A3R6L062,A0A3R6L062,IQDEEF,236,241,IQDEEF,172,177,INLTSIQDEEFVKRMS,6,,weak,very_weak,,,,,,,,,,,,,,,,,,very_weak,,,,,,,,,,,,,,,very_weak,,,,strong,weak,very_weak,,,very_weak,,,very_weak,strong,weak,very_weak,,,,,,,,weak,very_weak,,,very_weak,,,,,weak,very_weak,,,,,,,,,,,,,strong,weak,very_weak,2.665,30.770000000000003,74.075,21.55,42.29,69.515,15.47,44.585,50.175,37.24,56.71,12.989999999999998,1.63,11.02,11.595,65.05000000000001,38.085,8.985,17.53,42.495000000000005,8.015,47.885000000000005,52.755,30.275,59.725,399.50199952705,1474.02916318983,7281.48093417758,1997.88565193035,3122.29278282268,13347.6351719415,1188.51856750749,3613.54290051712,3606.94142102169,3563.72707509723,9663.93877710338,761.173377519116,523.801899878918,651.264394719698,1689.05041828549,2412.53529172853,1765.28329351949,915.815065238731,1962.74697705297,3315.17088034382,490.208885597812,2678.22419725719,3574.42386675163,1793.09963753139,Kelch like family member 11,Q9NVR0,619078.0,gene,55175.0,KLHL11,ENSG00000178502,bacteria
sp|Q9NVR0|KLH11_HUMAN,sp,Q9NVR0,KLH11,HUMAN,0283361|tr|A0A416AAN2|A0A416AAN2_9BACT,283361,tr,A0A416AAN2,A0A416AAN2,AAAAVAA,2,8,AAAAVAA,89,95,YSNSIAAAAVAAHECGH,7,,,,,,very_weak,,,very_weak,,,,,,,,,,,,,,,,,,,strong,weak,very_weak,,weak,very_weak,,,,,,,strong,weak,very_weak,,,,,,,,weak,very_weak,,,very_weak,strong,weak,very_weak,,,,,,,,weak,very_weak,,,,,weak,very_weak,,weak,very_weak,,,very_weak,,,,strong,weak,very_weak,49.370000000000005,13.44,10.18,63.795,42.975,20.935,33.975,23.94,41.19,0.345,7.81,66.335,0.54,52.435,59.005,17.395,0.195,69.73500000000001,43.52,8.515,64.49000000000001,4.235,6.390000000000001,17.035,33.474999999999994,6606.42605610137,681.616349804809,387.676894270645,7261.34013430687,2053.88676473097,2094.52877424445,4660.26592147867,416.765662479834,1380.28647073912,14.6118599556691,1406.24456675702,6689.50355345306,462.068121274443,5720.6066093771,8442.6372871976,61.7599568790578,20.9539442338588,10379.6203511343,4128.22575463159,349.063151590172,5437.79348558335,82.0695059279672,138.119171560577,752.110809303804,Kelch like family member 11,Q9NVR0,619078.0,gene,55175.0,KLHL11,ENSG00000178502,bacteria
sp|Q9NVR0|KLH11_HUMAN,sp,Q9NVR0,KLH11,HUMAN,0283361|tr|A0A3R6QYU5|A0A3R6QYU5_9BACT,283361,tr,A0A3R6QYU5,A0A3R6QYU5,ELADRF,178,183,ELADRF,668,673,LVHISELADRFVSDPT,6,,weak,very_weak,,,,,,,,,,,,very_weak,,,,,,,,,,,,,,,,,,,,,,,,,,,,,,,,,,,,very_weak,,,,,,,,,very_weak,,weak,very_weak,,,,,,very_weak,,,,,,,,,,,,,,weak,very_weak,2.75,27.11,42.35,20.12,14.079999999999998,47.93,24.090000000000003,37.485,38.995,36.63,35.07,21.82,27.335,25.01,26.505000000000003,21.205,34.815,13.95,9.615,32.44,12.355,29.005,42.575,27.445,34.605,471.670537163966,723.487986304584,2111.02357937313,1087.36597288319,841.952107878257,7587.59246418879,1115.00637086903,1819.40438209351,1615.39285673692,1934.66283585131,4817.56007303197,1150.07404140107,1652.85697769175,868.986600752094,2347.08540783231,414.355666235348,1508.05160683747,1177.63809574271,1002.7651889244,1764.92043131555,667.826494774887,1133.86344027985,1515.96964469374,1121.17607978527,Kelch like family member 11,Q9NVR0,619078.0,gene,55175.0,KLHL11,ENSG00000178502,bacteria
sp|Q9NVR0|KLH11_HUMAN,sp,Q9NVR0,KLH11,HUMAN,0283361|tr|A0A3R6LUV6|A0A3R6LUV6_9BACT,283361,tr,A0A3R6LUV6,A0A3R6LUV6,GGVSEG,365,370,GGVSEG,412,417,ITTRRGGVSEGAYASF,6,,,,,,,,,,,,,,,,,,,,,,,,,,,,,weak,very_weak,,,,,,,,,,,,,,,,,,,,,,,,,,,,,,,,,,,,,,,,,,very_weak,,,,,,,,,,,weak,very_weak,71.015,75.02000000000001,70.85,79.185,79.98,71.8,87.4,67.27,80.86,7.075,22.395,68.78999999999999,48.370000000000005,83.00999999999999,69.575,56.28,33.285,73.72,78.19,59.19,74.31,16.78,62.895,76.995,72.725,13652.9083530195,6166.76834359779,6156.30171457836,10932.5740587441,7800.020928845,14338.7571422179,15248.9257751868,4493.54677580137,7767.34450100516,105.743867722603,7091.45634957831,7616.7926116848,3742.99256564785,12278.0183815979,14539.9791066777,945.548569334033,1841.66603496886,11703.5210631746,11821.6251769589,3837.39047707273,8512.90020990637,768.688271864528,2501.72010920837,7182.42038505433,Kelch like family member 11,Q9NVR0,619078.0,gene,55175.0,KLHL11,ENSG00000178502,bacteria
sp|Q9NVR0|KLH11_HUMAN,sp,Q9NVR0,KLH11,HUMAN,0283361|tr|A0A416AAJ8|A0A416AAJ8_9BACT,283361,tr,A0A416AAJ8,A0A416AAJ8,GKLYSI,453,458,GKLYSI,269,274,KRAKTGKLYSIKVEPE,6,,,very_weak,,,,,,,,,,,,,,,,,,,,,,,,,,,very_weak,,,,,,,,,,strong,weak,very_weak,,,,,,,strong,weak,very_weak,,,very_weak,,,very_weak,,,,,,very_weak,,,,,,very_weak,,weak,very_weak,,,,,weak,very_weak,,,,strong,weak,very_weak,14.225,25.880000000000003,38.535,42.67,34.17,49.695,48.325,26.16,49.545,10.935,25.555,31.55,0.03,22.65,31.825,12.64,17.08,25.435,16.185,24.815,10.755,5.640000000000001,23.365,4.029999999999999,43.80500000000001,1464.12655542875,1027.27649226869,2104.75169286075,5008.58717402909,1197.8913339619,9132.36489191935,5725.43651139365,710.040808695142,3117.80293952689,302.089175718988,3932.16896196886,1568.37521302334,212.759291794599,1152.25372489718,2631.14824331362,91.3080281792562,766.188915928344,2161.47857842585,1542.2751729568,1146.57030936234,611.901996691983,362.951412862124,613.732025528206,174.985330816105,Kelch like family member 11,Q9NVR0,619078.0,gene,55175.0,KLHL11,ENSG00000178502,bacteria
sp|Q9NVR0|KLH11_HUMAN,sp,Q9NVR0,KLH11,HUMAN,0283361|tr|A0A3R6NDS9|A0A3R6NDS9_9BACT,283361,tr,A0A3R6NDS9,A0A3R6NDS9,EPDTVE,150,155,EPDTVE,51,56,PDILREPDTVEGLRSL,6,,,,,,,,,,,,,,,,,,,,,,,,,,,,,,,,,,,,,,,,,,,,,,,,,,,,,,,,,,,,,,,,,,,,,,,,,,,,,,very_weak,,,,,,very_weak,52.870000000000005,41.865,78.89,27.785,78.53999999999999,60.84,38.17,72.995,75.16999999999999,41.305,28.66,69.66,31.68,57.695,47.755,66.71,65.235,54.54,75.575,24.905,48.38,47.945,74.95500000000001,15.005,78.73,7804.4951199253,4363.84337856296,8699.970364918,3390.40502306539,8036.81036781358,14903.1280869379,4589.26208713768,6348.89089228039,7022.05247006206,2518.77673167016,8759.76027737595,8003.8347317986,2957.38789294709,5687.83422900692,9361.97316533834,2078.09539910551,6030.90455098174,9360.85899242923,10427.2343227697,2162.55463525896,4218.2584496217,2297.93483118357,5854.10203254884,1087.70721311995,Kelch like family member 11,Q9NVR0,619078.0,gene,55175.0,KLHL11,ENSG00000178502,bacteria
sp|Q9NVR0|KLH11_HUMAN,sp,Q9NVR0,KLH11,HUMAN,0283361|tr|A0A3R6JBM8|A0A3R6JBM8_9BACT,283361,tr,A0A3R6JBM8,A0A3R6JBM8,AAVAAA,4,9,AAVAAA,83,88,LQGKEAAVAAAKRANY,6,,,,,,,,,very_weak,,,,,,,,,,,,very_weak,,,,,,,,weak,very_weak,strong,weak,very_weak,,,,,weak,very_weak,,,,,,,,,,,,,,,,strong,weak,very_weak,,,,,,very_weak,,,,,,,,weak,very_weak,,,very_weak,,,,,,very_weak,strong,weak,very_weak,66.88,31.655,18.865,51.57,43.22,33.445,12.04,26.57,26.03,2.155,1.7899999999999998,57.655,26.015,54.19,27.53,20.105,1.825,59.57000000000001,11.985,41.665,49.055,2.66,15.74,54.455,16.01,14506.8225859121,1506.02968228144,896.753304574102,9075.0380629897,2486.7423531703,6344.29008944968,1526.94965504416,1361.56735751002,1748.25240350305,60.7920078939493,837.228346682525,8379.47956755319,3255.91258207957,7293.93945368634,5208.20315966894,261.521435810018,145.661474994862,10853.3727851695,1349.64288142506,2582.18828062325,5229.83060463614,309.182179874088,546.200487262842,4529.2773230141,Kelch like family member 11,Q9NVR0,619078.0,gene,55175.0,KLHL11,ENSG00000178502,bacteria
sp|Q9NVR0|KLH11_HUMAN,sp,Q9NVR0,KLH11,HUMAN,0283361|tr|A0A3R6L0Z7|A0A3R6L0Z7_9BACT,283361,tr,A0A3R6L0Z7,A0A3R6L0Z7,VKGKLY,451,456,VKGKLY,343,348,FKNFSVKGKLYISWVG,6,,,,,,,,,very_weak,,,,,,,,,,,,,,,,,weak,very_weak,,,,,,,,,very_weak,,,,,,,,,,,,,,,,,,,,,very_weak,,,,,,,,,,,,,,,,,,,,,,,weak,very_weak,,weak,very_weak,65.41,52.285,11.015,49.41,34.36,29.805,33.895,38.785,4.3,40.4,53.91,12.11,82.21000000000001,44.96,27.325,31.69,19.455,31.21,24.28,48.605,46.49,32.535000000000004,48.395,58.13,3.735,5643.57465133039,732.158131196208,384.385617400191,3854.28456026928,294.059171206936,3117.12833378956,2652.98827583412,306.663461491416,226.92147684863,554.90926671603,3534.77205727818,406.759817124851,8861.47511600284,1214.18939854246,1193.78976070416,134.141156656302,679.451563032342,1614.44931000804,529.099207974383,1517.47942190061,1211.53856987921,163.175778969957,552.076631519637,1619.24263919782,Kelch like family member 11,Q9NVR0,619078.0,gene,55175.0,KLHL11,ENSG00000178502,bacteria
sp|Q9NVR0|KLH11_HUMAN,sp,Q9NVR0,KLH11,HUMAN,0283361|tr|A0A415ZSL4|A0A415ZSL4_9BACT,283361,tr,A0A415ZSL4,A0A415ZSL4,VAAAAA,6,11,VAAAAA,228,233,LPETLVAAAAAAAKEA,6,,,,,weak,very_weak,strong,weak,very_weak,,,,,weak,very_weak,,weak,very_weak,,,very_weak,,weak,very_weak,,weak,very_weak,strong,weak,very_weak,strong,weak,very_weak,,,,strong,weak,very_weak,strong,weak,very_weak,,,,,,,,weak,very_weak,strong,weak,very_weak,strong,weak,very_weak,,,,,,very_weak,,weak,very_weak,,,,strong,weak,very_weak,strong,weak,very_weak,,,very_weak,,weak,very_weak,strong,weak,very_weak,22.915,8.965,0.47,28.17,7.53,2.285,13.265,6.055,4.404999999999999,0.055,0.46,34.075,0.395,33.105,26.595,0.5449999999999999,0.115,35.25,15.38,2.06,37.635,0.195,0.7,10.535,6.71,5111.17918894387,580.9465972275,104.894920611343,5487.20327454897,432.364105651975,379.070121845921,2229.36198889076,272.324138703762,212.766197931779,13.1949670764662,399.636020216774,5320.29225482508,460.490984983356,5393.90361367269,6041.0926225266,12.2034253116977,33.2800785907748,9031.25314472803,2229.00020021357,179.107522412328,5136.12569219769,106.392278367168,56.8538479339088,669.367351102547,Kelch like family member 11,Q9NVR0,619078.0,gene,55175.0,KLHL11,ENSG00000178502,bacteria
sp|Q9NVR0|KLH11_HUMAN,sp,Q9NVR0,KLH11,HUMAN,0283361|tr|A0A3R6IQZ7|A0A3R6IQZ7_9BACT,283361,tr,A0A3R6IQZ7,A0A3R6IQZ7,SRSGRV,133,138,SRSGRV,663,668,LFIIDSRSGRVVVRKE,6,,,,,,,,,very_weak,,weak,very_weak,,weak,very_weak,,,very_weak,strong,weak,very_weak,,weak,very_weak,,weak,very_weak,,,,,,,,,,,,,,,,,,,,,,,,,,,very_weak,,,,,,,,,very_weak,,,,,,,,,very_weak,,weak,very_weak,,,,,,very_weak,strong,weak,very_weak,57.11,35.665000000000006,18.395,7.695,6.08,13.735,1.72,3.295,5.04,20.74,23.295,28.965000000000003,47.370000000000005,46.67,38.18,13.705,21.8,49.17,14.835,29.845,47.445,16.54,5.345,38.955,19.665,5654.02595748318,206.682970332339,249.981510574687,295.347373278167,63.1082486822951,205.099086799573,31.3750448005969,17.6356875437731,17.4423157991059,227.287602663697,1781.86304633482,1395.09060991265,4167.99055705162,1483.08380668656,1910.49139510814,28.4364524904309,761.239266188124,3139.22981306742,410.553500752711,247.937015886034,1792.55649347476,93.0211693521524,51.9560635473038,501.214314186684,Kelch like family member 11,Q9NVR0,619078.0,gene,55175.0,KLHL11,ENSG00000178502,bacteria
sp|Q9NVR0|KLH11_HUMAN,sp,Q9NVR0,KLH11,HUMAN,0283361|tr|A0A416AC37|A0A416AC37_9BACT,283361,tr,A0A416AC37,A0A416AC37,MQEIHR,688,693,MQEIHR,158,163,EDRKAMQEIHRVLRPG,6,,,,,weak,very_weak,,,,,,,,,,,,,,weak,very_weak,,,,,,very_weak,,,,,,very_weak,,,,,,very_weak,,,,,,,,weak,very_weak,,,,,,,,,,,,,,,very_weak,,,,,,,,,very_weak,,,,,,,,weak,very_weak,,weak,very_weak,47.120000000000005,9.075,21.76,48.595,36.625,42.17,5.404999999999999,50.595,12.525,78.735,12.06,34.45,75.49000000000001,27.305,8.155000000000001,32.455,35.6,37.22,18.565,51.01,23.87,11.505,55.715,54.885,8.205,7821.8251281701,356.760799917966,1282.40627098634,6120.23862411239,1267.97447318524,6639.31701123434,477.498575050886,2105.04776198897,796.044463179757,6263.87304620159,3684.96741455449,3012.19055702506,7319.79161017651,2206.80297233355,1522.36364625807,524.698118141021,2421.53148863634,5248.42365673999,1511.79278327689,2818.39962938082,1822.9709582254,517.795136951869,2090.52137911224,3077.08443638132,Kelch like family member 11,Q9NVR0,619078.0,gene,55175.0,KLHL11,ENSG00000178502,bacteria
sp|Q9NVR0|KLH11_HUMAN,sp,Q9NVR0,KLH11,HUMAN,0283361|tr|A0A3R6LVN8|A0A3R6LVN8_9BACT,283361,tr,A0A3R6LVN8,A0A3R6LVN8,DEILES,586,591,DEILES,38,43,TSDQKDEILESDPSKA,6,,,,,,,,,,,,,,,,,,,,,,,,,,,,,,,,,,,,,,,,,,very_weak,,,,,,,,,,,,,,,,,,,,,,,,,,,,,,,,,,,,,,,,,,very_weak,41.67,29.525,64.895,51.005,66.98,48.505,50.18000000000001,44.945,47.01,27.225,63.44,69.045,16.895,66.72,60.195,41.945,43.715,57.665000000000006,65.72,39.35,43.39,48.53,31.97,46.98,66.83,8817.76647419276,3127.66882580865,7573.23924517807,8250.02431408104,10247.8317218974,9732.66993380929,7844.79362747405,3959.36386071281,2266.9179520578,1643.92156115446,17187.9450130748,10800.5403733783,2865.53748570001,8963.59512024707,13486.2698093557,1834.66527564727,4427.14232613862,13322.0975670768,12604.704811716,3672.03224828994,6078.07022448599,5858.28397122262,1882.78823755618,5301.78877511366,Kelch like family member 11,Q9NVR0,619078.0,gene,55175.0,KLHL11,ENSG00000178502,bacteria
sp|Q9NVR0|KLH11_HUMAN,sp,Q9NVR0,KLH11,HUMAN,0283361|tr|A0A415ZSL4|A0A415ZSL4_9BACT,283361,tr,A0A415ZSL4,A0A415ZSL4,VAAAAAA,6,12,VAAAAAA,228,234,LPETLVAAAAAAAKEAG,7,,,,,weak,very_weak,strong,weak,very_weak,,,,,weak,very_weak,,weak,very_weak,,,very_weak,,weak,very_weak,,weak,very_weak,strong,weak,very_weak,strong,weak,very_weak,,,,strong,weak,very_weak,strong,weak,very_weak,,,,,,,,weak,very_weak,strong,weak,very_weak,strong,weak,very_weak,,,,,,very_weak,,weak,very_weak,,,,strong,weak,very_weak,strong,weak,very_weak,,,very_weak,,weak,very_weak,strong,weak,very_weak,22.915,8.965,1.725,28.17,7.53,2.285,13.265,6.055,4.404999999999999,0.12,0.5,34.075,0.395,33.625,26.07,0.73,0.115,38.745000000000005,15.38,2.06,40.34,0.195,1.375,10.535,6.71,5111.17918894387,580.9465972275,104.524451061513,5487.20327454897,432.364105651975,379.070121845921,2229.36198889076,272.324138703762,212.766197931779,12.4711895841664,380.97798189532,5320.29225482508,460.490984983356,5107.97268927938,5631.68006951525,11.2160304428722,33.2800785907748,9001.40144534169,2229.00020021357,179.107522412328,5108.0832247393,106.392278367168,54.5501188633998,669.367351102547,Kelch like family member 11,Q9NVR0,619078.0,gene,55175.0,KLHL11,ENSG00000178502,bacteria
sp|Q9NVR0|KLH11_HUMAN,sp,Q9NVR0,KLH11,HUMAN,0283361|tr|A0A416A4P1|A0A416A4P1_9BACT,283361,tr,A0A416A4P1,A0A416A4P1,FLKKKL,195,200,FLKKKL,770,775,NVSKDFLKKKLSVSLG,6,,,,,,,,weak,very_weak,,,,,,very_weak,,,,,,,,,,,,very_weak,,,,,,,,,very_weak,,,,,,,,,,,,very_weak,,,,,,,,,,,,,,,,,,,,,,,weak,very_weak,,,,,,,,weak,very_weak,,weak,very_weak,86.465,32.055,2.365,54.48,14.73,27.785000000000004,30.5,33.5,16.130000000000003,84.655,27.89,10.99,94.725,32.6,19.395,25.85,71.75,37.595,26.52,41.895,47.02,7.025,46.16,56.725,9.53,15119.466327268,468.745208264528,189.221507038062,5307.70057911177,222.294523006343,2946.84728906991,1560.4198060924,224.066952005953,345.119967596188,5804.2138117865,3641.80320263245,783.364802898661,17403.3346005121,1546.90442650266,1382.85757811104,97.0041475216701,5498.49523868237,3230.22735021191,1150.77109113737,1318.7518217316,1933.78386541857,392.687968332112,581.85244544809,1711.45686956383,Kelch like family member 11,Q9NVR0,619078.0,gene,55175.0,KLHL11,ENSG00000178502,bacteria
sp|Q9NVR0|KLH11_HUMAN,sp,Q9NVR0,KLH11,HUMAN,0283361|tr|A0A3R6LKB3|A0A3R6LKB3_9BACT,283361,tr,A0A3R6LKB3,A0A3R6LKB3,VIGGVS,363,368,VIGGVS,28,33,KIRSGVIGGVSMDWYN,6,,,,,,,,,,,,,,,,,,,,,,,,,,,,,weak,very_weak,,,very_weak,,,,,,,,,very_weak,,,,,,,,,very_weak,,,,,,,,,,,,,,,,,,,,,,,,,,,,,,,,weak,very_weak,37.85,53.78,60.58,56.36,59.585,65.355,63.18,50.755,55.525000000000006,3.17,11.475,72.66,15.365,68.795,67.42,43.505,23.09,71.59,44.385000000000005,69.21000000000001,71.035,34.675,33.54,65.565,63.75,3169.67395599359,1432.73734373639,2202.34246509393,4838.61228494064,1689.74501680775,6214.59310585715,5874.40598929018,869.908509183635,1209.74402496025,29.3184231427243,2609.34683656248,5248.19651453405,1253.21684820346,4571.8663061978,8302.94803326136,198.974404102463,392.862207643329,7404.30541434936,2590.89185311548,2545.13065457739,4163.1229543485,378.766735671488,384.989140938357,2376.54917911256,Kelch like family member 11,Q9NVR0,619078.0,gene,55175.0,KLHL11,ENSG00000178502,bacteria
sp|Q9NVR0|KLH11_HUMAN,sp,Q9NVR0,KLH11,HUMAN,0283361|tr|A0A415ZSL4|A0A415ZSL4_9BACT,283361,tr,A0A415ZSL4,A0A415ZSL4,AAAAAA,7,12,AAAAAA,229,234,PETLVAAAAAAAKEAG,6,,,,,weak,very_weak,strong,weak,very_weak,,,,,weak,very_weak,,weak,very_weak,,,very_weak,,weak,very_weak,,weak,very_weak,strong,weak,very_weak,strong,weak,very_weak,,,,strong,weak,very_weak,strong,weak,very_weak,,,,,,,,weak,very_weak,strong,weak,very_weak,strong,weak,very_weak,,,,,,very_weak,,weak,very_weak,,,,strong,weak,very_weak,strong,weak,very_weak,,,very_weak,,weak,very_weak,strong,weak,very_weak,25.815,8.965,1.725,28.17,7.53,2.285,13.265,6.055,4.404999999999999,0.12,0.46,33.315,0.64,34.925000000000004,25.885,0.73,0.125,35.25,15.38,2.06,38.885000000000005,0.08,1.375,10.535,6.71,5914.84141337212,580.9465972275,104.524451061513,5487.20327454897,432.364105651975,379.070121845921,2229.36198889076,272.324138703762,212.766197931779,12.4711895841664,407.804204703148,5384.16615316688,546.637985228472,6153.10527334408,6090.05095058042,11.2160304428722,33.6151914790556,9031.25314472803,2229.00020021357,179.107522412328,5712.50401693751,92.582380815962,54.5501188633998,669.367351102547,Kelch like family member 11,Q9NVR0,619078.0,gene,55175.0,KLHL11,ENSG00000178502,bacteria
sp|Q9NVR0|KLH11_HUMAN,sp,Q9NVR0,KLH11,HUMAN,0283361|tr|A0A416AC94|A0A416AC94_9BACT,283361,tr,A0A416AC94,A0A416AC94,KDVTVY,469,474,KDVTVY,630,635,TPFSGKDVTVYSNCDE,6,,,,,,,,,,,,,,,,,,,,,,,,,,,,,,,,,,,,,,,,,,,,,,,,,,,,,,,,,,,,,,,,,,,,,,,,,,,,,,,,,,,,,42.5,82.66,44.27,58.095,43.675,66.63499999999999,74.41499999999999,66.485,54.155,27.53,78.28,58.735,22.26,71.65,62.51,69.995,42.975,72.37,77.02,65.065,68.025,32.43,59.28,43.115,60.29,4862.12323579306,8497.44017279859,4945.63590976091,7731.7090950491,3844.03938485326,14233.6476076555,11939.6292072393,4853.76589843593,5814.14474639455,910.046502568206,18468.6229265738,7138.56968980897,2464.830354394,8869.14877229635,11825.7189212405,2689.25842638043,3224.64013280557,12059.9854795612,11294.3600592622,4670.26038602266,6838.94617229488,1931.14934943707,3804.85318883293,2826.06414141016,Kelch like family member 11,Q9NVR0,619078.0,gene,55175.0,KLHL11,ENSG00000178502,bacteria
sp|Q9NVR0|KLH11_HUMAN,sp,Q9NVR0,KLH11,HUMAN,0283361|tr|A0A3R6IJC9|A0A3R6IJC9_9BACT,283361,tr,A0A3R6IJC9,A0A3R6IJC9,GSGTVD,42,47,GSGTVD,265,270,SLNLKGSGTVDLKLLD,6,,,,,,,,,,,,,,,,,,,,,very_weak,,weak,very_weak,,,,,,,,,,,,,,,,,,,,,,,,,,,,,,,,,,,,,,,,,,,,,,,,,,weak,very_weak,,,,,,,,weak,very_weak,42.61,57.175,45.830000000000005,44.655,37.075,33.845,18.755,3.98,22.26,31.565,48.59,57.95,29.53,58.615,67.295,35.28,35.685,61.575,50.14,30.37,56.67,46.02,5.25,37.11,61.38,3591.20920252319,1257.40014949991,1304.53190352064,2788.22038408943,780.859969386647,2413.91915261578,1266.28813362364,46.6678461975296,145.271144750337,721.564863811897,4304.98802470466,2579.00523176605,2106.48314860014,2272.93517355643,5927.97541485273,130.991497992769,939.75539343871,4902.58772307302,2651.23786409812,599.82100288767,2225.60225520326,674.813953304819,73.5219113379211,875.5742100921,Kelch like family member 11,Q9NVR0,619078.0,gene,55175.0,KLHL11,ENSG00000178502,bacteria
sp|Q9NVR0|KLH11_HUMAN,sp,Q9NVR0,KLH11,HUMAN,0283361|tr|A0A415ZZ94|A0A415ZZ94_9BACT,283361,tr,A0A415ZZ94,A0A415ZZ94,LLRLSQ,291,296,LLRLSQ,325,330,FDLNALLRLSQTHQPN,6,,,,,,,,weak,very_weak,,,,,,,,,,,,,,,,,,,,,,,,,,,,,,,,,,,,,,,,,,,,,,,,very_weak,,,,,,very_weak,,,very_weak,,,,,,,,,very_weak,,,,,weak,very_weak,,weak,very_weak,49.925,20.765,9.185,56.755,31.4,39.985,31.26,39.015,27.535,62.825,58.89,36.83,63.76,38.125,30.47,41.24,11.8,44.38,10.125,16.88,50.32,32.25,15.420000000000002,35.375,2.625,2884.1694815805,219.780999962314,247.789515483511,3318.68794721683,502.109912967843,1266.46625858967,2053.1313353102,513.210359063024,312.082679376211,1755.94907178057,5112.06409474708,712.649952934035,4532.51285937751,428.016778748171,1173.07266809793,179.206382773583,149.110619829365,1258.7068879561,514.333255819184,537.459716804446,968.587923991039,209.476889329728,455.668528795043,677.777483302004,Kelch like family member 11,Q9NVR0,619078.0,gene,55175.0,KLHL11,ENSG00000178502,bacteria
sp|Q9NVR0|KLH11_HUMAN,sp,Q9NVR0,KLH11,HUMAN,0283361|tr|A0A416AAN2|A0A416AAN2_9BACT,283361,tr,A0A416AAN2,A0A416AAN2,AAAVAA,3,8,AAAVAA,90,95,SNSIAAAAVAAHECGH,6,,,,,,very_weak,,weak,very_weak,,,,,,,,,,,,,,,,,,,strong,weak,very_weak,,weak,very_weak,,,,,,,strong,weak,very_weak,,,,,,,,weak,very_weak,,,very_weak,strong,weak,very_weak,,,,,,,,weak,very_weak,,,,strong,weak,very_weak,,weak,very_weak,,,,,,,strong,weak,very_weak,53.535,13.15,8.29,67.255,41.03,24.16,33.31,31.945,41.98,0.22,7.725,65.02,1.72,55.11,60.010000000000005,19.1,0.41,68.0,44.035,9.795,65.98,1.725,8.305,20.515,31.525,8431.59147623188,800.951724822409,440.514343951499,10336.920146166,2866.09562069301,4586.78001867039,5277.8075843708,1367.0586519872,2435.90562004008,16.4912692622164,1987.7516015892,9599.01591293855,533.519895513167,7775.41662328545,10506.9631252598,155.071841358996,30.594626272052,13468.770957929,5674.06571306116,573.595221375626,6795.20708255394,123.655003893769,287.705065516056,1244.24558617268,Kelch like family member 11,Q9NVR0,619078.0,gene,55175.0,KLHL11,ENSG00000178502,bacteria
sp|Q9NVR0|KLH11_HUMAN,sp,Q9NVR0,KLH11,HUMAN,0283361|tr|A0A3R6LJY8|A0A3R6LJY8_9BACT,283361,tr,A0A3R6LJY8,A0A3R6LJY8,IIGGWK,613,618,IIGGWK,214,219,GETSSIIGGWKFIEEE,6,,,very_weak,,,,,,,,,,,,,,,,,,,,,,,,,,,,,,,,,very_weak,,,,,,,,,,,,,,,,,,,,,,,,very_weak,,,,,,,,,,,,very_weak,,,,,,,,,,,,very_weak,15.94,66.645,40.495000000000005,64.685,35.995000000000005,70.11,23.255,34.584999999999994,50.105,46.010000000000005,67.6,18.02,35.46,35.35,33.86,53.405,55.28,16.115000000000002,30.27,76.36500000000001,26.8,14.625,49.84,65.465,36.115,1188.0942795148,2916.42839704814,3355.69794786243,6866.15664945094,1205.3670928088,10871.4722474837,3664.17401489897,1231.00219542254,3964.85110777411,885.175780874511,11754.2826309428,1372.66120167812,1984.44227656091,2227.5054297816,3805.47075396458,774.398227802613,1821.86674085715,1997.64788260229,2378.29835650145,4825.85507027969,1368.09443318613,818.827160479608,1141.96468750527,3186.83352671594,Kelch like family member 11,Q9NVR0,619078.0,gene,55175.0,KLHL11,ENSG00000178502,bacteria
sp|Q9NVR0|KLH11_HUMAN,sp,Q9NVR0,KLH11,HUMAN,0283361|tr|A0A3R6IG90|A0A3R6IG90_9BACT,283361,tr,A0A3R6IG90,A0A3R6IG90,AVTESY,403,408,AVTESY,912,917,FNLESAVTESYLNVTD,6,,,,,,,,,,,,,,,,,,,,,,,,,,,,,,very_weak,,,,,,very_weak,,,,,weak,very_weak,,weak,very_weak,,,,,weak,very_weak,,,,,,very_weak,,weak,very_weak,,,very_weak,,,,,weak,very_weak,,,,,,very_weak,,,,,,,,weak,very_weak,20.23,56.635,62.475,31.32,55.175,59.905,21.935,27.215,49.35,19.595,40.695,13.825,9.28,9.38,35.27,50.55,12.12,4.635,18.215,39.73,7.48,36.715,14.82,33.005,70.645,1398.76341685402,1559.77836890476,2665.10053895506,1771.8659272165,2201.67535814932,6665.80533542553,1566.50968147075,561.255480581081,1241.09935475046,441.163033488925,3955.80978335934,403.72129457518,616.127247337474,313.239638206418,2219.99855980504,434.432070336912,302.66498646871,275.754651542914,997.063669143966,899.269821002857,328.477171232948,900.477138331976,219.759599169098,650.468622680019,Kelch like family member 11,Q9NVR0,619078.0,gene,55175.0,KLHL11,ENSG00000178502,bacteria
sp|Q9NVR0|KLH11_HUMAN,sp,Q9NVR0,KLH11,HUMAN,0283361|tr|A0A3R6KZK9|A0A3R6KZK9_9BACT,283361,tr,A0A3R6KZK9,A0A3R6KZK9,NEEAVR,573,578,NEEAVR,549,554,KKIVLNEEAVRVMELS,6,,,very_weak,,weak,very_weak,,,very_weak,,weak,very_weak,,weak,very_weak,,weak,very_weak,strong,weak,very_weak,,weak,very_weak,strong,weak,very_weak,,,,,weak,very_weak,,,very_weak,,weak,very_weak,,,very_weak,,weak,very_weak,,weak,very_weak,,,very_weak,strong,weak,very_weak,,,,,,very_weak,,weak,very_weak,,,very_weak,,weak,very_weak,,,,,,very_weak,,,,,,,strong,weak,very_weak,13.67,8.4,17.63,4.105,6.225,2.915,0.905,8.545,1.03,41.335,7.705,16.66,11.765,6.710000000000001,7.24,1.155,21.065,13.09,3.2,11.575,9.0,31.16,16.615000000000002,21.895,21.3,1279.95268394993,238.558140404865,768.314096312879,282.849899393084,186.312319235705,251.980149918275,72.6174788871882,206.291994413038,24.3504102946063,1729.0270457451,1480.16619220235,629.366889554604,736.99842992724,335.140165917636,1105.70773077326,14.1815025382789,481.029906929454,889.034283255688,305.722587091385,327.373719204092,430.552813781381,621.772696132157,358.432254615468,593.616492456713,Kelch like family member 11,Q9NVR0,619078.0,gene,55175.0,KLHL11,ENSG00000178502,bacteria
sp|Q9NVR0|KLH11_HUMAN,sp,Q9NVR0,KLH11,HUMAN,0283361|tr|A0A416A150|A0A416A150_9BACT,283361,tr,A0A416A150,A0A416A150,EFLKKK,194,199,EFLKKK,282,287,REIFKEFLKKKCYTFR,6,,,,,,,,,,,,,,,,,,,,,,,,,,,very_weak,,,,,,,,,very_weak,,,very_weak,,,,,,,,,very_weak,,,,,,,,,,,,,,,,,,,,,,,,,,,,,,,,weak,very_weak,,weak,very_weak,75.445,54.815,20.2,51.265,38.77,47.59,43.125,35.0,18.425,92.8,55.965,17.39,95.0,36.53,19.765,41.935,90.825,37.02,30.45,63.53,49.14,34.620000000000005,48.045,67.475,4.3,9788.32436377336,878.41137902828,712.7810471364,4753.20252461406,519.66973327065,4688.3349033559,3220.73483171122,618.819656186979,844.607218490161,10024.4414458365,5837.5304295423,775.933070344741,28051.7800270889,1100.45629545457,587.387178762556,351.081994157516,10058.7741709444,2158.69734974137,1319.36551438083,2158.04346324727,1204.68910970881,685.11363687088,1066.77458006497,2278.10550269548,Kelch like family member 11,Q9NVR0,619078.0,gene,55175.0,KLHL11,ENSG00000178502,bacteria
sp|Q9NVR0|KLH11_HUMAN,sp,Q9NVR0,KLH11,HUMAN,0283361|tr|A0A415ZSL4|A0A415ZSL4_9BACT,283361,tr,A0A415ZSL4,A0A415ZSL4,AAAAAAA,7,13,AAAAAAA,229,235,PETLVAAAAAAAKEAGM,7,,,,,weak,very_weak,strong,weak,very_weak,,,,,weak,very_weak,,weak,very_weak,,,very_weak,,weak,very_weak,,weak,very_weak,strong,weak,very_weak,strong,weak,very_weak,,,,strong,weak,very_weak,strong,weak,very_weak,,,,,,,,weak,very_weak,strong,weak,very_weak,strong,weak,very_weak,,,,,,very_weak,,weak,very_weak,,,,strong,weak,very_weak,strong,weak,very_weak,,,very_weak,,weak,very_weak,strong,weak,very_weak,25.815,8.965,1.725,28.17,7.53,2.285,13.265,6.055,4.404999999999999,0.12,0.625,33.315,0.64,37.515,25.885,0.73,0.225,35.25,15.38,2.06,45.4,0.08,1.375,10.535,6.71,5914.84141337212,580.9465972275,104.524451061513,5487.20327454897,432.364105651975,379.070121845921,2229.36198889076,272.324138703762,212.766197931779,12.4711895841664,399.670613498984,5384.16615316688,546.637985228472,5951.2394002708,6090.05095058042,11.2160304428722,30.4127729706851,9031.25314472803,2229.00020021357,179.107522412328,5600.26538070729,92.582380815962,54.5501188633998,669.367351102547,Kelch like family member 11,Q9NVR0,619078.0,gene,55175.0,KLHL11,ENSG00000178502,bacteria
sp|Q9NVR0|KLH11_HUMAN,sp,Q9NVR0,KLH11,HUMAN,0283361|tr|A0A3R6LVP6|A0A3R6LVP6_9BACT,283361,tr,A0A3R6LVP6,A0A3R6LVP6,VFIIGG,611,616,VFIIGG,117,122,SSLMNVFIIGGGRADL,6,,,,,,,,,,,,,,weak,very_weak,,,very_weak,,,,,,very_weak,,,,,,,,,,,,,,,very_weak,,,,,,,,,,,,,,weak,very_weak,,,very_weak,,,,,,very_weak,,,,,,,,,,,weak,very_weak,,,very_weak,,,,,weak,very_weak,37.91,22.56,22.3,42.84,9.275,19.21,43.585,19.1,29.395000000000003,28.895,53.235,49.335,52.69,43.85,46.34,6.720000000000001,16.42,50.86,19.16,22.265,63.035,27.705,8.145,17.525,24.505,2904.49349829427,522.782756946207,438.744855875371,4522.61743859835,131.320724390044,2034.8639701284,3490.57128030237,350.338251704896,529.517278794789,507.292122138619,6095.8522960804,2368.77067481014,4182.7180507339,1744.45447843542,3821.89348017769,26.1245963152167,409.333739406063,3820.11575602972,886.536817769351,558.493167663874,2675.18325679401,254.798502448405,140.881212222352,447.533190556594,Kelch like family member 11,Q9NVR0,619078.0,gene,55175.0,KLHL11,ENSG00000178502,bacteria
sp|Q9NVR0|KLH11_HUMAN,sp,Q9NVR0,KLH11,HUMAN,0283361|tr|A0A3R6IMS8|A0A3R6IMS8_9BACT,283361,tr,A0A3R6IMS8,A0A3R6IMS8,SAGLAA,33,38,SAGLAA,139,144,TRVMFSAGLAAQRLGM,6,,,,,,very_weak,,,very_weak,,,,,,very_weak,,weak,very_weak,,,very_weak,,,very_weak,,,very_weak,,weak,very_weak,,weak,very_weak,,,,strong,weak,very_weak,,,very_weak,,,,,,,,,very_weak,,weak,very_weak,,weak,very_weak,,,,,,,,,very_weak,,,,,,very_weak,,weak,very_weak,,,very_weak,,,very_weak,strong,weak,very_weak,28.415,13.825,12.62,21.88,17.97,6.930000000000001,19.25,10.545,14.645,6.220000000000001,3.335,20.6,12.775,22.855,22.3,7.390000000000001,2.505,27.85,30.950000000000003,15.1,32.83,15.97,6.525,19.495,18.905,1262.74455324612,161.662719941522,128.192897703185,1808.51163878889,102.87513295677,241.81433914391,684.809780389215,57.6554453010174,115.242322679958,41.3963993757353,280.791672607897,730.425313276191,832.522080333618,451.545896419811,722.291296214566,12.6727758944566,46.7097746886324,1336.82444017834,733.236287505916,117.030385904645,610.519845450909,116.518679529389,32.7971446087593,250.577263137877,Kelch like family member 11,Q9NVR0,619078.0,gene,55175.0,KLHL11,ENSG00000178502,bacteria
sp|Q9NVR0|KLH11_HUMAN,sp,Q9NVR0,KLH11,HUMAN,0283361|tr|A0A3R6LRX3|A0A3R6LRX3_9BACT,283361,tr,A0A3R6LRX3,A0A3R6LRX3,SHVSLL,346,351,SHVSLL,599,604,LIYRASHVSLLYDTRS,6,,,very_weak,,,,,,,,weak,very_weak,,,,,weak,very_weak,,,,strong,weak,very_weak,,,very_weak,,,very_weak,,weak,very_weak,,,very_weak,,,very_weak,,,very_weak,,,very_weak,,weak,very_weak,,,,,weak,very_weak,,weak,very_weak,,,very_weak,,,,,,very_weak,,,very_weak,,,very_weak,strong,weak,very_weak,,,very_weak,,,,strong,weak,very_weak,18.91,36.865,24.0,7.699999999999999,33.125,4.905,35.175,1.6849999999999998,19.13,11.74,2.035,13.555,12.614999999999998,14.845,7.055,6.164999999999999,8.67,13.245,30.925,12.94,10.76,13.31,1.23,13.245,26.285,986.782135526567,281.75640496972,311.185777668569,304.106029324718,241.385633697397,101.881524154021,1237.82714157203,10.4276613241818,105.805668535964,151.221150382596,309.557078637416,280.099838674271,1176.87383685719,203.338046819779,582.255497907064,10.1973715471057,177.120646311814,433.033589418396,657.914818546509,87.1562817572098,265.240261741814,141.322425387004,14.3439995340767,92.3462762702127,Kelch like family member 11,Q9NVR0,619078.0,gene,55175.0,KLHL11,ENSG00000178502,bacteria
