human_id,database,protein,gene,species,pathogen_id,pathogen_species,database_pathogen,pathogen_protein,pathogen_gene,human_seq,human_start,human_end,pathogen_seq,pathogen_start,pathogen_end,extended_pathogen_seq,pathogen_length,binding_rank_strong_HLA_DQA10101_DQB10501,binding_rank_weak_HLA_DQA10101_DQB10501,binding_rank_very_weak_HLA_DQA10101_DQB10501,binding_rank_strong_DRB4_0101,binding_rank_weak_DRB4_0101,binding_rank_very_weak_DRB4_0101,binding_rank_strong_DRB1_0802,binding_rank_weak_DRB1_0802,binding_rank_very_weak_DRB1_0802,binding_rank_strong_DRB3_0101,binding_rank_weak_DRB3_0101,binding_rank_very_weak_DRB3_0101,binding_rank_strong_DRB1_1501,binding_rank_weak_DRB1_1501,binding_rank_very_weak_DRB1_1501,binding_rank_strong_DRB3_0202,binding_rank_weak_DRB3_0202,binding_rank_very_weak_DRB3_0202,binding_rank_strong_DRB1_0301,binding_rank_weak_DRB1_0301,binding_rank_very_weak_DRB1_0301,binding_rank_strong_DRB1_0701,binding_rank_weak_DRB1_0701,binding_rank_very_weak_DRB1_0701,binding_rank_strong_DRB1_1302,binding_rank_weak_DRB1_1302,binding_rank_very_weak_DRB1_1302,binding_rank_strong_HLA_DQA10501_DQB10301,binding_rank_weak_HLA_DQA10501_DQB10301,binding_rank_very_weak_HLA_DQA10501_DQB10301,binding_rank_strong_HLA_DPA10201_DPB11401,binding_rank_weak_HLA_DPA10201_DPB11401,binding_rank_very_weak_HLA_DPA10201_DPB11401,binding_rank_strong_HLA_DPA10103_DPB10201,binding_rank_weak_HLA_DPA10103_DPB10201,binding_rank_very_weak_HLA_DPA10103_DPB10201,binding_rank_strong_DRB5_0101,binding_rank_weak_DRB5_0101,binding_rank_very_weak_DRB5_0101,binding_rank_strong_HLA_DQA10301_DQB10302,binding_rank_weak_HLA_DQA10301_DQB10302,binding_rank_very_weak_HLA_DQA10301_DQB10302,binding_rank_strong_HLA_DPA10301_DPB10402,binding_rank_weak_HLA_DPA10301_DPB10402,binding_rank_very_weak_HLA_DPA10301_DPB10402,binding_rank_strong_HLA_DPA10201_DPB10501,binding_rank_weak_HLA_DPA10201_DPB10501,binding_rank_very_weak_HLA_DPA10201_DPB10501,binding_rank_strong_HLA_DQA10501_DQB10201,binding_rank_weak_HLA_DQA10501_DQB10201,binding_rank_very_weak_HLA_DQA10501_DQB10201,binding_rank_strong_DRB1_0101,binding_rank_weak_DRB1_0101,binding_rank_very_weak_DRB1_0101,binding_rank_strong_HLA_DQA10102_DQB10602,binding_rank_weak_HLA_DQA10102_DQB10602,binding_rank_very_weak_HLA_DQA10102_DQB10602,binding_rank_strong_HLA_DPA10103_DPB10401,binding_rank_weak_HLA_DPA10103_DPB10401,binding_rank_very_weak_HLA_DPA10103_DPB10401,binding_rank_strong_DRB1_1201,binding_rank_weak_DRB1_1201,binding_rank_very_weak_DRB1_1201,binding_rank_strong_DRB1_0401,binding_rank_weak_DRB1_0401,binding_rank_very_weak_DRB1_0401,binding_rank_strong_HLA_DPA10201_DPB10101,binding_rank_weak_HLA_DPA10201_DPB10101,binding_rank_very_weak_HLA_DPA10201_DPB10101,binding_rank_strong_HLA_DQA10401_DQB10402,binding_rank_weak_HLA_DQA10401_DQB10402,binding_rank_very_weak_HLA_DQA10401_DQB10402,binding_rank_strong_DRB1_0901,binding_rank_weak_DRB1_0901,binding_rank_very_weak_DRB1_0901,binding_rank_strong_DRB1_0405,binding_rank_weak_DRB1_0405,binding_rank_very_weak_DRB1_0405,binding_rank_strong_DRB1_1101,binding_rank_weak_DRB1_1101,binding_rank_very_weak_DRB1_1101,binding_rank_strong,binding_rank_weak,binding_rank_very_weak,Rank_average_HLA_DQA10101_DQB10501,Rank_average_DRB4_0101,Rank_average_DRB1_0802,Rank_average_DRB3_0101,Rank_average_DRB1_1501,Rank_average_DRB3_0202,Rank_average_DRB1_0301,Rank_average_DRB1_0701,Rank_average_DRB1_1302,Rank_average_HLA_DQA10501_DQB10301,Rank_average_HLA_DPA10201_DPB11401,Rank_average_HLA_DPA10103_DPB10201,Rank_average_HLA_DQA10301_DQB10302,Rank_average_HLA_DPA10301_DPB10402,Rank_average_HLA_DPA10201_DPB10501,Rank_average_DRB1_0101,Rank_average_HLA_DQA10102_DQB10602,Rank_average_HLA_DPA10103_DPB10401,Rank_average_DRB1_1201,Rank_average_DRB1_0401,Rank_average_HLA_DPA10201_DPB10101,Rank_average_HLA_DQA10401_DQB10402,Rank_average_DRB1_0901,Rank_average_DRB1_0405,Rank_average_DRB1_1101,nM_HLA_DQA10101_DQB10501,nM_DRB4_0101,nM_DRB1_0802,nM_DRB3_0101,nM_DRB1_1501,nM_DRB3_0202,nM_DRB1_0301,nM_DRB1_0701,nM_DRB1_1302,nM_HLA_DQA10501_DQB10301,nM_HLA_DPA10201_DPB11401,nM_HLA_DPA10103_DPB10201,nM_HLA_DQA10301_DQB10302,nM_HLA_DPA10301_DPB10402,nM_HLA_DPA10201_DPB10501,nM_DRB1_0101,nM_HLA_DQA10102_DQB10602,nM_HLA_DPA10103_DPB10401,nM_DRB1_1201,nM_DRB1_0401,nM_HLA_DPA10201_DPB10101,nM_HLA_DQA10401_DQB10402,nM_DRB1_0901,nM_DRB1_0405,Gene description,Uniprot,# MIM Number,MIM Entry Type,Entrez Gene ID,HGNC,Ensembl Gene ID,type
sp|Q9UHG2|PCS1N_HUMAN,sp,Q9UHG2,PCS1N,HUMAN,0102041|tr|B7TQ21|B7TQ21_9BETA,102041,tr,B7TQ21,B7TQ21,RRLLPP,255,260,RRLLPP,470,475,YVVNQRRLLPPGSTNE,6,,,,,,,,,,,,,,,,,,,,,,,,,,,,,,,,,very_weak,,,,,,,,,,,,,,,,,,,,,,,,,,,,,,,,,,,,,,,,,,,,,,,,,,,very_weak,79.305,22.975,31.275,64.645,51.485,38.24,36.415,69.63499999999999,31.875,67.96000000000001,14.81,67.62,84.3,67.85499999999999,43.92,40.41,58.41,66.23,45.89,51.705,67.56,29.97,70.035,63.745,22.76,13663.8441170268,263.99481419634,817.667384390661,5002.4672423029,1240.5891796831,1306.99018262081,1602.82276366771,2375.80359776973,553.1349269419492,3254.78547313988,3809.05460891323,6307.87648251491,11536.5594633626,4759.0175102046505,4666.57306613854,306.129723571461,4357.049594691571,9161.65958561865,2259.13159417674,1959.88214408899,5000.1944841172,531.020474407249,2127.23395223114,2530.49527540552,Proprotein convertase subtilisin/kexin type 1 inhibitor,Q9UHG2,300399.0,gene,27344.0,PCSK1N,ENSG00000102109,virus
sp|Q9UHG2|PCS1N_HUMAN,sp,Q9UHG2,PCS1N,HUMAN,0102041|tr|E9RH48|E9RH48_9BETA,102041,tr,E9RH48,E9RH48,LGALLR,236,241,LGALLR,204,209,NRLIYLGALLRAIWSS,6,,,,,,very_weak,,,,,,,,,very_weak,,,,,,very_weak,,,,,,,,,very_weak,,,very_weak,,weak,very_weak,,weak,very_weak,,,,,weak,very_weak,,weak,very_weak,,,,,,very_weak,,,very_weak,,weak,very_weak,,,very_weak,,,,,,very_weak,,,,,,very_weak,,,,,,,,weak,very_weak,22.83,12.97,28.35,31.255,13.93,37.63,18.995,24.13,24.47,12.88,15.69,2.54,37.74500000000001,5.28,7.345,15.515,13.535,5.215,11.72,36.085,12.365,35.62,12.925,33.805,26.085,948.0481400620572,112.886411865186,267.83863301363203,1528.48690521015,79.5188744907687,1223.36744613506,710.8479279159219,72.2976177665953,294.785484060586,82.6227944076717,612.7036192331201,36.7876041302636,2441.57874717145,55.8067887708012,255.483122659364,21.1635654767857,78.46337710856179,100.158971598272,253.190830718763,327.384345709729,126.19058776311,120.707148992402,51.607019898123,267.242319162025,Proprotein convertase subtilisin/kexin type 1 inhibitor,Q9UHG2,300399.0,gene,27344.0,PCSK1N,ENSG00000102109,virus
sp|Q9UHG2|PCS1N_HUMAN,sp,Q9UHG2,PCS1N,HUMAN,0001259|sp|Q1GBP6|ALR_LACDA,1259,sp,Q1GBP6,ALR,LRRAAD,218,223,LRRAAD,347,352,AAPNSLRRAADWLDTI,6,,weak,very_weak,,,,,,,,,,,,,,,,,,,,,,,,,,,,,,,,,,,,,,,very_weak,,,,,,,,,,,,,,,,,,,,,,,,very_weak,,,,,,,,,very_weak,,weak,very_weak,,,,,weak,very_weak,9.855,25.395,37.625,26.76,30.3,35.230000000000004,35.415,22.615,42.29,44.975,28.94,24.785,18.42,33.83,35.015,50.89,33.095,28.155,44.565,14.435,24.47,23.32,19.3,2.135,40.32,1089.94557576548,1146.88049222519,2627.84797570773,2374.44158791486,1950.82717660498,7222.86647033938,3954.48317532412,1287.18828572791,2485.61255785827,2343.43138324774,3277.82752187793,921.829623461349,2167.19247695957,1309.87820289284,2221.22391235669,1050.81676549205,2072.75096481416,1795.48754181349,4457.51930958437,820.689776702421,925.457301943349,786.779508793946,900.223856921818,152.428536711143,Proprotein convertase subtilisin/kexin type 1 inhibitor,Q9UHG2,300399.0,gene,27344.0,PCSK1N,ENSG00000102109,bacteria
sp|Q9UHG2|PCS1N_HUMAN,sp,Q9UHG2,PCS1N,HUMAN,0001259|tr|Q1GA05|Q1GA05_LACDA,1259,tr,Q1GA05,Q1GA05,DPELLR,191,196,DPELLR,63,68,THGSPDPELLREPKDI,6,,,,,,,,,,,,,,,,,,,,,,,,,,,,,,,,,,,,,,,,,,,,,,,,,,,,,,,,,,,,,,,,,,,,,,,,,,,,,,,,,,,,,73.875,88.02000000000001,95.0,46.745,92.605,95.0,21.105,95.0,95.0,79.995,93.975,89.275,67.3,91.62,88.53,91.755,95.0,89.16499999999999,83.68,95.0,87.425,73.485,95.0,79.545,91.135,14300.6429137866,14053.6851862439,33912.6371099351,9331.33119538219,19551.4643525919,35085.7225995266,3686.48280621659,29860.8162728129,31834.3570504558,8171.40319420949,28316.7775807425,17230.3984599086,7550.41224195877,18625.9531780568,21062.8726539558,11719.7408686333,26983.347184239,20783.9682826185,20365.0279010354,29524.452565961,15221.5620170061,10481.7557827379,28711.3631445006,14896.1960123477,Proprotein convertase subtilisin/kexin type 1 inhibitor,Q9UHG2,300399.0,gene,27344.0,PCSK1N,ENSG00000102109,bacteria
sp|Q9UHG2|PCS1N_HUMAN,sp,Q9UHG2,PCS1N,HUMAN,0001259|tr|Q1GB71|Q1GB71_LACDA,1259,tr,Q1GB71,Q1GB71,RALLRA,138,143,RALLRA,377,382,FRTQLRALLRASAYGK,6,,,,,weak,very_weak,strong,weak,very_weak,,,,,weak,very_weak,,,very_weak,,,very_weak,,,,,weak,very_weak,,,,,weak,very_weak,,,very_weak,,weak,very_weak,,,,,,very_weak,,weak,very_weak,,,,,,,,weak,very_weak,,,,,weak,very_weak,,,,,,,,,,,,,,,,strong,weak,very_weak,strong,weak,very_weak,43.73,9.56,0.425,53.650000000000006,9.855,19.85,10.26,32.83,7.195,42.185,4.095000000000001,17.42,56.71,18.130000000000003,3.0,20.745,2.755,23.025,4.16,21.195,20.535,22.79,30.860000000000003,28.135,0.28,4460.70358486454,52.9114063325035,32.1242360310089,4069.02458609796,106.947420435968,1031.11830004259,826.866523944399,289.04986075094,269.562644933084,630.109574925977,478.548512706968,818.968925203431,5309.19392088118,502.234881029108,384.768432877947,48.0486823113637,64.4239077233355,1319.77956136384,175.381478777485,275.27173102021,685.410212149849,157.404637108126,203.364449404763,323.840189842013,Proprotein convertase subtilisin/kexin type 1 inhibitor,Q9UHG2,300399.0,gene,27344.0,PCSK1N,ENSG00000102109,bacteria
sp|Q9UHG2|PCS1N_HUMAN,sp,Q9UHG2,PCS1N,HUMAN,0001259|sp|Q1GAM3|OBG_LACDA,1259,sp,Q1GAM3,OBG,EAQEAE,94,99,EAQEAE,341,346,LVSEVEAQEAEAAVKP,6,,,very_weak,,weak,very_weak,,,,,,,,,,,,,,,,,,,,,,,weak,very_weak,,,,,,,,,,strong,weak,very_weak,,,,,,,strong,weak,very_weak,,,very_weak,,weak,very_weak,,,,,,,,,,,,,,weak,very_weak,,,,,,,,,,strong,weak,very_weak,14.415,7.890000000000001,42.85,43.46,36.825,38.205,33.49,41.83,47.065,8.97,23.11,46.38,0.365,35.17,45.89,11.47,7.115,39.4,32.665,20.950000000000003,34.105000000000004,5.405,32.645,36.36,55.045,2767.87131728195,564.800919916737,4987.4429363937,8991.18096943514,5420.87517149713,12638.4357518763,6782.49956368149,4602.63868485991,5005.39087798074,492.638793971483,7194.78725882918,7899.39012771818,394.054203284887,5756.18301084826,10813.6365655032,234.987021503416,513.360307166483,9489.1433520154,6194.78877548181,1941.30987003729,4225.84160068268,1180.45739918173,2331.7716432498,3609.51807714056,Proprotein convertase subtilisin/kexin type 1 inhibitor,Q9UHG2,300399.0,gene,27344.0,PCSK1N,ENSG00000102109,bacteria
sp|Q9UHG2|PCS1N_HUMAN,sp,Q9UHG2,PCS1N,HUMAN,0001259|tr|Q1G8T5|Q1G8T5_LACDA,1259,tr,Q1G8T5,Q1G8T5,VPARRL,252,257,VPARRL,140,145,SMDGNVPARRLYEKNG,6,,,,,,,,,,,,,,,,,,,,,,,,,,,,,,,,,,,,,,,,,,,,,,,,,,,,,,,,,,,,,,,,,,,,,,,,,,,,,,,,,,,,,84.08500000000001,45.735,44.21,68.625,67.495,23.880000000000003,23.665,60.48,36.1,63.78,62.835,77.475,79.645,82.195,65.14,60.51,64.57,79.565,65.82499999999999,68.675,78.14,29.880000000000003,72.005,66.015,27.65,16708.2686690467,2361.88634289042,3144.43087976624,7258.43377075943,4013.58088826027,1704.58217282561,1655.30884025927,3464.38403015345,1785.24013105685,2304.5579541604,11217.6342982233,10967.7621105469,9000.5249495071,10530.4079436912,9238.50622460004,1117.57899210431,4248.76488558217,13312.2995063023,7160.771374909,4622.80173117005,7931.93545409241,1003.22097975388,3440.29110300014,4720.60621902612,Proprotein convertase subtilisin/kexin type 1 inhibitor,Q9UHG2,300399.0,gene,27344.0,PCSK1N,ENSG00000102109,bacteria
sp|Q9UHG2|PCS1N_HUMAN,sp,Q9UHG2,PCS1N,HUMAN,0001259|tr|Q1GB38|Q1GB38_LACDA,1259,tr,Q1GB38,Q1GB38,LLEAER,82,87,LLEAER,285,290,EKEGKLLEAERIKQRT,6,,,,,,very_weak,,weak,very_weak,,,,,,,,,,,weak,very_weak,,,very_weak,,,very_weak,,,,,,very_weak,,,,,weak,very_weak,,,,,,,,,very_weak,,,very_weak,,weak,very_weak,,,,,,,,weak,very_weak,,,,,,very_weak,,,very_weak,,,,,,,strong,weak,very_weak,strong,weak,very_weak,26.955,11.235,5.25,30.025,25.5,32.015,4.654999999999999,18.905,15.05,37.205,19.52,31.555,35.27,22.255000000000003,11.475,4.94,45.995000000000005,27.915,6.505,33.095,18.905,17.57,29.11,38.31,1.78,5083.822954226,459.734281019323,545.420954665186,4000.27120670717,1106.77299620708,6693.7752745423,555.245592329955,874.58951825389,1151.63053698971,2978.93686859892,3815.98471073234,2730.54091110535,3528.92534417237,1795.02135969321,2032.94941177786,46.4371576803058,3040.34982620041,4044.88222235479,774.993352378097,1944.65246665982,1321.036775348,1026.53206356866,1127.46531703583,1918.11352180468,Proprotein convertase subtilisin/kexin type 1 inhibitor,Q9UHG2,300399.0,gene,27344.0,PCSK1N,ENSG00000102109,bacteria
sp|Q9UHG2|PCS1N_HUMAN,sp,Q9UHG2,PCS1N,HUMAN,0001259|tr|Q1GA45|Q1GA45_LACDA,1259,tr,Q1GA45,Q1GA45,GLSAAS,42,47,GLSAAS,23,28,LVLFSGLSAASMTFYM,6,,,,,,,,,,,,,,,,,,,,,,,,very_weak,,,,,,very_weak,,,,,,,,,very_weak,,,very_weak,,,,,,,,,,,weak,very_weak,,,,,,,,,,,,,,,,,,,,,very_weak,,,,,,,,weak,very_weak,32.77,45.675,31.795,34.015,35.225,32.25,58.985,15.94,47.475,13.2,23.65,37.81,18.29,40.335,48.09,2.515,35.435,36.86,20.405,23.585,45.835,34.765,19.025,20.265,27.155,1042.57220646667,464.027056601537,327.95514111524,1608.677748591,169.618535148965,1249.37185263591,3376.64007166784,67.7363968249677,508.209578410158,46.5659605571997,1008.40111089682,689.277393876485,1068.98143210234,482.719168513,2000.74109226272,6.00972055408114,198.424034790417,1072.48012000834,346.110929786815,140.830919186655,892.156358285796,152.435133825787,58.2958956502058,125.97232007727,Proprotein convertase subtilisin/kexin type 1 inhibitor,Q9UHG2,300399.0,gene,27344.0,PCSK1N,ENSG00000102109,bacteria
sp|Q9UHG2|PCS1N_HUMAN,sp,Q9UHG2,PCS1N,HUMAN,0001259|tr|Q1G9E7|Q1G9E7_LACDA,1259,tr,Q1G9E7,Q1G9E7,LLLLGL,20,25,LLLLGL,187,192,FDAPSLLLLGLALFAI,6,,,,,,,,,,,,,,,,,,,,,,,,,,,,,,,,,,,,,,,,,,,,,,,,,,,,,,,,,,,,,,,,,,,,,,,,,,,,,,,,,,,,,48.315,60.795,69.155,70.13499999999999,59.375,76.05,78.26,67.32,74.57,60.21,64.37,57.17,70.185,48.095,62.23,43.735,52.475,51.995000000000005,26.53,74.48,58.595,54.685,69.315,69.985,67.33500000000001,2224.39855467941,1201.23992259439,2765.0277423303,5986.30667428708,1251.11688267747,10045.1791531662,8644.14187167524,1754.63863141086,3557.33206948553,1776.26157457409,5930.86238970021,920.036051986845,5274.49655033677,646.532304643338,3214.67704701685,164.265197872174,769.079271997224,1541.4577229735,983.46724230157,3331.17125793869,1183.01462250945,1603.44720400288,1706.6121327199,2303.16202796222,Proprotein convertase subtilisin/kexin type 1 inhibitor,Q9UHG2,300399.0,gene,27344.0,PCSK1N,ENSG00000102109,bacteria
sp|Q9UHG2|PCS1N_HUMAN,sp,Q9UHG2,PCS1N,HUMAN,0644875|tr|A0A934PAD2|A0A934PAD2_9STRE,644875,tr,A0A934PAD2,A0A934PAD2,LARALA,75,80,LARALA,144,149,QQRVALARALAISPDV,6,,weak,very_weak,,weak,very_weak,,weak,very_weak,,weak,very_weak,strong,weak,very_weak,,weak,very_weak,,weak,very_weak,strong,weak,very_weak,strong,weak,very_weak,strong,weak,very_weak,strong,weak,very_weak,,weak,very_weak,,weak,very_weak,,weak,very_weak,,weak,very_weak,,weak,very_weak,,weak,very_weak,strong,weak,very_weak,,weak,very_weak,,weak,very_weak,strong,weak,very_weak,,,very_weak,,weak,very_weak,,weak,very_weak,strong,weak,very_weak,,,very_weak,,weak,very_weak,strong,weak,very_weak,7.880000000000001,5.385,7.71,7.755000000000001,1.245,3.06,6.49,0.17,1.555,0.63,0.615,8.620000000000001,2.995,7.875,5.385,0.435,3.51,9.095,0.6799999999999999,10.03,7.59,6.12,0.105,19.775,8.315,955.400479955927,150.555060518833,184.554769934242,894.330914284005,52.5241102386334,293.658555812472,497.701712436594,12.9683660312868,23.0568502878914,32.4305119775182,157.984751808327,427.743634188437,531.09517146983,453.430785752037,1003.37295606404,7.37861657872527,83.1294289816799,870.803129519292,133.521403159667,280.512306139355,502.310963772183,134.385209832013,18.7927114953323,278.401799152499,Proprotein convertase subtilisin/kexin type 1 inhibitor,Q9UHG2,300399.0,gene,27344.0,PCSK1N,ENSG00000102109,bacteria
sp|Q9UHG2|PCS1N_HUMAN,sp,Q9UHG2,PCS1N,HUMAN,0644875|tr|A0A934UDR9|A0A934UDR9_9STRE,644875,tr,A0A934UDR9,A0A934UDR9,VGLLVL,15,20,VGLLVL,176,181,YLFVLVGLLVLLFAAI,6,,,,,,,,,,,,,,,,,,,,,,,,,,,,,,,,,,,,,,,,,,,,,,,,,,,,,,,,,,,,,,,,,,,,,,,,,,,,,,,,,,,,,60.58,74.355,84.055,77.32499999999999,73.265,75.76,79.195,70.12,76.38,93.69,63.76,51.315,87.855,50.275,59.38,60.21,80.72,47.26,40.765,86.21000000000001,59.535,64.935,79.695,79.465,76.525,3593.19140982706,2892.92043136562,7680.84734442207,9911.62952711122,3456.67095246475,9901.23254548751,9720.35700530477,2250.44651583032,4082.16549105242,10932.1009168732,5891.84720687844,670.599693192958,11366.4441701136,589.864639015814,2613.86795751366,672.525223453142,4816.67403068045,1030.2596094925,1907.76475836072,7521.3038143926,1303.79814316726,3031.12011312634,3892.9266926308,4594.18054591968,Proprotein convertase subtilisin/kexin type 1 inhibitor,Q9UHG2,300399.0,gene,27344.0,PCSK1N,ENSG00000102109,bacteria
sp|Q9UHG2|PCS1N_HUMAN,sp,Q9UHG2,PCS1N,HUMAN,0644875|tr|A0A934PA58|A0A934PA58_9STRE,644875,tr,A0A934PA58,A0A934PA58,RALLRA,138,143,RALLRA,379,384,FRTQLRALLRASVHGQ,6,,,,,,very_weak,strong,weak,very_weak,,,,,,very_weak,,,,,weak,very_weak,,,,,weak,very_weak,,,,,weak,very_weak,,,very_weak,,,very_weak,,,,,,very_weak,,weak,very_weak,,,,,,very_weak,,weak,very_weak,,,very_weak,strong,weak,very_weak,,,,,,very_weak,,,very_weak,,,,,,,strong,weak,very_weak,strong,weak,very_weak,42.81,14.675,1.875,36.67,10.935,21.355,9.82,28.535,5.73,41.31,3.375,15.335,66.33,16.185000000000002,2.88,19.95,2.645,17.095,1.235,31.98,19.935,18.965,22.495,35.004999999999995,0.99,4540.71007389592,64.0492899021147,63.9641077050451,3437.64927158838,94.4256250028382,1019.77919467693,597.637878932825,232.961793178801,179.997285068635,603.655778055536,399.091570808093,686.08539926403,5788.22180507946,473.485717581169,369.125616706117,48.4124057110823,65.1860768676344,1066.27837813227,87.2109935979368,340.207553395037,628.631881178045,77.3959259550532,226.546135878638,327.682027952071,Proprotein convertase subtilisin/kexin type 1 inhibitor,Q9UHG2,300399.0,gene,27344.0,PCSK1N,ENSG00000102109,bacteria
sp|Q9UHG2|PCS1N_HUMAN,sp,Q9UHG2,PCS1N,HUMAN,0644875|tr|A0A934PB68|A0A934PB68_9STRE,644875,tr,A0A934PB68,A0A934PB68,QERARA,88,93,QERARA,432,437,AMKEQQERARANVVKG,6,,,,,,,,,,,,,,,,,,,,,,,,very_weak,,,,,weak,very_weak,,,,,,,,,,,,,,,,,,,,,,,,,,,very_weak,,,,,,,,,,,,,,,very_weak,,,very_weak,,,,,,,,weak,very_weak,61.25,46.085,51.31,51.405,59.59,33.925,60.120000000000005,15.735,35.17,8.2,20.065,62.66,43.86,73.10499999999999,57.21,22.12,17.775,66.825,63.865,56.66499999999999,67.97,13.255,19.25,63.555,45.61,16664.9378100262,1938.87487151778,4481.94180309631,8550.655734218,5692.39009441177,7448.49889755904,7608.80284041676,834.370709142333,1896.95864321212,448.672557773316,6450.95697621445,11836.0875483191,5467.40937392262,11793.9018375437,11116.504285424,435.410866726808,1407.76691562497,14748.6519169817,8923.4369405985,5428.97528536125,9539.58545741783,1163.05066216733,872.632897199898,7507.64458743091,Proprotein convertase subtilisin/kexin type 1 inhibitor,Q9UHG2,300399.0,gene,27344.0,PCSK1N,ENSG00000102109,bacteria
sp|Q9UHG2|PCS1N_HUMAN,sp,Q9UHG2,PCS1N,HUMAN,0644875|tr|A0A934PCI6|A0A934PCI6_9STRE,644875,tr,A0A934PCI6,A0A934PCI6,LLLLGL,20,25,LLLLGL,445,450,LVQLMLLLLGLLFLYD,6,,,,,,,,,,,,,,,,,,,,,,,,,,,,,,,,,,,,,,,,,,,,,,,,,,,,,,,,,,,,,,,,,,,,,,,,,,,,,,,,,,,,,58.56,72.57,87.1,80.85499999999999,70.535,87.985,83.795,82.125,85.055,95.0,76.615,42.98,92.46,45.275,63.38,68.57000000000001,88.095,31.355,41.605,90.47,53.475,78.88,85.81,82.565,81.1,2931.58252962875,2537.70631203781,9607.22429923932,9597.25046850138,2729.3003514162,17924.4798323409,11487.4838739921,5912.79385513284,7841.653735689,27336.2718216609,11295.2155089589,819.953093979587,14034.3871128961,647.624498578775,3508.86058935667,960.479169351133,8018.22320243482,706.645611593377,1594.86517695024,10617.4716996849,993.176794207022,5828.568484443,6424.34919409441,5624.98136835206,Proprotein convertase subtilisin/kexin type 1 inhibitor,Q9UHG2,300399.0,gene,27344.0,PCSK1N,ENSG00000102109,bacteria
sp|Q9UHG2|PCS1N_HUMAN,sp,Q9UHG2,PCS1N,HUMAN,0644875|tr|A0A934UDR9|A0A934UDR9_9STRE,644875,tr,A0A934UDR9,A0A934UDR9,VGLLVLL,15,21,VGLLVLL,176,182,YLFVLVGLLVLLFAAIF,7,,,,,,,,,,,,,,,,,,,,,,,,,,,,,,,,,,,,,,,,,,,,,,,,,,,,,,,,,,,,,,,,,,,,,,,,,,,,,,,,,,,,,58.63,74.005,84.055,77.32499999999999,73.265,75.76,79.195,70.12,76.38,93.69,63.76,51.315,87.855,50.275,59.38,60.21,79.89,47.26,41.7,86.21000000000001,59.535,64.935,79.695,79.465,76.525,3124.8951204107,2820.19937685662,7680.84734442207,9911.62952711122,3456.67095246475,9901.23254548751,9720.35700530477,2250.44651583032,4082.16549105242,10932.1009168732,5891.84720687844,670.599693192958,11366.4441701136,589.864639015814,2613.86795751366,672.525223453142,4563.46471678753,1030.2596094925,1662.20061596564,7521.3038143926,1303.79814316726,3031.12011312634,3892.9266926308,4594.18054591968,Proprotein convertase subtilisin/kexin type 1 inhibitor,Q9UHG2,300399.0,gene,27344.0,PCSK1N,ENSG00000102109,bacteria
sp|Q9UHG2|PCS1N_HUMAN,sp,Q9UHG2,PCS1N,HUMAN,0644875|tr|A0A934P970|A0A934P970_9STRE,644875,tr,A0A934P970,A0A934P970,EGVLGA,233,238,EGVLGA,329,334,TAWEQEGVLGARMTGA,6,,,,,,,,,,,,,,,,,,,,,,,,,,,,,,very_weak,,,,,,,,,,,,,,,,,,,,,,,,,,weak,very_weak,,,,,,,,,very_weak,,,,,,,,,,,,,,,,,weak,very_weak,56.83,71.22,59.885,52.95,71.79,39.32,69.0,44.44,73.43,15.85,30.985,71.64,29.405,56.6,67.345,32.215,8.905,68.37,71.035,11.855,68.225,29.165,43.4,33.0,51.645,6648.73419145159,3069.76860525934,2860.08588950697,7185.91828535664,5135.2921837189,9107.99136502571,9640.96256519623,2007.39794761881,5868.87889106328,159.311628133679,7131.69883954109,7275.10222499025,1971.64393248875,5799.38020195663,10695.5301121531,259.992278583849,207.103815827857,10832.372962731,8164.24489700327,679.473617936084,5595.11728984221,367.821932979062,1006.33021173586,2196.46459512955,Proprotein convertase subtilisin/kexin type 1 inhibitor,Q9UHG2,300399.0,gene,27344.0,PCSK1N,ENSG00000102109,bacteria
sp|Q9UHG2|PCS1N_HUMAN,sp,Q9UHG2,PCS1N,HUMAN,0644875|tr|A0A934PAC4|A0A934PAC4_9STRE,644875,tr,A0A934PAC4,A0A934PAC4,AGGVGL,12,17,AGGVGL,934,939,LISLKAGGVGLNLTGA,6,,,,,,,,,,,,,,,,,,,,,,,,,,,,strong,weak,very_weak,,,very_weak,,,,,,,,,,,,,,,,,,,,,,,,very_weak,,,,,,,,,,,,,,,,,,,,,,,,,strong,weak,very_weak,81.13499999999999,46.96,34.37,82.68,54.495,42.96,66.635,48.655,57.345,1.81,19.93,71.57,38.225,72.28999999999999,70.645,29.905,16.115000000000002,73.39500000000001,54.04,42.29,70.965,35.36,26.805,55.510000000000005,46.96,11220.1834064462,1140.16216410186,582.551667349577,10284.5985574096,858.677564920394,3600.5078249963,7154.42099981424,625.219940324004,1350.50472384931,43.1259596000079,1853.6808341912,4356.48392368791,2841.60947581094,4283.9857076913,6216.94696970766,44.1337746027064,481.727834102268,7643.78906755076,1515.90403629172,1353.8697062619,4261.88675452614,254.917075151328,283.232704851518,2006.76817800558,Proprotein convertase subtilisin/kexin type 1 inhibitor,Q9UHG2,300399.0,gene,27344.0,PCSK1N,ENSG00000102109,bacteria
sp|Q9UHG2|PCS1N_HUMAN,sp,Q9UHG2,PCS1N,HUMAN,0644875|tr|A0A934P931|A0A934P931_9STRE,644875,tr,A0A934P931,A0A934P931,LVLLLL,18,23,LVLLLL,131,136,PTIFALVLLLLTIPVV,6,,,,,,,,,,,,,,,,,,,,,,,,,,,,,,,,,,,,,,,,,,,,,,,,,,,,,,,,,,,,,,,,,,,,,,,,,,,,,,,,,,,,,40.465,64.155,75.11,70.445,49.235,70.63,83.24000000000001,51.99,63.94,93.42,65.81,20.77,83.775,32.405,52.755,41.04,80.65,25.380000000000003,34.405,79.125,49.895,65.875,77.435,65.6,69.10499999999999,2175.88582704862,1559.01911323117,4162.13210280051,7495.06432661051,1202.17608196565,7796.64587936086,11157.8363256892,935.109994177132,1484.33597275176,10648.3038689588,6494.72851150928,607.666271620151,10868.1791925891,465.148017772288,2517.25104800455,298.789760122439,4794.47210477454,983.573657033501,1200.7851084801,4554.93071431965,1090.73599118149,3180.9083386826,3299.81855966214,2118.00153293686,Proprotein convertase subtilisin/kexin type 1 inhibitor,Q9UHG2,300399.0,gene,27344.0,PCSK1N,ENSG00000102109,bacteria
sp|Q9UHG2|PCS1N_HUMAN,sp,Q9UHG2,PCS1N,HUMAN,0644875|tr|A0A934PB87|A0A934PB87_9STRE,644875,tr,A0A934PB87,A0A934PB87,GLLVLL,16,21,GLLVLL,238,243,LIVGAGLLVLLALQNV,6,,,,,,,,,,,,,,,,,,,,,,,,,,,,,,,,,,,,,,,,,,,,,,,,,,,,,,,,,,,,,,,,,,,,,,,,,,,,,,,,,,,,,50.135,49.93,57.31,53.81,47.42,57.56,64.255,54.14,55.68,49.435,49.19499999999999,30.16,64.605,35.965,61.985,32.2,33.605,26.89,33.435,60.115,49.915,61.055,53.255,53.13,54.505,2450.09996608989,883.357942950587,2610.05274588642,4731.08840185014,983.829099371512,5814.77385799887,6569.0054043307,1024.04714180107,928.48624722957,646.238567270054,7021.44467996043,713.475477153152,5556.02591133153,475.287313093715,4483.73642610862,225.158135667845,411.12248318771,1093.70219903863,1443.1613544914,2593.07934032453,1117.1195921897,2466.19084453973,1210.90952146326,1568.78253323615,Proprotein convertase subtilisin/kexin type 1 inhibitor,Q9UHG2,300399.0,gene,27344.0,PCSK1N,ENSG00000102109,bacteria
sp|Q9UHG2|PCS1N_HUMAN,sp,Q9UHG2,PCS1N,HUMAN,0283361|tr|A0A415ZUQ3|A0A415ZUQ3_9BACT,283361,tr,A0A415ZUQ3,A0A415ZUQ3,LGALLR,236,241,LGALLR,69,74,ILKKELGALLRGLLKH,6,,,,,,,,,very_weak,,,,,,,,,,,,,,,,,,,,,,,,,,,,,,,,,,,,,,,,,,,,,very_weak,,weak,very_weak,,,,,weak,very_weak,,,,,,,,,,,,,,,,,weak,very_weak,,weak,very_weak,53.345,35.93,12.67,58.515,30.405,52.03,29.005000000000003,42.655,28.655,39.445,30.37,27.09,48.64,26.67,20.4,16.11,7.145,38.0,7.159999999999999,51.035,34.965,27.84,43.96,53.1,5.375,3520.61143570562,174.291866540541,276.546441237007,3978.55947180147,154.514124984947,3236.59457988781,1247.00845371704,311.384491794141,459.396158257284,649.301375468149,762.789292857821,543.829919647625,3018.06269545614,331.497700839638,395.467978068492,21.8589531136901,103.414160797647,998.931742303973,178.064105568037,690.165447062651,444.81050003595,152.464824375213,277.22949843967,748.028678451292,Proprotein convertase subtilisin/kexin type 1 inhibitor,Q9UHG2,300399.0,gene,27344.0,PCSK1N,ENSG00000102109,bacteria
sp|Q9UHG2|PCS1N_HUMAN,sp,Q9UHG2,PCS1N,HUMAN,0283361|tr|A0A416A6A0|A0A416A6A0_9BACT,283361,tr,A0A416A6A0,A0A416A6A0,LGRILA,199,204,LGRILA,248,253,NRDWELGRILAFGIPM,6,,,very_weak,,,,,,,,,very_weak,,,very_weak,,,,,,,,weak,very_weak,,,,,weak,very_weak,,,very_weak,,,,,,,,,very_weak,,,,,,,,,very_weak,,,very_weak,,,,,,,,,very_weak,,,,,,very_weak,,,,,,very_weak,,,,,,,,weak,very_weak,14.515,50.89,42.345,11.445,15.73,43.540000000000006,38.505,7.225,37.835,8.025,19.605,31.265,10.495,25.09,31.87,11.62,30.38,28.06,11.345,44.97,19.4,22.515,11.45,37.86,46.835,603.035611778592,620.522650054571,775.337224151122,873.681554876692,182.069611232437,2452.51352208342,3083.6502255319,56.5024596414475,394.749779867512,202.80852001542,707.135108979877,445.725863284085,777.050465498135,333.775894635923,1213.51958309998,37.3591973229867,542.566304343152,684.158055586046,379.83787029995,926.028232820266,417.189753440146,261.314956275542,90.00738203654,619.047344774844,Proprotein convertase subtilisin/kexin type 1 inhibitor,Q9UHG2,300399.0,gene,27344.0,PCSK1N,ENSG00000102109,bacteria
sp|Q9UHG2|PCS1N_HUMAN,sp,Q9UHG2,PCS1N,HUMAN,0283361|tr|A0A3R6KTM2|A0A3R6KTM2_9BACT,283361,tr,A0A3R6KTM2,A0A3R6KTM2,LAGSAD,203,208,LAGSAD,841,846,AKLNELAGSADGAKFR,6,,,,,,,,,,,,,,,,,,,,,,,,,,,,,weak,very_weak,,,,,,,,,,,,,,,,,,,,,,,,,,,very_weak,,,,,,,,,,,,,,,,,,,,,,,,,,weak,very_weak,65.015,63.635,59.510000000000005,58.515,72.515,59.305,43.855,62.795,70.67,5.585,48.195,88.28,30.97,82.035,80.065,34.345,12.83,83.825,60.370000000000005,48.645,84.305,29.26,46.67,30.37,67.235,10162.0396621724,4632.01415327312,5395.18770500217,7272.7411584121,8278.01113209687,11289.5951682601,5919.06674185433,4913.31451327475,6169.0373451749,175.045926985132,10500.3715790646,14331.6223779213,2721.48599705072,12710.5687271336,13569.5535100411,903.25816842294,666.008089797811,16182.8642731135,9675.13335514232,3903.68227731207,10038.5514572808,1133.20115361961,2258.96049753537,2393.29612326609,Proprotein convertase subtilisin/kexin type 1 inhibitor,Q9UHG2,300399.0,gene,27344.0,PCSK1N,ENSG00000102109,bacteria
sp|Q9UHG2|PCS1N_HUMAN,sp,Q9UHG2,PCS1N,HUMAN,0283361|tr|A0A3R6IK27|A0A3R6IK27_9BACT,283361,tr,A0A3R6IK27,A0A3R6IK27,LLVLLL,17,22,LLVLLL,9,14,ILPFFLLVLLLASCQK,6,,,,,,,,,,,,,,,,,,,,,,,,,,,,,,,,,,,,,,,,,,,,,,,,,,,,,,,,,,,,,,,,,,,,,,,,,,,,,,,,,,,,,54.05,51.065000000000005,58.825,80.68,57.505,70.71000000000001,75.735,71.575,75.32,91.25,65.275,42.645,88.64,44.595,55.790000000000006,48.05,74.35,45.44,53.67,54.42,59.735,57.82,76.745,51.13,49.825,1965.12690533578,644.409216000676,1645.20271452452,9111.53972814459,748.554941275461,7574.63236637884,7597.94362300197,2551.38940657012,3766.59621880093,8864.73560835369,6258.85979833237,1012.43519818827,10778.8263720824,643.051038140772,2285.78412804455,161.105701394905,3218.88843641791,1417.07366525316,1423.55874169377,1239.35488731673,1357.31650035802,2022.81258794934,3081.91576409551,843.000379452139,Proprotein convertase subtilisin/kexin type 1 inhibitor,Q9UHG2,300399.0,gene,27344.0,PCSK1N,ENSG00000102109,bacteria
sp|Q9UHG2|PCS1N_HUMAN,sp,Q9UHG2,PCS1N,HUMAN,0283361|tr|A0A415ZTU6|A0A415ZTU6_9BACT,283361,tr,A0A415ZTU6,A0A415ZTU6,LVLLLL,18,23,LVLLLL,27,32,VACLWLVLLLLLFAAV,6,,,,,,,,,,,,,,,,,,,,,,,,,,,,,,,,,,,,,,,,,,,,,,,,,,,,,,,,,,,,,,,,,,,,,,,,,,,,,,,,,,,,,57.32,75.16499999999999,86.475,87.08,77.24,88.1,89.15,84.36500000000001,87.06,95.0,70.765,54.495,92.565,54.55,59.725,79.265,86.235,49.245000000000005,63.825,91.4,62.33,70.535,88.93,86.275,81.5,2843.30098620709,3070.76519346434,9170.98227546934,12754.9291799051,4777.79737844964,18026.782529101,15513.1936877534,7046.10230849452,9174.15812106461,23959.7528980938,8474.57781939861,755.413798125631,14166.8128769111,785.214715445478,3087.48952095616,2270.67377503716,6982.73088849239,1130.97184999939,4116.58424675244,11549.1734789617,1565.35755381325,3954.01255038794,8477.78768399275,7538.24967434057,Proprotein convertase subtilisin/kexin type 1 inhibitor,Q9UHG2,300399.0,gene,27344.0,PCSK1N,ENSG00000102109,bacteria
sp|Q9UHG2|PCS1N_HUMAN,sp,Q9UHG2,PCS1N,HUMAN,0283361|tr|A0A3R6KRN6|A0A3R6KRN6_9BACT,283361,tr,A0A3R6KRN6,A0A3R6KRN6,ETPAPQ,246,251,ETPAPQ,93,98,DETVIETPAPQAIETE,6,,,,,,,,,,,,,,,,,,very_weak,,,,,,,,,,,,very_weak,,,,,,,,,,,,very_weak,,,,,,,,,,,,,,,,,,,,,,,,very_weak,,,,,,,,,,,,,,,,,,very_weak,45.57,34.3,32.855000000000004,44.23,35.03,16.49,41.83,23.005,24.19,17.325,27.755,45.455,11.835,50.365,59.425,21.425,31.345,44.66,43.675,19.485,49.425,24.27,26.645,34.645,46.755,9654.95065543636,3305.60756711944,3496.35444850823,9625.43243845002,5170.9197834345,4365.30731441342,9415.40596287378,1877.45850140798,1679.22877892845,863.755955252346,8801.27662590376,7710.23952672587,1436.40046707371,9337.39093819953,15140.0926323658,596.71391167504,2467.63218202225,12905.1286140861,9162.75004888928,1650.71234473608,7067.63404902963,2551.3341962321,1758.43970279477,3554.33115151154,Proprotein convertase subtilisin/kexin type 1 inhibitor,Q9UHG2,300399.0,gene,27344.0,PCSK1N,ENSG00000102109,bacteria
sp|Q9UHG2|PCS1N_HUMAN,sp,Q9UHG2,PCS1N,HUMAN,0283361|tr|A0A416AE81|A0A416AE81_9BACT,283361,tr,A0A416AE81,A0A416AE81,QLVPAP,153,158,QLVPAP,178,183,VDGVTQLVPAPEGVVY,6,,,,,,,,,,,,,,,,,,,,,,,,,,,,,,,,,,,,,,,,,weak,very_weak,,,,,,,,,very_weak,,,,,,,,,,,,very_weak,,,,,,,,,very_weak,,weak,very_weak,,,very_weak,,,,,weak,very_weak,35.84,30.35,38.36,39.915,30.615,45.795,45.83,23.07,34.33,29.9,39.72,59.185,3.735,50.77,61.97,27.34,22.675,51.91,17.405,35.2,46.42,11.89,6.965,14.06,47.495,6058.17655015893,2185.25234243711,3572.64528360577,6809.04340533957,2764.54911196693,11982.4658184418,8174.76357026579,1476.29561480149,2235.32789423851,1559.57586457786,9945.03785242687,7940.43636270293,1020.49664294393,7001.87162931773,11428.967583147,571.223175314946,1294.38075832359,9839.29219948493,2435.16776496927,3320.73530414615,4760.76854375002,1462.62238376691,346.815676895473,923.506777980352,Proprotein convertase subtilisin/kexin type 1 inhibitor,Q9UHG2,300399.0,gene,27344.0,PCSK1N,ENSG00000102109,bacteria
sp|Q9UHG2|PCS1N_HUMAN,sp,Q9UHG2,PCS1N,HUMAN,0283361|tr|A0A3R6KXR4|A0A3R6KXR4_9BACT,283361,tr,A0A3R6KXR4,A0A3R6KXR4,ILAGSA,202,207,ILAGSA,262,267,IIIVAILAGSAVIGVY,6,,,,,,,,,,,,,,,very_weak,,,,,,,,,very_weak,,,,,weak,very_weak,,,,,,,,,,,,,,,,,,,,,very_weak,,weak,very_weak,,weak,very_weak,,,,,,very_weak,,,,,,,,,,,weak,very_weak,,,,,,,,weak,very_weak,40.855,39.53,27.785,36.44,11.08,26.84,35.57,12.385000000000002,24.87,2.17,34.39,41.52,21.22,45.855,66.075,4.24,5.98,52.78,11.26,33.235,58.655,39.93,9.74,42.845,43.745000000000005,2872.11797977568,570.537550713381,425.366795420481,2877.34344175509,166.868039902217,2228.44557160433,3026.89237411151,117.131729185033,160.198353323408,29.0248889284985,3251.61757066387,1587.77149153585,1555.49763395203,1380.10726964987,5904.67459473997,18.5882621145694,74.5859491888251,3127.2966004441,399.770085866336,788.603354361395,2180.62303941445,610.632152498481,127.005594096974,875.034385998344,Proprotein convertase subtilisin/kexin type 1 inhibitor,Q9UHG2,300399.0,gene,27344.0,PCSK1N,ENSG00000102109,bacteria
sp|Q9UHG2|PCS1N_HUMAN,sp,Q9UHG2,PCS1N,HUMAN,0283361|tr|A0A3R6NCE7|A0A3R6NCE7_9BACT,283361,tr,A0A3R6NCE7,A0A3R6NCE7,DPALGL,120,125,DPALGL,159,164,TYDPNDPALGLVHRID,6,,,,,,,,,,,,,,,,,weak,very_weak,,,,,,,,,,strong,weak,very_weak,,,,,,,,,,,,,,,,,,,,,,,,,,,very_weak,,,,,,,,,,,,,,weak,very_weak,,,,,,,,,,strong,weak,very_weak,68.38499999999999,49.67,55.875,47.915,62.625,4.645,42.595,54.57,56.56,1.5299999999999998,50.24,72.33500000000001,36.295,63.615,59.675,47.105,18.17,67.9,46.255,37.725,63.42999999999999,2.71,50.795,63.965,32.93,10941.922807819,2187.47600395211,3981.53083288508,5801.57679812637,4487.42493302144,574.178898415659,4390.79204790712,2320.97337452831,2457.13507462495,89.9694095119759,12191.4441328006,10335.913606517,4037.58011172919,7781.05526185745,6526.71026848403,695.736114401848,1063.02993187475,11842.6206066469,4758.9660189689,2323.43569664181,5998.3661199443,683.543928989682,1445.02069885754,4963.32599816111,Proprotein convertase subtilisin/kexin type 1 inhibitor,Q9UHG2,300399.0,gene,27344.0,PCSK1N,ENSG00000102109,bacteria
sp|Q9UHG2|PCS1N_HUMAN,sp,Q9UHG2,PCS1N,HUMAN,0283361|tr|A0A416A3N5|A0A416A3N5_9BACT,283361,tr,A0A416A3N5,A0A416A3N5,EEAGDE,181,186,EEAGDE,454,459,VKNVNEEAGDEHAGKY,6,,,,,,,,,,,,,,,,,,,,,,,,,,,,,,,,,,,,,,,,,,,,,,,,,,,,,,,,,,,,,,,,,,,,,,,,,,,,,,,,,,,,,40.69,40.5,83.03999999999999,69.735,77.9,77.935,55.23,95.0,85.79499999999999,48.105,95.0,95.0,47.71,87.735,86.565,68.745,36.995,95.0,81.01,58.795,88.465,57.645,95.0,69.85499999999999,95.0,12118.7164035111,7290.94115541318,19074.2224387345,17298.2052911695,19976.9986727591,26436.5860039606,15529.1475707164,33252.4411976228,19622.8843071916,5757.11729602103,38731.1342267706,31963.7847007782,5170.97573194275,22764.646230075,25067.7082453393,12238.3617774353,4724.02954585213,33819.5655467504,22732.8946070995,12867.9010346967,19223.3955089245,10587.7597696945,31328.9836683969,15794.3408128217,Proprotein convertase subtilisin/kexin type 1 inhibitor,Q9UHG2,300399.0,gene,27344.0,PCSK1N,ENSG00000102109,bacteria
sp|Q9UHG2|PCS1N_HUMAN,sp,Q9UHG2,PCS1N,HUMAN,0283361|tr|A0A3R6MEV5|A0A3R6MEV5_9BACT,283361,tr,A0A3R6MEV5,A0A3R6MEV5,DDPDAP,127,132,DDPDAP,342,347,NPDNPDDPDAPIIGYR,6,,,,,,,,,,,,,,,,,,,,,,,,,,,,,,,,,,,,,,,,,,,,,,,,,,,,,,,,,,,,,,,,,,,,,,,,,,,,,,,,,,,,,79.92,95.0,95.0,64.6,95.0,95.0,70.21000000000001,95.0,95.0,64.275,95.0,95.0,75.64,95.0,95.0,95.0,95.0,95.0,95.0,95.0,95.0,83.74000000000001,95.0,95.0,95.0,23132.1170517041,36716.5105701596,40534.4312008907,16812.9048747144,37921.7024180576,40562.0707542006,18918.4270075376,40921.7763787846,36316.2789907324,7257.96257818964,43819.3635227351,39538.1597819824,12283.4662527793,39809.0214454637,40488.845203599,37646.9778096087,40200.3071304955,40373.3570169734,39943.6346624702,37878.2350813832,38096.4833421198,15500.9455253764,40943.9205955035,39037.4162475955,Proprotein convertase subtilisin/kexin type 1 inhibitor,Q9UHG2,300399.0,gene,27344.0,PCSK1N,ENSG00000102109,bacteria
sp|Q9UHG2|PCS1N_HUMAN,sp,Q9UHG2,PCS1N,HUMAN,0283361|tr|A0A3R6IIU9|A0A3R6IIU9_9BACT,283361,tr,A0A3R6IIU9,A0A3R6IIU9,LARALA,75,80,LARALA,24,29,FATGILARALAGKGKQ,6,,,,,,very_weak,,weak,very_weak,,,,,,,,,,,,,,,,,,,,weak,very_weak,,,very_weak,,,,,weak,very_weak,,,,,,,,,,,,,,,very_weak,,weak,very_weak,,,,,,,,,very_weak,,,,,,very_weak,,weak,very_weak,,,,,weak,very_weak,,weak,very_weak,69.74,13.625,5.73,69.165,26.51,26.015,37.375,21.205,23.54,3.7,17.385,28.735,38.925,40.49,32.365,10.27,4.525,50.185,26.17,15.915,44.78,15.06,7.765000000000001,32.31,9.67,6806.83359380479,284.049040027711,155.973777994004,8255.1138990963,528.864545846622,2205.60943926284,3386.48216720169,259.961336778286,983.712013399318,68.369626162572,1566.13684152346,2225.89124023878,2905.12208581719,1753.9363343606,2625.51752561178,29.434436949801,97.8453253057574,4024.23438596865,1377.15380837934,394.446647854256,2304.10917135346,128.358059236496,135.783934294103,909.239447525891,Proprotein convertase subtilisin/kexin type 1 inhibitor,Q9UHG2,300399.0,gene,27344.0,PCSK1N,ENSG00000102109,bacteria
sp|Q9UHG2|PCS1N_HUMAN,sp,Q9UHG2,PCS1N,HUMAN,0283361|tr|A0A3R6NBT8|A0A3R6NBT8_9BACT,283361,tr,A0A3R6NBT8,A0A3R6NBT8,VLGALL,235,240,VLGALL,302,307,CAIFTVLGALLITLDL,6,,,,,,,,,,,,,,,,,,,,,,,,,,,,,,,,,,,,,,,,,,,,,,,,,,,,,weak,very_weak,,,,,,,,,,,,,,,,,,,,,,,,,,,,,weak,very_weak,42.185,59.82,63.205,34.415,49.505,45.585,76.245,32.474999999999994,62.88,57.24,58.265,49.91,36.32,42.06,61.22,7.1,59.73,41.51,37.205,57.59,53.66,53.375,52.72,35.03,51.760000000000005,1143.337005739,981.532504522121,2402.97445008228,3894.23265035067,1137.04534767944,6056.47253854744,7847.84986405436,654.258989863749,2131.51927599468,2022.68127390948,5896.75788518947,1258.7068879561,2411.17831246,737.7803120253,4133.14199325596,55.2223564960469,1526.42106634184,1585.04232541699,1093.25261408724,1903.97048363577,1150.16114952272,1427.04398647015,1143.41123206575,328.633586669588,Proprotein convertase subtilisin/kexin type 1 inhibitor,Q9UHG2,300399.0,gene,27344.0,PCSK1N,ENSG00000102109,bacteria
sp|Q9UHG2|PCS1N_HUMAN,sp,Q9UHG2,PCS1N,HUMAN,0283361|tr|A0A3R6JBN9|A0A3R6JBN9_9BACT,283361,tr,A0A3R6JBN9,A0A3R6JBN9,RGLSAA,41,46,RGLSAA,70,75,KHEENRGLSAARNTGI,6,,,,,,,,,,,,,,,,,,,,,,,,very_weak,,,,,,very_weak,,,very_weak,,,,,,,,,,,,,,,,,,,,,,,weak,very_weak,,,,,,,,,,,,,,weak,very_weak,,,very_weak,,,,,,,,weak,very_weak,51.385000000000005,55.26,36.555,43.475,42.885,32.49,63.89,10.62,31.860000000000003,14.29,15.035,69.015,32.56,74.485,63.92,25.765,2.415,68.685,53.03,35.005,72.64500000000001,2.1950000000000003,11.11,42.345,37.255,10469.4013494839,2644.27636888517,1991.90679565457,6032.92773481696,2158.81413603388,2980.96814132058,8970.96894409012,231.547011691853,500.396105567168,372.491718280203,4621.10144248126,11108.5687637905,4545.37977367186,10967.9994506235,12628.0473981247,228.377172984727,202.701025695206,14193.355457608,5451.69645831432,1367.32492080237,9480.72811063173,314.513163859744,230.210554797422,1953.57308458764,Proprotein convertase subtilisin/kexin type 1 inhibitor,Q9UHG2,300399.0,gene,27344.0,PCSK1N,ENSG00000102109,bacteria
sp|Q9UHG2|PCS1N_HUMAN,sp,Q9UHG2,PCS1N,HUMAN,0283361|tr|A0A3R6IJZ6|A0A3R6IJZ6_9BACT,283361,tr,A0A3R6IJZ6,A0A3R6IJZ6,AGSPLL,2,7,AGSPLL,234,239,TLKLPAGSPLLDGTVR,6,,,,,,,,,,,,,,,,,,,,,,,,,,,,,,very_weak,,,,,,,,,,,,,,,,,,,,,,,,,,,very_weak,,,,,,,,,,,,,,,,,,,,,,,,,,,very_weak,77.63499999999999,66.0,71.44,77.46000000000001,68.88,53.195,81.925,47.53,70.725,18.55,44.0,72.03,45.855,78.11500000000001,78.385,44.995000000000005,18.035,78.94,76.7,66.35499999999999,75.725,40.95,44.86,67.805,75.725,11327.893218474,2788.31088933738,3984.5906369518,9173.16555119433,2955.50059680803,7398.05924087756,11676.0746941747,1050.74855007978,3224.81458698082,333.772283274284,5289.69873919771,6290.15646417155,3009.9426011073,6863.85403656482,9588.8431032566,251.160847599571,855.302400538816,9814.73088638337,7651.48442016051,3217.14752440721,5645.65114894972,1061.86888981685,635.099291404157,3472.49001389143,Proprotein convertase subtilisin/kexin type 1 inhibitor,Q9UHG2,300399.0,gene,27344.0,PCSK1N,ENSG00000102109,bacteria
sp|Q9UHG2|PCS1N_HUMAN,sp,Q9UHG2,PCS1N,HUMAN,0283361|tr|A0A3R6N7T8|A0A3R6N7T8_9BACT,283361,tr,A0A3R6N7T8,A0A3R6N7T8,LSAASP,43,48,LSAASP,1579,1584,IRVRYLSAASPYEGAV,6,,,,,,very_weak,,weak,very_weak,,,very_weak,,,very_weak,,weak,very_weak,,,,,weak,very_weak,,,,strong,weak,very_weak,strong,weak,very_weak,,,,,weak,very_weak,,weak,very_weak,,,,,,very_weak,,weak,very_weak,,weak,very_weak,strong,weak,very_weak,,,,,weak,very_weak,strong,weak,very_weak,,,,,weak,very_weak,strong,weak,very_weak,strong,weak,very_weak,,weak,very_weak,strong,weak,very_weak,25.81,13.8,4.48,13.045,12.01,3.065,31.755,3.02,21.68,1.835,0.945,33.135,2.57,29.05,19.19,3.82,1.415,27.14,9.86,0.4049999999999999,21.39,3.27,0.31,0.055,9.44,2540.53600272483,287.642814151355,199.809307266971,1552.11845172137,213.615053321303,339.72568786254,3003.98875259883,85.0987867521932,522.014053135973,46.8332526244157,396.530564260997,1636.29097286471,677.27166739306,1387.93908165133,1789.22364467824,17.3968930467475,59.6188566352439,2216.32655650068,662.938199211849,27.5819089717504,868.093846628811,84.467662709226,24.7641017406178,13.9931123188214,Proprotein convertase subtilisin/kexin type 1 inhibitor,Q9UHG2,300399.0,gene,27344.0,PCSK1N,ENSG00000102109,bacteria
sp|Q9UHG2|PCS1N_HUMAN,sp,Q9UHG2,PCS1N,HUMAN,0283361|tr|A0A3R6NBG0|A0A3R6NBG0_9BACT,283361,tr,A0A3R6NBG0,A0A3R6NBG0,ALLRAR,139,144,ALLRAR,377,382,DSENNALLRARFEINP,6,,,,,,,,,,,,,,,,,,,,,,,,,,,,,,,,,,strong,weak,very_weak,,,,,,,,weak,very_weak,,weak,very_weak,,,,,,,,,very_weak,strong,weak,very_weak,,,very_weak,,,,,weak,very_weak,,,very_weak,,,,,,,,,,strong,weak,very_weak,30.045,25.15,39.49,56.285,41.905,43.695,43.555,54.6,36.965,63.64,22.675,1.11,29.395000000000003,4.375,6.465,41.045,13.995,1.85,19.24,60.66,2.75,12.909999999999998,33.08,44.3,31.825,2276.35612437366,528.201187355515,1325.71897070517,5008.31622234455,968.598403954321,4310.3479454531,3250.42161009771,1302.20504808003,1266.93224235588,2713.51785254657,3515.96724888383,61.2276806146146,1891.52739521956,239.634317352993,857.934630432618,337.282783765008,480.73853554173,146.283754234804,559.013087932792,2267.99742117271,219.163593555951,240.283392358965,835.138417128298,1360.41875741418,Proprotein convertase subtilisin/kexin type 1 inhibitor,Q9UHG2,300399.0,gene,27344.0,PCSK1N,ENSG00000102109,bacteria
sp|Q9UHG2|PCS1N_HUMAN,sp,Q9UHG2,PCS1N,HUMAN,0283361|tr|A0A3R6MDP7|A0A3R6MDP7_9BACT,283361,tr,A0A3R6MDP7,A0A3R6MDP7,RYLLGR,196,201,RYLLGR,597,602,PRFSARYLLGRRVSVK,6,,,,,,,,weak,very_weak,,,,,weak,very_weak,,,very_weak,,,,,,very_weak,,weak,very_weak,,,,,,,,weak,very_weak,,,very_weak,,,,,,,,weak,very_weak,,,,,weak,very_weak,,,,,,,,weak,very_weak,,,,,,,,,very_weak,,,very_weak,,,,,weak,very_weak,,weak,very_weak,41.205,33.47,7.915,23.435,9.735,13.18,22.155,13.745,9.18,51.435,27.05,7.83,78.255,20.235,9.085,4.115,44.425,21.53,6.51,39.005,27.575,19.55,19.705,38.995000000000005,3.725,3251.4064868285,144.03315489307,98.0106164600313,1767.65327976977,39.4701070510393,492.255165956801,927.622691742648,54.6813052370666,156.697746526446,1156.43779164765,775.110754857179,282.348443222846,7806.35308499702,379.969405438834,374.455592197314,7.70188378949257,1061.85740069305,794.040155948009,132.31051348466,396.320391712792,436.50048016087,143.96615898675,80.4387345175708,377.082046515864,Proprotein convertase subtilisin/kexin type 1 inhibitor,Q9UHG2,300399.0,gene,27344.0,PCSK1N,ENSG00000102109,bacteria
sp|Q9UHG2|PCS1N_HUMAN,sp,Q9UHG2,PCS1N,HUMAN,0283361|tr|A0A416A8W2|A0A416A8W2_9BACT,283361,tr,A0A416A8W2,A0A416A8W2,VKRLET,242,247,VKRLET,217,222,EMEKDVKRLETIAERF,6,,,,,,very_weak,,,very_weak,,,,,,,,,,,weak,very_weak,,,,,,,,,,,weak,very_weak,,,,,,,,,very_weak,,,,,weak,very_weak,,,,,,,,,,,,,,weak,very_weak,,weak,very_weak,,,very_weak,,,very_weak,,,,strong,weak,very_weak,,,,strong,weak,very_weak,37.96,10.09,18.385,29.83,26.26,37.84,7.115,31.385,39.41,54.795,4.015,21.06,13.954999999999998,20.225,6.664999999999999,24.205,46.595,29.57,5.725,7.295,13.41,16.005,34.015,0.865,20.65,5854.60877516827,560.405951782935,1259.89229265396,3561.72258472721,1809.39239946133,8851.98815751913,518.742813551078,1582.2322510423,2335.15481499688,5533.94758648577,1060.38781867267,1533.30701524278,2204.34499897194,1059.75698253259,1065.25208863755,452.103201473662,4049.43631593553,2381.36251536101,766.089442455837,470.951510513311,579.157928135302,1829.64992340982,1602.59733109231,93.6553837715648,Proprotein convertase subtilisin/kexin type 1 inhibitor,Q9UHG2,300399.0,gene,27344.0,PCSK1N,ENSG00000102109,bacteria
sp|Q9UHG2|PCS1N_HUMAN,sp,Q9UHG2,PCS1N,HUMAN,0283361|tr|A0A3R6QWD8|A0A3R6QWD8_9BACT,283361,tr,A0A3R6QWD8,A0A3R6QWD8,LEAERQ,83,88,LEAERQ,212,217,FNVTQLEAERQRISSL,6,,,,,,very_weak,,,,,,,,,,,,,,,,,,,,,,,,,,,,,,,,,,,,,,,,,,,,,very_weak,,,,,,,,,,,,very_weak,,,,,,,,,,,,,,,,,,,,,very_weak,40.105,17.985,27.78,54.545,44.565,49.91,23.71,63.55,39.03,41.260000000000005,42.74,43.065,24.825000000000003,27.185,32.45,20.045,30.06,37.42,14.545,31.79,30.130000000000003,21.72,48.605,35.61,23.845,4154.93300056681,620.280996091403,1859.96913422413,6323.86717586332,2842.87032441784,10537.2463639084,2354.92009776928,3907.57001381508,2809.63089436417,3840.29795796488,8589.50802332874,3084.48444864686,1586.05448703328,1538.64167738295,4315.6678447433,337.885460188039,1602.23323775384,3528.65807896499,1616.49435824212,2083.52124223951,1492.01648417615,1032.67021627505,2446.76204005154,1914.44365635101,Proprotein convertase subtilisin/kexin type 1 inhibitor,Q9UHG2,300399.0,gene,27344.0,PCSK1N,ENSG00000102109,bacteria
sp|Q9UHG2|PCS1N_HUMAN,sp,Q9UHG2,PCS1N,HUMAN,0283361|tr|A0A3R6NAN0|A0A3R6NAN0_9BACT,283361,tr,A0A3R6NAN0,A0A3R6NAN0,ELLRYL,193,198,ELLRYL,236,241,AVGMTELLRYLPKDNK,6,,,,,,very_weak,,,,,,,,,very_weak,,,,,,very_weak,,,,,,,,,,,,,,,,,,,,,,,,,,,,,,,,,,,,,,,,,,very_weak,,,,,,,,,,,,,,,,,weak,very_weak,,weak,very_weak,41.06,17.775,22.83,61.98,17.04,69.83,19.115,57.385,41.325,80.66,60.645,27.7,61.84,26.485,23.01,57.53,62.78,31.835,14.285,65.755,24.235,25.295,62.7,63.775000000000006,9.02,2899.97168131519,419.484589615581,1054.33585268225,4337.153960874,383.268481746878,9005.98008832144,2059.04888403126,1108.07904539295,1932.65434733696,4571.8663061978,5859.10803851477,663.914424117334,3881.48673047172,347.405315155013,1000.0672502911,576.238918689751,1957.995763856,886.767058825365,535.497770592421,2571.48207447054,445.918811234809,598.252494141444,1335.8556937039,1705.17245744538,Proprotein convertase subtilisin/kexin type 1 inhibitor,Q9UHG2,300399.0,gene,27344.0,PCSK1N,ENSG00000102109,bacteria
sp|Q9UHG2|PCS1N_HUMAN,sp,Q9UHG2,PCS1N,HUMAN,0283361|tr|A0A3R6N6J2|A0A3R6N6J2_9BACT,283361,tr,A0A3R6N6J2,A0A3R6N6J2,RRLLPP,255,260,RRLLPP,109,114,GTVICRRLLPPEDAVA,6,,,,,,,,,,,,,,,,,,,,,,,,,,,,,,,,,very_weak,,,,,,,,,,,,,,,,,,,,,,,,,,,,,,,,,,,,,,,,,,,,,,,,,,,very_weak,52.95,22.3,29.64,74.405,45.825,62.445,51.120000000000005,71.45,61.35,80.86,12.025,52.57,69.245,62.59,54.825,50.21,72.625,67.16499999999999,41.645,43.71,63.59,44.995000000000005,66.91499999999999,32.27,33.835,3576.04856377654,439.433728808654,1425.87100604428,7633.37545059089,1482.66665277787,7903.75028273124,4169.93016776894,2845.39370023067,3304.2129896781,5227.51110923902,2474.47666045369,4318.98443290405,4651.14828132713,3396.31620249516,4463.5037651745,324.69977902594,3783.87455841811,5709.10558673981,2009.63631352057,1551.54757509706,2710.84743820733,794.246374844234,1953.61535950032,387.3247097828,Proprotein convertase subtilisin/kexin type 1 inhibitor,Q9UHG2,300399.0,gene,27344.0,PCSK1N,ENSG00000102109,bacteria
sp|Q9UHG2|PCS1N_HUMAN,sp,Q9UHG2,PCS1N,HUMAN,0283361|tr|A0A3R6QYH0|A0A3R6QYH0_9BACT,283361,tr,A0A3R6QYH0,A0A3R6QYH0,LLLLGL,20,25,LLLLGL,330,335,GITVSLLLLGLCFLGG,6,,,,,,,,,,,,,,,,,,,,,,,,,,,,,,,,,,,,,,,,,,,,,,,,,,,,,,,,,,,,,,,,,,,,,,,,,,,,,,,,,,,,,65.82,73.775,80.935,82.975,67.14,88.35499999999999,87.125,80.3,85.905,85.66499999999999,80.945,52.99,91.845,54.015,67.875,71.675,75.295,48.58,60.165000000000006,87.05,63.005,70.57,82.925,79.775,75.425,4102.17838082237,2772.78710904135,6169.4378438725,10242.8433693648,2008.67981316815,18259.0047269237,13770.7044403811,5119.70276930387,8379.47956755319,6464.30216442195,13847.2020687755,932.503272041336,13415.1041179673,802.895290010529,4824.96750231795,1070.21972596366,3417.28996218114,1220.10237956117,2485.12851701275,8013.27966935231,1509.39017684418,3961.50641216485,5052.67544731871,4575.67681993356,Proprotein convertase subtilisin/kexin type 1 inhibitor,Q9UHG2,300399.0,gene,27344.0,PCSK1N,ENSG00000102109,bacteria
sp|Q9UHG2|PCS1N_HUMAN,sp,Q9UHG2,PCS1N,HUMAN,0283361|tr|A0A415ZX97|A0A415ZX97_9BACT,283361,tr,A0A415ZX97,A0A415ZX97,AGGVGL,12,17,AGGVGL,890,895,FISLKAGGVGLNLTEA,6,,,,,,,,,,,,,,,,,,,,,,,,,,,,strong,weak,very_weak,,,very_weak,,,,,,,,,,,,,,,,,,,,,,,,very_weak,,,,,,,,,,,,,,,,,,,,,,,,,strong,weak,very_weak,74.99000000000001,46.755,33.355,74.86500000000001,53.81,39.68,65.745,42.355,56.265,1.34,18.155,66.115,33.599999999999994,67.52,63.93,20.83,13.41,67.755,56.04,37.19,65.63499999999999,33.835,23.105,45.175,41.175,8352.68591897925,1126.46544882406,494.930783245602,7288.33837000262,783.44108911425,2653.21792373242,6938.07221078472,282.372883861037,1273.69452489482,33.6326540413504,1520.89837616599,3255.84212633738,2199.3182784934,3036.89771684446,4528.44430142868,15.3896117791184,398.259050466188,5560.53636380032,1573.78079928129,843.045986071758,3118.91635819545,175.41943465839,168.593910853607,972.494305477299,Proprotein convertase subtilisin/kexin type 1 inhibitor,Q9UHG2,300399.0,gene,27344.0,PCSK1N,ENSG00000102109,bacteria
