human_id,database,protein,gene,species,pathogen_id,pathogen_species,database_pathogen,pathogen_protein,pathogen_gene,human_seq,human_start,human_end,pathogen_seq,pathogen_start,pathogen_end,extended_pathogen_seq,pathogen_length,binding_rank_strong_HLA_DQA10101_DQB10501,binding_rank_weak_HLA_DQA10101_DQB10501,binding_rank_very_weak_HLA_DQA10101_DQB10501,binding_rank_strong_DRB4_0101,binding_rank_weak_DRB4_0101,binding_rank_very_weak_DRB4_0101,binding_rank_strong_DRB1_0802,binding_rank_weak_DRB1_0802,binding_rank_very_weak_DRB1_0802,binding_rank_strong_DRB3_0101,binding_rank_weak_DRB3_0101,binding_rank_very_weak_DRB3_0101,binding_rank_strong_DRB1_1501,binding_rank_weak_DRB1_1501,binding_rank_very_weak_DRB1_1501,binding_rank_strong_DRB3_0202,binding_rank_weak_DRB3_0202,binding_rank_very_weak_DRB3_0202,binding_rank_strong_DRB1_0301,binding_rank_weak_DRB1_0301,binding_rank_very_weak_DRB1_0301,binding_rank_strong_DRB1_0701,binding_rank_weak_DRB1_0701,binding_rank_very_weak_DRB1_0701,binding_rank_strong_DRB1_1302,binding_rank_weak_DRB1_1302,binding_rank_very_weak_DRB1_1302,binding_rank_strong_HLA_DQA10501_DQB10301,binding_rank_weak_HLA_DQA10501_DQB10301,binding_rank_very_weak_HLA_DQA10501_DQB10301,binding_rank_strong_HLA_DPA10201_DPB11401,binding_rank_weak_HLA_DPA10201_DPB11401,binding_rank_very_weak_HLA_DPA10201_DPB11401,binding_rank_strong_HLA_DPA10103_DPB10201,binding_rank_weak_HLA_DPA10103_DPB10201,binding_rank_very_weak_HLA_DPA10103_DPB10201,binding_rank_strong_DRB5_0101,binding_rank_weak_DRB5_0101,binding_rank_very_weak_DRB5_0101,binding_rank_strong_HLA_DQA10301_DQB10302,binding_rank_weak_HLA_DQA10301_DQB10302,binding_rank_very_weak_HLA_DQA10301_DQB10302,binding_rank_strong_HLA_DPA10301_DPB10402,binding_rank_weak_HLA_DPA10301_DPB10402,binding_rank_very_weak_HLA_DPA10301_DPB10402,binding_rank_strong_HLA_DPA10201_DPB10501,binding_rank_weak_HLA_DPA10201_DPB10501,binding_rank_very_weak_HLA_DPA10201_DPB10501,binding_rank_strong_HLA_DQA10501_DQB10201,binding_rank_weak_HLA_DQA10501_DQB10201,binding_rank_very_weak_HLA_DQA10501_DQB10201,binding_rank_strong_DRB1_0101,binding_rank_weak_DRB1_0101,binding_rank_very_weak_DRB1_0101,binding_rank_strong_HLA_DQA10102_DQB10602,binding_rank_weak_HLA_DQA10102_DQB10602,binding_rank_very_weak_HLA_DQA10102_DQB10602,binding_rank_strong_HLA_DPA10103_DPB10401,binding_rank_weak_HLA_DPA10103_DPB10401,binding_rank_very_weak_HLA_DPA10103_DPB10401,binding_rank_strong_DRB1_1201,binding_rank_weak_DRB1_1201,binding_rank_very_weak_DRB1_1201,binding_rank_strong_DRB1_0401,binding_rank_weak_DRB1_0401,binding_rank_very_weak_DRB1_0401,binding_rank_strong_HLA_DPA10201_DPB10101,binding_rank_weak_HLA_DPA10201_DPB10101,binding_rank_very_weak_HLA_DPA10201_DPB10101,binding_rank_strong_HLA_DQA10401_DQB10402,binding_rank_weak_HLA_DQA10401_DQB10402,binding_rank_very_weak_HLA_DQA10401_DQB10402,binding_rank_strong_DRB1_0901,binding_rank_weak_DRB1_0901,binding_rank_very_weak_DRB1_0901,binding_rank_strong_DRB1_0405,binding_rank_weak_DRB1_0405,binding_rank_very_weak_DRB1_0405,binding_rank_strong_DRB1_1101,binding_rank_weak_DRB1_1101,binding_rank_very_weak_DRB1_1101,binding_rank_strong,binding_rank_weak,binding_rank_very_weak,Rank_average_HLA_DQA10101_DQB10501,Rank_average_DRB4_0101,Rank_average_DRB1_0802,Rank_average_DRB3_0101,Rank_average_DRB1_1501,Rank_average_DRB3_0202,Rank_average_DRB1_0301,Rank_average_DRB1_0701,Rank_average_DRB1_1302,Rank_average_HLA_DQA10501_DQB10301,Rank_average_HLA_DPA10201_DPB11401,Rank_average_HLA_DPA10103_DPB10201,Rank_average_HLA_DQA10301_DQB10302,Rank_average_HLA_DPA10301_DPB10402,Rank_average_HLA_DPA10201_DPB10501,Rank_average_DRB1_0101,Rank_average_HLA_DQA10102_DQB10602,Rank_average_HLA_DPA10103_DPB10401,Rank_average_DRB1_1201,Rank_average_DRB1_0401,Rank_average_HLA_DPA10201_DPB10101,Rank_average_HLA_DQA10401_DQB10402,Rank_average_DRB1_0901,Rank_average_DRB1_0405,Rank_average_DRB1_1101,nM_HLA_DQA10101_DQB10501,nM_DRB4_0101,nM_DRB1_0802,nM_DRB3_0101,nM_DRB1_1501,nM_DRB3_0202,nM_DRB1_0301,nM_DRB1_0701,nM_DRB1_1302,nM_HLA_DQA10501_DQB10301,nM_HLA_DPA10201_DPB11401,nM_HLA_DPA10103_DPB10201,nM_HLA_DQA10301_DQB10302,nM_HLA_DPA10301_DPB10402,nM_HLA_DPA10201_DPB10501,nM_DRB1_0101,nM_HLA_DQA10102_DQB10602,nM_HLA_DPA10103_DPB10401,nM_DRB1_1201,nM_DRB1_0401,nM_HLA_DPA10201_DPB10101,nM_HLA_DQA10401_DQB10402,nM_DRB1_0901,nM_DRB1_0405,Gene description,Uniprot,# MIM Number,MIM Entry Type,Entrez Gene ID,HGNC,Ensembl Gene ID,type
sp|Q9UQF2|JIP1_HUMAN,sp,Q9UQF2,JIP1,HUMAN,0102041|tr|Q91SH3|Q91SH3_9BETA,102041,tr,Q91SH3,Q91SH3,DEEDDD,109,114,DEEDDD,300,305,ADHVEDEEDDDETVPA,6,,,,,,,,,,,,,,,,,,,,,,,,,,,,,,,,,,,,,,,,,,,,,,,,,,,,,,,,,,,,,,,,,,,,,,,,,,,,,,,,,,,,,39.54,95.0,95.0,54.67,95.0,95.0,65.41,95.0,95.0,93.27,95.0,95.0,38.1,95.0,81.88,95.0,95.0,78.63499999999998,95.0,95.0,82.305,95.0,95.0,95.0,95.0,10148.7442942304,34139.049805034905,39963.087554987,14101.9702538747,36346.1542629106,41394.7042381161,18009.4318091457,39338.0325383696,38042.935594894,31122.554466487203,41491.1108549308,34555.268797722405,7340.7299101346,34561.6253482026,25431.3233919916,36306.8497969638,32087.48872001,24019.9719447273,37867.9906143469,35548.4670967158,18224.0703552591,32132.6538132978,39442.8766888912,34711.9047218425,Mitogen-activated protein kinase 8 interacting protein 1,Q9UQF2,604641.0,gene,9479.0,MAPK8IP1,ENSG00000121653,virus
sp|Q9UQF2|JIP1_HUMAN,sp,Q9UQF2,JIP1,HUMAN,0102041|tr|B7TPT4|B7TPT4_9BETA,102041,tr,B7TPT4,B7TPT4,EDDDEE,111,116,EDDDEE,724,729,EDDECEDDDEESAGPR,6,,,,,,,,,,,,,,,,,,,,,,,,,,,,,,,,,,,,,,,,,,,,,,,,,,,,,,,,,,,,,,,,,,,,,,,,,,,,,,,,,,,,,58.895,95.0,95.0,66.19,95.0,95.0,75.435,95.0,95.0,95.0,95.0,95.0,74.705,95.0,95.0,95.0,95.0,95.0,95.0,95.0,95.0,95.0,95.0,95.0,95.0,17105.942619748897,38154.2344413082,42223.4092798817,19090.9464536209,38787.7489729173,43452.5197303629,19793.6879062132,42654.114541836,40811.6763846333,35570.3975709256,43353.9010190429,38134.4242088205,13934.5237903765,38395.6693864934,37496.5662605167,40667.5370565335,38518.4178044091,37842.5962906123,40681.6199338689,40138.1561711088,35764.511809514705,36207.5991909918,42552.2431046289,38563.4542726279,Mitogen-activated protein kinase 8 interacting protein 1,Q9UQF2,604641.0,gene,9479.0,MAPK8IP1,ENSG00000121653,virus
sp|Q9UQF2|JIP1_HUMAN,sp,Q9UQF2,JIP1,HUMAN,0102041|tr|Q91SH3|Q91SH3_9BETA,102041,tr,Q91SH3,Q91SH3,EEDDDE,110,115,EEDDDE,301,306,DHVEDEEDDDETVPAS,6,,,,,,,,,,,,,,,,,,,,,,,,,,,,,,,,,,,,,,,,,,,,,,,,,,,,,,,,,,,,,,,,,,,,,,,,,,,,,,,,,,,,,45.855,92.05,95.0,52.38,95.0,95.0,64.82,95.0,95.0,71.745,95.0,95.0,43.43,95.0,92.355,95.0,94.155,82.01,95.0,92.825,87.6,95.0,95.0,95.0,95.0,12219.9697370705,32550.4626186237,40205.5269702745,13616.7645269146,36217.0026085446,40990.4624630723,17980.8104417249,39487.712286378905,37258.3661034019,28519.4043575782,40166.829280435,34728.809717026605,7733.8844408449795,34473.1129400833,34613.643382793,37694.665826204,32852.9811613969,24676.6969728628,37216.8671238702,34326.4671103328,19197.6216857652,31973.1237735592,38880.6080902189,34863.9691766783,Mitogen-activated protein kinase 8 interacting protein 1,Q9UQF2,604641.0,gene,9479.0,MAPK8IP1,ENSG00000121653,virus
sp|Q9UQF2|JIP1_HUMAN,sp,Q9UQF2,JIP1,HUMAN,0102041|tr|B7TQ00|B7TQ00_9BETA,102041,tr,B7TQ00,B7TQ00,GGGAAS,10,15,GGGAAS,29,34,GDDGCGGGAASRKRGL,6,,,,,,,,,,,,,,,,,,,,,,,,,,,,,,very_weak,,,,,,,,,,,,,,,,,,,,,,,,,,,,,,,,,,,,,,,,,,,,,,,,,,,,,,very_weak,95.0,90.08,90.74,95.0,89.255,90.425,86.525,87.505,92.215,15.4,91.225,95.0,93.095,95.0,94.65,89.62,81.14500000000002,95.0,92.205,93.835,95.0,58.765,85.97,95.0,80.35,41400.9750543541,9754.809195652271,12919.3788003107,42180.9437914938,12320.6025990754,20282.1269970492,15764.4631363537,9514.84570485834,14542.6537816083,361.99447545678805,24996.206473590697,40898.316584903,17106.682965795502,41685.5002389634,24856.234524367203,6752.84360518765,9120.21932547943,41652.1375344979,19744.2779531147,15150.252411328302,40998.0027876861,2848.16583734467,7711.82472822158,41907.544206562205,Mitogen-activated protein kinase 8 interacting protein 1,Q9UQF2,604641.0,gene,9479.0,MAPK8IP1,ENSG00000121653,virus
sp|Q9UQF2|JIP1_HUMAN,sp,Q9UQF2,JIP1,HUMAN,0001259|sp|Q1GBQ3|RPOE_LACDA,1259,sp,Q1GBQ3,RPOE,EDEDLS,45,50,EDEDLS,131,136,ENDDPEDEDLSDDSDA,6,,,,,,,,,,,,,,,,,,,,,,,,,,,,,,,,,,,,,,,,,,,,,,,,,,,,,,,,,,,,,,,,,,,,,,,,,,,,,,,,,,,,,57.01,95.0,95.0,95.0,95.0,95.0,95.0,95.0,95.0,95.0,95.0,95.0,53.575,95.0,95.0,95.0,95.0,95.0,95.0,95.0,95.0,95.0,95.0,95.0,95.0,14249.0564332854,37697.112993197,41662.9549443775,35958.5181568819,37588.3676789369,43270.0170281913,39137.6478607031,41001.1080303796,39372.5235821795,33241.2897626198,42971.8869254373,35613.9137788413,8177.8598760298,36034.4655706001,37488.4530477126,38372.4122057847,37593.2483694303,36266.0182395081,40842.5982233083,38429.3341793025,33990.8827349401,35033.3741666968,40924.8758479896,38952.6108834242,Mitogen-activated protein kinase 8 interacting protein 1,Q9UQF2,604641.0,gene,9479.0,MAPK8IP1,ENSG00000121653,bacteria
sp|Q9UQF2|JIP1_HUMAN,sp,Q9UQF2,JIP1,HUMAN,0001259|tr|Q1GBY7|Q1GBY7_LACDA,1259,tr,Q1GBY7,Q1GBY7,ASLSSD,365,370,ASLSSD,172,177,ETNGLASLSSDSQIAK,6,,,,strong,weak,very_weak,,,,,,very_weak,,,,,,,,weak,very_weak,,,,,,,,,very_weak,,,,,,,,,,,weak,very_weak,,,,,,,,,very_weak,,,very_weak,,,very_weak,,,,,,very_weak,,weak,very_weak,,,,,,very_weak,,,,,weak,very_weak,,,,strong,weak,very_weak,25.23,1.775,22.455,17.195,27.54,30.41,4.435,37.91,43.075,14.785,48.88,60.49,7.875,43.725,44.54,17.830000000000002,10.265,50.28999999999999,17.35,4.36,48.785,19.6,33.599999999999994,7.069999999999999,25.7,4322.25680374752,181.37750663594,1732.60390905801,979.665169374108,2109.76770869735,7027.52494904121,184.578733590201,1452.38777253743,2498.3388891131,371.831338796615,11435.7708464555,7809.05636925986,1357.93344679811,5378.28556301313,8638.99937852641,277.193506035815,405.305674680136,9769.91379456704,2316.50766592628,314.82639229919,4594.97594300434,690.546391450152,1027.73230442204,406.671805627117,Mitogen-activated protein kinase 8 interacting protein 1,Q9UQF2,604641.0,gene,9479.0,MAPK8IP1,ENSG00000121653,bacteria
sp|Q9UQF2|JIP1_HUMAN,sp,Q9UQF2,JIP1,HUMAN,0001259|tr|Q1G9H6|Q1G9H6_LACDA,1259,tr,Q1G9H6,Q1G9H6,ADHRFA,665,670,ADHRFA,503,508,QVAASADHRFAIAKQV,6,,,,,,,,,,,weak,very_weak,,,,,,,,weak,very_weak,,,very_weak,,,,,,very_weak,,,,,,very_weak,,,,,,,,,,,,,,,,,,,,,very_weak,,,,,,,,,,,,,,weak,very_weak,,,very_weak,,,,,,,,weak,very_weak,22.265,51.255,49.33,8.2,45.04,43.825,2.18,11.635,20.03,19.985,28.205,12.485,25.655,41.035,35.81,39.475,13.01,32.12,30.005000000000003,56.1,35.355000000000004,3.925,17.485,57.59,51.3,1508.10055798401,1668.18225424036,2118.2307084047,728.41281565159,1570.17500895548,5680.2082488043,187.519681678318,276.594320120071,662.615499782862,453.710515174007,4921.82763574449,824.811384297091,2031.01467954538,2500.06950250226,3972.70936717468,304.28046840588,483.189459749873,3139.36567908973,2091.06430506895,2232.74151618705,1921.62408258349,213.13254417334,270.646881201331,2025.15578712478,Mitogen-activated protein kinase 8 interacting protein 1,Q9UQF2,604641.0,gene,9479.0,MAPK8IP1,ENSG00000121653,bacteria
sp|Q9UQF2|JIP1_HUMAN,sp,Q9UQF2,JIP1,HUMAN,0001259|tr|Q1G8E8|Q1G8E8_LACDA,1259,tr,Q1G8E8,Q1G8E8,EDLSEI,47,52,EDLSEI,154,159,NKKFNEDLSEIVDNMI,6,,weak,very_weak,,,,,,,strong,weak,very_weak,,,,,weak,very_weak,,weak,very_weak,,,,,,,,,,,,,,,,,,,,,very_weak,,,,,,,,weak,very_weak,,,very_weak,,,,,,,,,,,weak,very_weak,,,very_weak,,,,,,,,,,,,,strong,weak,very_weak,5.785,43.205,72.535,0.125,62.415000000000006,4.69,4.845000000000001,21.425,25.9,42.28,30.94,29.405,11.855,20.675,40.19,16.88,51.045,20.49,50.9,6.435,18.755,49.615,21.245,25.305,70.12,559.109870672605,1995.09904539462,6629.8414355856,23.6831425117645,4597.21373568124,991.609123652173,506.15721436076,968.923339064325,586.028696711425,3734.61878811447,7505.12684714999,2226.15617615123,1003.6443995974,1534.48536076809,5245.47157470452,350.247289542701,2569.09042089295,2788.03938240651,4613.50779593061,413.146958779086,1139.81679996812,3516.27159794431,1244.94583113452,998.521114365946,Mitogen-activated protein kinase 8 interacting protein 1,Q9UQF2,604641.0,gene,9479.0,MAPK8IP1,ENSG00000121653,bacteria
sp|Q9UQF2|JIP1_HUMAN,sp,Q9UQF2,JIP1,HUMAN,0001259|tr|Q1GC36|Q1GC36_LACDA,1259,tr,Q1GC36,Q1GC36,GQGQSQ,139,144,GQGQSQ,120,125,NSGFGGQGQSQNTGFN,6,,,,,,,,,,,,,,,,,,,,,,,,,,,,,,,,,,,,,,,,,,,,,,,,,,,,,,,,,,,,,,,,,,,,,,,,,,,,,,,,,,,,,93.465,64.84,67.815,91.73,92.79,63.515,95.0,83.81,95.0,31.3,95.0,95.0,88.62,95.0,95.0,62.015,83.345,95.0,95.0,53.19,95.0,46.96,61.790000000000006,61.02499999999999,67.965,22597.5266398405,11205.1399130738,14740.196752895,21261.847896198,19758.1687032639,22477.3089421326,40490.5975628314,14367.9535551829,37244.2593205183,1128.79578422689,41552.6591334346,36197.0232645835,12243.3946337156,36976.4427939668,38116.2738649251,5745.04556781146,10529.0407922964,38119.9857323395,38742.4505613292,8156.65159284995,35665.9719673797,3439.36064917291,9043.67162686103,10470.6474662524,Mitogen-activated protein kinase 8 interacting protein 1,Q9UQF2,604641.0,gene,9479.0,MAPK8IP1,ENSG00000121653,bacteria
sp|Q9UQF2|JIP1_HUMAN,sp,Q9UQF2,JIP1,HUMAN,0001259|tr|Q1G8B2|Q1G8B2_LACDA,1259,tr,Q1G8B2,Q1G8B2,HDISLE,37,42,HDISLE,381,386,GKQILHDISLEAKPGM,6,,,very_weak,,weak,very_weak,,,very_weak,strong,weak,very_weak,,weak,very_weak,,weak,very_weak,strong,weak,very_weak,,,very_weak,,weak,very_weak,,,,,,very_weak,,,,,,very_weak,,weak,very_weak,,,very_weak,,,very_weak,,weak,very_weak,,weak,very_weak,,,,,,,,,very_weak,strong,weak,very_weak,,,very_weak,,,very_weak,,,,,weak,very_weak,,,very_weak,strong,weak,very_weak,12.595,3.81,11.755,0.52,8.66,2.165,0.205,18.75,3.7,34.47,17.315,27.465000000000003,6.235,12.02,10.215,8.334999999999999,20.425,23.585,16.13,0.22,10.795000000000002,13.82,22.005000000000003,3.5,14.445,2159.79539036602,263.119364814243,855.311654771221,58.477834588356,446.073229731102,378.582362815215,35.4550430224701,1049.99847275004,161.058643813624,3136.24224777468,4096.27946634433,1651.12318370998,1276.74379051155,686.724099477279,1931.46279398881,111.006617041826,1188.91727909931,2392.10525270721,1330.20185646858,40.6467669874175,766.139177577669,1074.5941282519,988.716523311153,195.077641166489,Mitogen-activated protein kinase 8 interacting protein 1,Q9UQF2,604641.0,gene,9479.0,MAPK8IP1,ENSG00000121653,bacteria
sp|Q9UQF2|JIP1_HUMAN,sp,Q9UQF2,JIP1,HUMAN,0001259|tr|Q1G7R6|Q1G7R6_LACDA,1259,tr,Q1G7R6,Q1G7R6,VKIGVK,618,623,VKIGVK,390,395,YANQLVKIGVKVYTYN,6,,,,,,,,,very_weak,,,,,,very_weak,,,,,,very_weak,,,very_weak,,,very_weak,,,,,,,,,,,,very_weak,,,,,,,,,very_weak,,,,,,,,,,,,,strong,weak,very_weak,,,,,,,,,,,,,,,,,weak,very_weak,strong,weak,very_weak,56.195,20.625,16.95,31.695,14.485,36.17,12.435,17.490000000000002,10.725,58.165,27.02,21.16,74.56,27.38,12.114999999999998,24.7,28.21,32.87,0.305,41.495,24.805,27.45,24.675,40.305,9.995,7170.69542409113,339.006002944163,339.663205746536,3151.68593217265,215.710022856508,3016.36512505255,1108.22292476832,271.203837946403,213.204043616663,1743.13375589805,2413.8669170409,1106.53352135006,7199.30374400541,958.050476996041,1019.3710263467,85.3634527214228,517.604689412548,2363.19001196001,74.7588480141014,1257.0192730535,907.873025375259,262.346148205132,440.509577709751,1040.11597714778,Mitogen-activated protein kinase 8 interacting protein 1,Q9UQF2,604641.0,gene,9479.0,MAPK8IP1,ENSG00000121653,bacteria
sp|Q9UQF2|JIP1_HUMAN,sp,Q9UQF2,JIP1,HUMAN,0644875|tr|A0A934PBC7|A0A934PBC7_9STRE,644875,tr,A0A934PBC7,A0A934PBC7,YYAIEV,542,547,YYAIEV,153,158,DGMPLYYAIEVDADGR,6,strong,weak,very_weak,,,very_weak,,,very_weak,,,very_weak,,,very_weak,,,,,,,,,very_weak,,,,,,,,,,,,,,,,strong,weak,very_weak,,,very_weak,,,,strong,weak,very_weak,,,very_weak,,,,,,,,,,strong,weak,very_weak,,,very_weak,strong,weak,very_weak,,weak,very_weak,strong,weak,very_weak,,,,strong,weak,very_weak,1.42,11.18,17.41,13.405,16.07,23.15,36.995,17.73,42.79,21.57,21.755000000000003,27.5,0.025,19.875,22.965,15.71,20.86,20.095,29.64,1.125,14.985,1.42,7.115,0.6200000000000001,21.655,323.021319200735,747.066171194416,1415.54125213409,2089.14207668951,809.848886385683,6008.62924663536,5370.84216076465,994.12288838136,3843.99779342441,1917.80224361962,6962.06040527887,2627.79111085807,259.242275737612,1909.25153200444,4450.29077141534,246.313998898456,1489.29076138877,3314.84807133622,3341.89310863536,116.322175234962,1261.07881372316,648.760652880598,335.452159287076,82.0375450940459,Mitogen-activated protein kinase 8 interacting protein 1,Q9UQF2,604641.0,gene,9479.0,MAPK8IP1,ENSG00000121653,bacteria
sp|Q9UQF2|JIP1_HUMAN,sp,Q9UQF2,JIP1,HUMAN,0644875|tr|A0A934UCY3|A0A934UCY3_9STRE,644875,tr,A0A934UCY3,A0A934UCY3,GLLSAG,74,79,GLLSAG,81,86,ETISKGLLSAGVTSFL,6,,,,,,,,,,,,,,,,,,,,,,,,,,,,,,very_weak,,,,,,,,,,,,,,,,,,,,,,,,,,,,,,,,,,,,,,,,,,,,,very_weak,,,,,,,,,very_weak,48.91,51.46,50.98,24.305,49.010000000000005,51.22,30.645,22.595,37.085,15.695,38.81,60.985,22.985,51.54,63.225,33.905,20.65,55.255,30.59,44.675,57.185,32.465,14.57,37.255,58.32,2998.98753657378,672.452461651462,920.294907633527,1053.08175431097,567.324280531917,2521.85815947063,1572.98068865062,121.827662844193,247.617989110841,91.3208722066033,2746.36298962316,1706.46441779381,1435.48380914659,1042.49324665602,4288.99462542915,48.3255310431646,362.311867215,2485.6663459938,753.348753164614,586.56790417106,1495.73406408526,228.389528270813,87.278015194422,464.966872310563,Mitogen-activated protein kinase 8 interacting protein 1,Q9UQF2,604641.0,gene,9479.0,MAPK8IP1,ENSG00000121653,bacteria
sp|Q9UQF2|JIP1_HUMAN,sp,Q9UQF2,JIP1,HUMAN,0644875|tr|A0A934P9J9|A0A934P9J9_9STRE,644875,tr,A0A934P9J9,A0A934P9J9,DLSEIT,48,53,DLSEIT,188,193,YILANDLSEITSLTHH,6,,,,,,,,,,,,very_weak,,,,,,,,,very_weak,,,,,,,,,,,,,,,,,,,,,,,,,,,,,,,,,,,,,,,,,,,,,,,,,,,,,,,,,,,,,,,very_weak,34.06,53.78,61.76,10.45,62.34,26.685,16.43,40.31,26.35,61.03,61.55,49.255,31.145000000000003,39.165000000000006,60.900000000000006,58.395,35.535,48.175,45.705000000000005,28.5,45.315000000000005,51.08,56.435,31.615,53.85,882.73690844774,939.175999256279,2245.09603325525,224.270690375188,1806.84914931489,390.975200588359,329.295620724175,878.782121682349,65.2255855740787,2396.35367683569,6185.74683818864,904.255570114453,1705.92905835615,561.936030752719,3758.00698873202,393.525873971475,762.855321403649,1535.56492178341,1577.22420864202,326.796863929031,1127.12379887745,1367.68002656603,998.164653364111,354.36789570101,Mitogen-activated protein kinase 8 interacting protein 1,Q9UQF2,604641.0,gene,9479.0,MAPK8IP1,ENSG00000121653,bacteria
sp|Q9UQF2|JIP1_HUMAN,sp,Q9UQF2,JIP1,HUMAN,0644875|tr|A0A934P8Y0|A0A934P8Y0_9STRE,644875,tr,A0A934P8Y0,A0A934P8Y0,ALSYDS,373,378,ALSYDS,37,42,EETFDALSYDSRNVSK,6,,,very_weak,,,,,,,,weak,very_weak,,weak,very_weak,,,,strong,weak,very_weak,,,,,,very_weak,,,,,,,,,,,,,,,,,,,,,very_weak,,,,,,,,,,,,very_weak,,,,,,,,,very_weak,,weak,very_weak,,,,,,,,,,strong,weak,very_weak,11.775,27.735,31.63,7.775,3.795,20.42,0.4649999999999999,35.445,19.505,40.48,62.23,22.185,23.305,21.53,18.23,43.66,38.04,18.385,38.89,28.385,18.520000000000003,4.085,44.150000000000006,43.055,20.92,1232.3881688299,1575.38224169984,2817.39349186303,763.970415532188,166.293086115118,3863.97169446724,61.5951246600481,1527.32969123367,1145.8138152067,1662.54235929197,12359.7232896375,2332.07441393113,1474.82681236658,2245.07174194536,3912.81613336923,690.068377207076,2081.2456188368,2922.27193858387,4719.584811291,1379.82358217185,1591.69321531079,256.749522753937,1464.41173064242,2028.73055153523,Mitogen-activated protein kinase 8 interacting protein 1,Q9UQF2,604641.0,gene,9479.0,MAPK8IP1,ENSG00000121653,bacteria
sp|Q9UQF2|JIP1_HUMAN,sp,Q9UQF2,JIP1,HUMAN,0644875|tr|A0A934P9D8|A0A934P9D8_9STRE,644875,tr,A0A934P9D8,A0A934P9D8,ELELEV,506,511,ELELEV,146,151,DNSDYELELEVSDAKK,6,,,very_weak,,,,,,,,,,,,,,,,,,very_weak,,,,,,,,,,,,,,,,,,,,weak,very_weak,,,,,,,,weak,very_weak,,,,,,,,,,,,,,,,,,very_weak,,,,,,,,,very_weak,,,,,weak,very_weak,11.125,23.015,44.55,22.8,55.9,39.43000000000001,19.705,44.42,62.405,51.625,37.935,45.655,6.82,25.075,31.725,33.48,33.715,23.485,54.205,22.975,18.225,29.555,38.53,11.105,42.825,1141.7175981462,1607.42503796709,7401.58207524107,4267.83944219451,8938.60811127298,13880.3527154423,2836.81721016446,7714.82916172927,8825.78424453177,6698.19466782168,12595.2980958271,5249.78671643578,1262.38937518829,2764.93799282555,5926.05154571726,1684.70652773109,3041.89632720609,4574.14233522162,10070.6440429613,2007.78893850448,1623.73393713112,4101.73455822748,4817.66432402366,785.393148547742,Mitogen-activated protein kinase 8 interacting protein 1,Q9UQF2,604641.0,gene,9479.0,MAPK8IP1,ENSG00000121653,bacteria
sp|Q9UQF2|JIP1_HUMAN,sp,Q9UQF2,JIP1,HUMAN,0644875|tr|A0A934P9A4|A0A934P9A4_9STRE,644875,tr,A0A934P9A4,A0A934P9A4,AQLELV,389,394,AQLELV,2,7,MAQLELVRQKAL,6,,,,,,,,,,,,,,,,,,,,,,,,,,,,,,,,,,,,,,,,,,,,,,,,,,,,,,,,,,,,,,,,,,,,,,,,,,,,,,,,,,,,,79.42500000000001,75.605,64.9,80.84,57.085,90.51,77.655,52.985,74.7,95.0,81.46000000000001,70.14,87.58500000000001,63.55,58.68,76.99000000000001,80.14,63.44,28.225,90.64,61.545,74.155,58.63,86.025,52.5,11135.4039969298,4001.69976929668,4730.4229873907,11236.0980689077,4799.66242469017,20376.9300123873,11711.6281579889,3221.71071335745,6389.96456425334,17132.6152739267,15024.7190758192,6533.9879314571,10101.8554800918,3500.85909168318,5532.5107469871,3640.3061772838,5901.1618401947,6907.36233208545,2967.0671791757,10782.9090029669,2897.58800565416,4680.83335303887,3665.6808555643,7659.27039119336,Mitogen-activated protein kinase 8 interacting protein 1,Q9UQF2,604641.0,gene,9479.0,MAPK8IP1,ENSG00000121653,bacteria
sp|Q9UQF2|JIP1_HUMAN,sp,Q9UQF2,JIP1,HUMAN,0644875|tr|A0A934UCY0|A0A934UCY0_9STRE,644875,tr,A0A934UCY0,A0A934UCY0,EEYEEA,429,434,EEYEEA,248,253,KHITKEEYEEALATPV,6,,,,,,,,,,,,very_weak,,,,,,,,,,,weak,very_weak,,,,,,very_weak,,,very_weak,,,very_weak,,,,,,very_weak,,,very_weak,,,,,weak,very_weak,,weak,very_weak,,,,,,very_weak,,,,,,,,,very_weak,,,,strong,weak,very_weak,,,,,,,strong,weak,very_weak,27.18,35.365,64.37,18.515,53.23,24.17,45.995000000000005,3.82,54.39,12.15,14.195,16.185000000000002,14.765,14.985,22.41,8.39,44.55,14.035,69.515,34.045,13.53,25.625,1.955,31.62,66.155,3625.80123621396,3338.09861749901,5979.70372640355,2445.80918241796,5247.74225961264,4900.41336399385,7681.92778625515,148.855929263601,3177.84672468138,538.064837475866,4069.94923596226,1327.84358117833,1291.68063035724,1274.42513225271,3764.5998150008,94.9070302430644,2916.96488323311,2080.43510651775,9725.93272555055,1973.94921615214,989.915391247274,2771.7672646197,97.103907303417,1666.23406161878,Mitogen-activated protein kinase 8 interacting protein 1,Q9UQF2,604641.0,gene,9479.0,MAPK8IP1,ENSG00000121653,bacteria
sp|Q9UQF2|JIP1_HUMAN,sp,Q9UQF2,JIP1,HUMAN,0644875|tr|A0A934P9X0|A0A934P9X0_9STRE,644875,tr,A0A934P9X0,A0A934P9X0,SAIGEE,425,430,SAIGEE,83,88,NKLSQSAIGEELELLL,6,,,,,,,,,,,,,,,,,,,,,,,,,,,,,,,,,,,,,,,,,weak,very_weak,,,,,,,,weak,very_weak,,,,,,,,,,,,,,,,,,,,,,,,,,,,,,,,weak,very_weak,35.905,66.46,74.9,48.645,77.825,79.895,63.615,45.76,81.15,31.300000000000004,54.465,40.43,6.645,21.58,43.785,47.010000000000005,32.04,27.35,66.295,70.68,22.47,49.935,32.84,66.82499999999999,78.50999999999999,1680.64654998306,2804.89255937163,5910.2993518507,2962.25563336621,5693.74524446409,13957.0064083779,5277.00817900758,1693.68036562467,5828.31623462676,1159.99677864872,5385.15658748087,710.763329563653,415.675836375748,361.247158224058,2440.54868822679,536.193498209752,856.422889910425,714.209220603314,5535.20512715102,4486.35689539916,343.139121407221,1931.29561723061,807.530179989949,2814.10318878076,Mitogen-activated protein kinase 8 interacting protein 1,Q9UQF2,604641.0,gene,9479.0,MAPK8IP1,ENSG00000121653,bacteria
sp|Q9UQF2|JIP1_HUMAN,sp,Q9UQF2,JIP1,HUMAN,0644875|tr|A0A934UD70|A0A934UD70_9STRE,644875,tr,A0A934UD70,A0A934UD70,EEDDDE,110,115,EEDDDE,63,68,DDLFWEEDDDEK,6,,,,,,,,,,,,,,,,,,,,,,,,,,,,,,,,,,,,,,,,,,,,,,,,,,,,,,,,,,,,,,,,,,,,,,,,,,,,,,,,,,,,,36.555,95.0,95.0,65.58500000000001,95.0,95.0,84.47,95.0,95.0,89.83500000000001,95.0,95.0,66.845,91.18,79.525,95.0,95.0,83.445,95.0,91.935,79.715,95.0,95.0,70.27,95.0,8665.9613173744,25481.7277907147,34542.5592038242,16612.3701020996,30011.7552050989,37751.8078034688,21803.0230676605,34894.1598743881,32650.9913407464,24663.6176171926,36655.7793829511,28100.9924188708,9688.96135674822,22448.872603506,24232.4573700702,31989.0410714016,26038.3053193795,22968.2632904718,32891.7493726255,27724.3927281348,17533.178833307,24271.5551598823,32999.4013507434,15908.3933251106,Mitogen-activated protein kinase 8 interacting protein 1,Q9UQF2,604641.0,gene,9479.0,MAPK8IP1,ENSG00000121653,bacteria
sp|Q9UQF2|JIP1_HUMAN,sp,Q9UQF2,JIP1,HUMAN,0644875|tr|A0A934P9Y7|A0A934P9Y7_9STRE,644875,tr,A0A934P9Y7,A0A934P9Y7,LELEVD,507,512,LELEVD,70,75,DGENILELEVDERARL,6,,weak,very_weak,,weak,very_weak,,,,,weak,very_weak,,,,,,,strong,weak,very_weak,,,,,,,,,,,,,,,,,,,,weak,very_weak,,,,,,,,weak,very_weak,,,,,,,,,,,,very_weak,,weak,very_weak,,,,,,,,,,,,very_weak,,,,strong,weak,very_weak,4.66,3.445,47.055,5.48,32.055,29.67,0.69,63.55,26.485,57.16,40.985,47.815,7.93,24.505000000000003,20.375,33.05,39.495,33.53,16.974999999999998,5.195,20.935,41.835,62.650000000000006,17.88,41.615,678.048873498975,270.963326693087,4882.41921077984,312.982166139891,2883.13986495239,6422.12525803168,42.1329520708353,6033.90693838299,1047.78546175763,6996.79763586611,9731.51164410029,4489.07603675728,977.177389905516,1882.66601341582,3358.5311600359,1121.22460434171,2712.66655592622,4209.82337958823,2442.7942473021,345.5272269477,1357.16964966666,4317.39588967738,4980.91768249451,969.416190546536,Mitogen-activated protein kinase 8 interacting protein 1,Q9UQF2,604641.0,gene,9479.0,MAPK8IP1,ENSG00000121653,bacteria
sp|Q9UQF2|JIP1_HUMAN,sp,Q9UQF2,JIP1,HUMAN,0644875|tr|A0A934UDV6|A0A934UDV6_9STRE,644875,tr,A0A934UDV6,A0A934UDV6,SGGLGG,6,11,SGGLGG,33,38,ENRIVSGGLGGLSIAT,6,,,,,,,,,,,,,,,,,,,,,,,,,,,,strong,weak,very_weak,,,,,,,,,,,,,,,,,,,,,,,,,,,,,,,,,,,,,,,,,,,,,very_weak,,,,,,,strong,weak,very_weak,76.22,38.985,45.655,66.575,40.865,54.150000000000006,55.18000000000001,42.435,47.595,0.925,22.675,52.515,57.09,49.22,63.77,28.565,26.845,55.46,41.895,62.065,67.955,32.695,18.32,68.025,45.52,10946.7778409425,1924.32888543395,1929.20712824574,8902.60657551811,1297.88672611535,7732.96402755455,7161.46871048862,1116.04436819067,1636.2378608101,26.0873115179615,4563.95850026463,4004.77507317899,4636.47674716581,4313.33374769908,8582.35488738966,121.830299169319,812.780817631937,7480.40050686415,3850.53316168942,3152.50445147462,5191.49359570004,483.602648536938,355.743194756979,4116.53970646456,Mitogen-activated protein kinase 8 interacting protein 1,Q9UQF2,604641.0,gene,9479.0,MAPK8IP1,ENSG00000121653,bacteria
sp|Q9UQF2|JIP1_HUMAN,sp,Q9UQF2,JIP1,HUMAN,0644875|tr|A0A934UDM1|A0A934UDM1_9STRE,644875,tr,A0A934UDM1,A0A934UDM1,VSEDST,675,680,VSEDST,138,143,VYVLSVSEDSTFKNVL,6,,,very_weak,,,,,,,,weak,very_weak,,,,,,,,weak,very_weak,,,very_weak,,,,,,,,,,,,,,,,,weak,very_weak,,,,,,,,weak,very_weak,,,,,,,,,,,,,,weak,very_weak,,,,,,,,,very_weak,,,very_weak,,,,,weak,very_weak,19.42,22.28,35.39,8.665000000000001,38.62,21.085,6.695,14.41,28.405,24.885,37.955,35.345,9.7,40.23,53.28,20.2,57.865,43.57,28.265,9.46,38.51,32.695,11.215,13.38,38.25,1433.32653706713,596.810764217602,777.984260153958,485.899911037704,1120.75157948679,627.619250673011,419.103509475041,122.821625045411,404.670302175276,1211.81388130841,3647.32387329623,1429.68672170758,1147.48869407546,1259.33351463712,3661.36026172492,33.3013302744658,2190.76833182422,2630.69278768817,1854.2625615052,63.0202266986211,1266.94595035601,1153.46367131027,93.0050672511117,100.924807928115,Mitogen-activated protein kinase 8 interacting protein 1,Q9UQF2,604641.0,gene,9479.0,MAPK8IP1,ENSG00000121653,bacteria
sp|Q9UQF2|JIP1_HUMAN,sp,Q9UQF2,JIP1,HUMAN,0644875|tr|A0A934P8M7|A0A934P8M7_9STRE,644875,tr,A0A934P8M7,A0A934P8M7,DEEDDD,109,114,DEEDDD,52,57,KKDHKDEEDDDDFDF,6,,,,,,,,,,,,,,,,,,,,,,,,,,,,,,,,,,,,,,,,,,,,,,,,,,,,,,,,,,,,,,,,,,,,,,,,,,,,,,,,,,,,,45.285,95.0,95.0,68.72,95.0,95.0,82.375,95.0,95.0,93.165,95.0,95.0,62.45,95.0,95.0,95.0,95.0,95.0,95.0,95.0,95.0,95.0,95.0,95.0,95.0,15664.3180305373,34969.7510475162,39878.8600495713,16831.1059098032,36784.1076845305,42040.6101062158,23026.737805369,40612.1331004763,37514.421509824,34833.4277081907,42583.5622214976,36132.8506391055,14039.8547401293,37038.1059972963,37371.4128896357,37427.6598811704,37267.2359587591,36838.2749690381,38624.4206255128,37841.367965043,33905.2993596007,33864.9701034187,40623.9990190579,36889.727942278,Mitogen-activated protein kinase 8 interacting protein 1,Q9UQF2,604641.0,gene,9479.0,MAPK8IP1,ENSG00000121653,bacteria
sp|Q9UQF2|JIP1_HUMAN,sp,Q9UQF2,JIP1,HUMAN,0644875|tr|A0A934UD72|A0A934UD72_9STRE,644875,tr,A0A934UD72,A0A934UD72,ATVYDN,410,415,ATVYDN,295,300,AIGDCATVYDNSLNDV,6,,,very_weak,,,,,,,,,very_weak,,,,,,,,,,,,,,,,,,,,,,,,,,,,,,very_weak,,,,,,,,,very_weak,,,,,,,,,,,,,,,,,,,,,,,,,,,,,,,,,very_weak,14.425,79.595,81.47999999999999,19.765,47.995000000000005,50.290000000000006,43.44,63.285,45.525,37.885,81.62,66.24,12.44,61.9,76.85,73.405,59.045,57.51,71.28999999999999,58.7,67.50999999999999,62.745,81.22,48.325,81.57499999999999,1839.65456599787,7104.97334100165,10380.631147066,2019.8819375474,4759.12049434753,5523.00110346261,5653.78126154924,6072.9428453638,1172.13380742652,2641.33113047606,19019.4045849803,4749.50110753077,1260.01498442502,4913.79298533377,11903.3835914079,4053.73236547119,3324.43811787193,6221.99396629398,9352.7599046403,4733.49491208404,4462.055176655,3874.68920379264,6890.41804766962,3590.1213968633,Mitogen-activated protein kinase 8 interacting protein 1,Q9UQF2,604641.0,gene,9479.0,MAPK8IP1,ENSG00000121653,bacteria
sp|Q9UQF2|JIP1_HUMAN,sp,Q9UQF2,JIP1,HUMAN,0644875|tr|A0A934P9D2|A0A934P9D2_9STRE,644875,tr,A0A934P9D2,A0A934P9D2,AEDDEE,106,111,AEDDEE,364,369,EEYVEAEDDEEGLIKA,6,,,,,,,,,,,,,,,,,,,,,,,,,,,,,,,,,,,,,,,,,weak,very_weak,,,,,,,,weak,very_weak,,,,,,,,,,,,,,,,,,,,,,,,,,,,,,,,weak,very_weak,21.380000000000003,39.405,78.655,34.84,62.19,65.11500000000001,38.895,68.735,81.765,54.7,77.065,78.84,7.465,75.115,73.19,65.47,57.105,68.41,73.655,27.62,67.09,71.07,62.855,22.21,75.475,3841.42000350692,5868.11694090859,19172.5047355849,6015.39430390451,15349.2382169481,23508.8261015022,8183.7018152878,16552.0863813939,17486.0058350204,9408.27758032936,24777.8282745794,13858.5933495511,1436.74242153147,12405.409265817,17002.4258195209,10479.1476709793,7516.3413429838,15307.775480845,20444.2856178799,3025.45170367623,9289.22397894529,12789.2005049797,13694.4812442353,1948.35915953324,Mitogen-activated protein kinase 8 interacting protein 1,Q9UQF2,604641.0,gene,9479.0,MAPK8IP1,ENSG00000121653,bacteria
sp|Q9UQF2|JIP1_HUMAN,sp,Q9UQF2,JIP1,HUMAN,0644875|tr|A0A934PBA7|A0A934PBA7_9STRE,644875,tr,A0A934PBA7,A0A934PBA7,TKALAE,680,685,TKALAE,462,467,TEPVMTKALAENQQLD,6,,,,,,,,,very_weak,,,,,,,,,,,,,,,,,,,,,,,,very_weak,,,very_weak,,,,,weak,very_weak,,,,,,,,,,,,,,,very_weak,,,,,,,,,,,,,,weak,very_weak,,,very_weak,,,,,,,,weak,very_weak,44.32,20.275,17.845,60.77,49.955,37.5,49.345,22.59,45.345,20.67,12.815,18.625,5.755,25.415,23.135,31.95,11.28,29.015,40.95,25.03,26.43,4.83,14.39,31.865,31.875,6751.60162681341,1018.45599968914,1310.94157867048,7428.37834566008,3432.03747203424,8004.87399587148,7281.32336786383,956.848787595956,2857.02392569865,1134.61204450724,3508.25320043497,2138.7732370749,1120.1575490725,2760.63344073431,5035.70201518469,437.611759385904,800.995056594895,5994.73276527079,5100.40670115187,1379.76386592317,2358.03067534588,664.676302059482,536.048480454681,1677.04992774652,Mitogen-activated protein kinase 8 interacting protein 1,Q9UQF2,604641.0,gene,9479.0,MAPK8IP1,ENSG00000121653,bacteria
sp|Q9UQF2|JIP1_HUMAN,sp,Q9UQF2,JIP1,HUMAN,0644875|tr|A0A934P9X2|A0A934P9X2_9STRE,644875,tr,A0A934P9X2,A0A934P9X2,SAGGGG,77,82,SAGGGG,188,193,GIVVISAGGGGIPVVE,6,,,,,,,,,very_weak,,,,,,very_weak,,,,,,,,,very_weak,,,,,weak,very_weak,,,,,,,,,,,,,,,,,,,,,,,weak,very_weak,,,,,,,,,,,,,,,,,,,,weak,very_weak,,,,,,,,weak,very_weak,79.59,39.655,16.8,47.61,18.735,28.62,49.505,10.81,20.1,3.65,50.58,76.265,42.260000000000005,72.72,75.025,7.689999999999999,46.510000000000005,74.965,26.065,37.04,80.88,32.825,4.875,49.71,26.32,14140.7789255502,1853.94158593233,629.918709754024,6926.74613663838,825.29343602753,4373.76997340864,7184.59665618361,345.770316737595,432.106887586362,39.1659387802953,8991.66739551561,9164.23725343025,3166.00649621232,9605.45734512135,12896.6139558095,58.6241750658946,1746.5886138111,12955.3534914841,2684.83928989804,2223.38794935637,9915.49097792428,811.41009388414,136.53822751073,3285.24817070884,Mitogen-activated protein kinase 8 interacting protein 1,Q9UQF2,604641.0,gene,9479.0,MAPK8IP1,ENSG00000121653,bacteria
sp|Q9UQF2|JIP1_HUMAN,sp,Q9UQF2,JIP1,HUMAN,0283361|tr|A0A416AAZ0|A0A416AAZ0_9BACT,283361,tr,A0A416AAZ0,A0A416AAZ0,DEERAA,114,119,DEERAA,188,193,IDLRTDEERAAVPGQE,6,,,,,,,,,,,,very_weak,,,,,,,,weak,very_weak,,,,,,,,,,,,,,,,,,,,weak,very_weak,,,,,,,,,very_weak,,,,,,,,,,,,,,,,,,,,,,,,,,,,,,,,weak,very_weak,48.715,45.92,67.98,11.925,55.07,48.405,6.470000000000001,79.755,49.73,25.315,49.18,74.765,9.225,67.225,54.145,73.25,42.32,68.94,54.825,43.255,61.05,40.68,72.97,64.52000000000001,65.785,10644.6177139467,5553.20122609075,11587.7252048316,2184.87407204702,10003.8547892422,15146.4826658505,995.576034954213,15209.3795441519,6834.21207518211,1853.42011912407,15306.7817526807,15526.7954417963,1403.84261024501,13119.9737270728,14557.2945373567,7216.9295258102,4545.57649793434,17622.7579980063,12423.9459825657,4973.21702459685,9981.04230673298,4580.72940396719,10111.3690428265,10386.810372485,Mitogen-activated protein kinase 8 interacting protein 1,Q9UQF2,604641.0,gene,9479.0,MAPK8IP1,ENSG00000121653,bacteria
sp|Q9UQF2|JIP1_HUMAN,sp,Q9UQF2,JIP1,HUMAN,0283361|tr|A0A416A3K6|A0A416A3K6_9BACT,283361,tr,A0A416A3K6,A0A416A3K6,LLSAGG,75,80,LLSAGG,111,116,DGSYILLSAGGTTTAI,6,,,,,,,,weak,very_weak,,,,,,very_weak,,,very_weak,,,,,,very_weak,,,,,weak,very_weak,,,,,,,,weak,very_weak,,,,,,,,,,,,,strong,weak,very_weak,,,,,,,,,,,,very_weak,,,,,,very_weak,,,very_weak,,,very_weak,,weak,very_weak,strong,weak,very_weak,51.39,39.775000000000006,7.23,44.370000000000005,18.67,11.9,42.885,16.625,21.19,8.655,32.72,60.67,45.35,56.755,59.37,0.62,40.44500000000001,60.85,33.495000000000005,10.855,65.595,12.08,10.055,15.85,6.51,5132.90354233753,593.635761165939,182.916685399543,4333.91720319614,181.336299564998,615.35443463083,2996.45763061436,138.349503899658,128.316401825463,43.4458369749197,2674.54654500331,3342.72485860077,3617.25909472426,2982.67806251056,4908.10749894073,4.9944514319834,699.19992753301,5444.6816237838,1481.72046947335,213.00344466358,3753.86187461699,321.407171835889,66.7325180226799,323.360514013539,Mitogen-activated protein kinase 8 interacting protein 1,Q9UQF2,604641.0,gene,9479.0,MAPK8IP1,ENSG00000121653,bacteria
sp|Q9UQF2|JIP1_HUMAN,sp,Q9UQF2,JIP1,HUMAN,0283361|tr|A0A416AFD2|A0A416AFD2_9BACT,283361,tr,A0A416AFD2,A0A416AFD2,VRLEAT,273,278,VRLEAT,104,109,RPGDRVRLEATAEDGE,6,,,,,,,,,,,,,,,,,,,,,,,,,,,,,,,,,,,,,,,,,weak,very_weak,,,,,,,,,very_weak,,,,,,,,,,,,,,,very_weak,,,,,,,,,,,weak,very_weak,,,,,weak,very_weak,37.61,31.8,41.685,41.745000000000005,58.43,47.03,38.765,52.98,64.92,45.34,21.315,66.49000000000001,3.12,48.325,45.26,49.235,45.11,48.35,50.955,19.18,41.53,35.7,47.89,9.84,50.55499999999999,8776.26729844171,3777.77931107256,6866.82529463959,10505.2580184583,11022.1280304146,18855.2824279698,10111.5878507363,11107.6072673952,11238.2865796316,4912.62346921824,7494.57777279843,12854.2639379965,1041.62508332365,10213.4062223643,13594.3887149426,4275.83555774853,4325.85927543349,14416.3824502681,12935.0441893612,1826.93982481688,6899.74345186884,4885.43126101234,7170.85059643931,725.565377667346,Mitogen-activated protein kinase 8 interacting protein 1,Q9UQF2,604641.0,gene,9479.0,MAPK8IP1,ENSG00000121653,bacteria
sp|Q9UQF2|JIP1_HUMAN,sp,Q9UQF2,JIP1,HUMAN,0283361|tr|A0A415ZQ98|A0A415ZQ98_9BACT,283361,tr,A0A415ZQ98,A0A415ZQ98,GLLSAG,74,79,GLLSAG,26,31,KMASLGLLSAGIAHEI,6,,,,,,,,,very_weak,,,,,,,,,,,,,,,very_weak,,,,,weak,very_weak,,,,,,,,,,,weak,very_weak,,,,,,,,,very_weak,,weak,very_weak,,,very_weak,,,,,,very_weak,,,,,,,,,,,,very_weak,,,very_weak,,,,,weak,very_weak,27.83,30.54,19.565,51.175,22.305,35.96,49.8,19.785,39.61,3.955,37.305,50.245,5.38,34.97,51.205,2.705,18.275,48.525,10.585,21.385,40.92,28.835,11.76,10.15,22.58,1223.12921117316,292.919172531382,377.057567645611,3943.1609575813,359.897305984576,3130.44499319054,4142.49898202231,164.448363157462,477.839681124298,44.3616593308859,1479.78188042196,1071.32034783408,564.849810198461,403.26289664801,1892.98103289289,11.2658965014092,111.363907700908,1508.93297062622,388.583982680359,385.731313884152,712.565140121905,165.29749221735,81.8380716855868,139.602066845461,Mitogen-activated protein kinase 8 interacting protein 1,Q9UQF2,604641.0,gene,9479.0,MAPK8IP1,ENSG00000121653,bacteria
sp|Q9UQF2|JIP1_HUMAN,sp,Q9UQF2,JIP1,HUMAN,0283361|tr|A0A3R6QVC8|A0A3R6QVC8_9BACT,283361,tr,A0A3R6QVC8,A0A3R6QVC8,PLLVEL,514,519,PLLVEL,193,198,RLMILPLLVELDGGKK,6,,,very_weak,,weak,very_weak,,,very_weak,,,,,,,,,,,,,,,,,,,,,,,,,,,,,,very_weak,,weak,very_weak,,weak,very_weak,,,,,,,,,,,,,,,very_weak,,weak,very_weak,,,very_weak,,,very_weak,,,,,,,strong,weak,very_weak,,,,strong,weak,very_weak,13.625,5.09,18.925,38.065,25.785000000000004,38.41,28.125,43.620000000000005,51.125,62.185,22.315,27.775,8.265,7.745,21.105,22.775,33.735,14.075,5.805,12.97,11.185,28.02,34.575,1.295,20.285,479.346556867313,110.796629184207,633.493362985325,3498.43570560869,582.167306331234,4894.8492796651,2332.12487953336,1054.86073657886,1547.69127321045,3841.0875113952,1356.02475941861,381.213013909042,1026.23222243579,114.05396545519,631.706925320594,131.501297788153,995.511405580281,303.685154777257,280.80382528544,376.539804190665,183.30698745764,850.660190542261,770.103469230016,48.9078301089435,Mitogen-activated protein kinase 8 interacting protein 1,Q9UQF2,604641.0,gene,9479.0,MAPK8IP1,ENSG00000121653,bacteria
sp|Q9UQF2|JIP1_HUMAN,sp,Q9UQF2,JIP1,HUMAN,0283361|tr|A0A3R6LRQ9|A0A3R6LRQ9_9BACT,283361,tr,A0A3R6LRQ9,A0A3R6LRQ9,LSSDTS,367,372,LSSDTS,67,72,RVEMLLSSDTSSATAK,6,,,,,,very_weak,,,very_weak,,weak,very_weak,,,,,weak,very_weak,,weak,very_weak,,,very_weak,,,very_weak,,,very_weak,,,,,,,,,,,,,,,,,,,,,,,,very_weak,,,very_weak,,,,,,,strong,weak,very_weak,,,,,,,,weak,very_weak,,weak,very_weak,,,,strong,weak,very_weak,37.64,10.15,11.345,2.555,28.465000000000003,6.6450000000000005,4.485,18.700000000000003,16.87,14.675,42.485,71.43,21.200000000000003,60.16,68.52,19.565,12.175,64.93,42.175,0.76,64.925,27.855,8.96,6.52,30.585,3133.83389829581,298.831789984726,421.372397824652,152.039811879245,657.018499606775,560.575754610973,291.093021453875,482.917680065696,264.721328852359,400.744491787508,5930.34904698881,5592.09121202572,2191.45584488135,3259.47258038149,6956.93998857097,42.6383268334221,497.217296336008,6556.50807528405,1549.33321985607,44.4659380806659,3543.92454855216,521.918044668585,223.024487676201,166.705626225145,Mitogen-activated protein kinase 8 interacting protein 1,Q9UQF2,604641.0,gene,9479.0,MAPK8IP1,ENSG00000121653,bacteria
sp|Q9UQF2|JIP1_HUMAN,sp,Q9UQF2,JIP1,HUMAN,0283361|tr|A0A415ZTN5|A0A415ZTN5_9BACT,283361,tr,A0A415ZTN5,A0A415ZTN5,LIDATG,96,101,LIDATG,257,262,YIMLPLIDATGTPVPT,6,,,,,,,,,,,,,,,,,,very_weak,,,,,weak,very_weak,,,very_weak,,,very_weak,,,,,,,,,,,,,,,,,,,,,,,,very_weak,,,,,,,,,,,,very_weak,,,,,,,,weak,very_weak,,,,,,,,weak,very_weak,33.545,30.48,34.57,27.245,30.37,15.26,49.485,8.665000000000001,13.71,11.21,53.935,60.34,41.41,55.05,63.045,10.045,46.1,55.91,33.94,18.605,62.565,45.14,4.97,20.015,41.44500000000001,1803.1190108797,544.583608682888,812.481872941888,2747.52212067283,980.513517272635,2053.08690693923,4796.23618348822,258.897497104556,197.027047327156,242.558533164462,5798.564535219,2425.88466881639,2945.66780850813,1319.05149642445,3931.44576014454,58.7886893185023,1500.82432848466,2841.76320789177,1587.41076647293,475.709185487861,2126.26749145416,777.588732722611,157.918100832229,377.85803324928,Mitogen-activated protein kinase 8 interacting protein 1,Q9UQF2,604641.0,gene,9479.0,MAPK8IP1,ENSG00000121653,bacteria
sp|Q9UQF2|JIP1_HUMAN,sp,Q9UQF2,JIP1,HUMAN,0283361|tr|A0A3R6LT30|A0A3R6LT30_9BACT,283361,tr,A0A3R6LT30,A0A3R6LT30,GAEDDE,105,110,GAEDDE,262,267,TGANTGAEDDENLDNV,6,,,,,,,,,,,,,,,,,,,,,,,,,,,,,,,,,,,,,,,,,,very_weak,,,,,,,,,,,,,,,,,,,,,,,,,,,,,,,,,,,,,,,,,,very_weak,33.95,95.0,95.0,67.565,95.0,95.0,76.10499999999999,95.0,95.0,54.91,95.0,90.26,18.32,91.615,86.935,95.0,47.84,84.73500000000001,95.0,95.0,86.83500000000001,70.56,95.0,95.0,95.0,8236.20007714,35832.2946768182,37057.7476641924,16324.7846323653,36164.1401335835,38460.1154691695,20025.9075995445,36218.9619612353,35302.3925060774,9154.6242623415,40978.4895036899,20756.3266946346,2630.35124770861,21541.8035824885,24857.5792554739,32989.0486350548,9013.77887970542,23331.4464720128,38292.3658804149,35665.5860715583,17658.4501943282,14722.5044708545,36107.8385364252,34765.2773784801,Mitogen-activated protein kinase 8 interacting protein 1,Q9UQF2,604641.0,gene,9479.0,MAPK8IP1,ENSG00000121653,bacteria
sp|Q9UQF2|JIP1_HUMAN,sp,Q9UQF2,JIP1,HUMAN,0283361|tr|A0A415ZPG0|A0A415ZPG0_9BACT,283361,tr,A0A415ZPG0,A0A415ZPG0,AYPSTA,317,322,AYPSTA,401,406,NLKIDAYPSTADHPIL,6,,,very_weak,,,,,,,,,very_weak,,weak,very_weak,,,,,,,,,,,,,,,,,,,,,,,,,,,,,,,,,,,,,,,,,,,,,,,,,,,,,,,,weak,very_weak,,,,,,very_weak,,,,,weak,very_weak,13.795,47.105,42.215,14.005,8.515,30.035,20.135,34.175,33.94,30.305,38.84,53.27,20.93,60.625,52.145,41.23,56.465,48.915,37.03,27.62,59.955,8.715,39.395,10.905,47.795,2523.87812803547,3602.37823207775,4432.22271295131,1293.93267868777,533.652681075185,5123.19378406417,2036.18540563091,3072.75934059461,2267.72750571365,1484.3841540921,12492.4215615833,6867.04819083872,2127.25696855538,7506.91354357641,10605.4162864968,1482.69873737393,3584.6097389376,8456.6250237634,6353.42628852228,2355.73558976295,6558.77854715563,989.872549514142,2476.35150057,751.443816112451,Mitogen-activated protein kinase 8 interacting protein 1,Q9UQF2,604641.0,gene,9479.0,MAPK8IP1,ENSG00000121653,bacteria
sp|Q9UQF2|JIP1_HUMAN,sp,Q9UQF2,JIP1,HUMAN,0283361|tr|A0A3R6KZY5|A0A3R6KZY5_9BACT,283361,tr,A0A3R6KZY5,A0A3R6KZY5,GAGSRL,82,87,GAGSRL,991,996,FATGAGAGSRLSLGAA,6,,,,,,,,,,,,,,,,,,,,,,,,,,,,,,very_weak,,,,,,,,,,,,,,,,,,,,,,,,,,weak,very_weak,,,,,,,,,,,,,,,,,,,,,,,,,,weak,very_weak,90.395,71.965,70.975,90.24,75.13,76.32,74.69,69.66,79.59,11.04,80.16,89.23,63.585,89.675,88.705,62.62,2.335,90.015,82.88,76.25,90.57,28.48,59.695,86.89,71.27,18240.6410380026,5064.77171468338,4455.68697021092,15405.474454391,5584.71444898686,10262.8113604511,11361.5259382418,3033.41670604889,8811.18589771467,50.016656962259,14151.3398736745,14723.7788798824,4832.54317978017,14435.1124543193,18144.3870071113,585.616696068627,127.382676002039,18269.8736716473,11728.3667813269,4037.27432325801,12649.2432308752,293.045972788498,1229.89720048428,7920.10088551111,Mitogen-activated protein kinase 8 interacting protein 1,Q9UQF2,604641.0,gene,9479.0,MAPK8IP1,ENSG00000121653,bacteria
sp|Q9UQF2|JIP1_HUMAN,sp,Q9UQF2,JIP1,HUMAN,0283361|tr|A0A3R6IK45|A0A3R6IK45_9BACT,283361,tr,A0A3R6IK45,A0A3R6IK45,KALAES,681,686,KALAES,394,399,MNDEQKALAESIKESS,6,,,,,,,,,,,,,,,,,,,,,,,,,,,,,,very_weak,,,very_weak,,,,,,,,,very_weak,,,,,,,,,,,,,,,,,,,,,,,,,,,,,,,,,,,,,,,,,,very_weak,65.69,51.445,52.55,66.125,72.845,58.99,35.084999999999994,25.255000000000003,55.08,15.62,18.85,59.95,17.83,49.540000000000006,46.49,34.675,21.175,57.805,66.305,57.435,45.645,31.005000000000003,22.375,53.44,45.93,11457.3205811843,3000.67532710038,4433.99742784627,10696.6874074049,8980.87492657901,13396.5379754698,4559.81237907268,1860.75415353259,5057.37915459648,1075.10583233517,5276.38015973746,6966.65692692828,2080.25503553847,5328.58798681672,7605.42824102718,986.79281234825,1435.28191233094,10218.8224907585,10761.579756801,4856.07718207704,3784.40682473987,2794.86523328943,1108.16297275832,4191.96048781057,Mitogen-activated protein kinase 8 interacting protein 1,Q9UQF2,604641.0,gene,9479.0,MAPK8IP1,ENSG00000121653,bacteria
sp|Q9UQF2|JIP1_HUMAN,sp,Q9UQF2,JIP1,HUMAN,0283361|tr|A0A416A9M4|A0A416A9M4_9BACT,283361,tr,A0A416A9M4,A0A416A9M4,SSSAES,471,476,SSSAES,72,77,TTVTWSSSAESVATVD,6,,,,,,,,,,,,,,,,,,,,,,,,very_weak,,,,strong,weak,very_weak,,,very_weak,,,,,,,,weak,very_weak,,,,,,,,weak,very_weak,,,,,weak,very_weak,,,,,,,,,very_weak,,,,,,very_weak,,weak,very_weak,,,,,,,strong,weak,very_weak,40.355,56.485,31.635,30.96,52.790000000000006,25.535,54.825,11.155,33.39,1.765,17.685000000000002,39.885000000000005,6.305000000000001,44.85,66.11,30.565,7.02,42.08,64.115,13.58,47.305,14.52,3.405,22.805,50.035,4191.77906740424,2818.58260207457,1453.20515716925,3857.99787075802,2693.74312735817,3216.72984564787,6472.84076128561,315.655224885939,1030.75020220574,46.5307055738555,3679.19072026478,2958.15595141671,510.54086564733,3979.67885465904,9343.25243017139,282.993773512468,246.473954584776,5178.59037128799,7227.16598926642,513.64366201801,3479.37242297901,321.045709591798,132.286179025573,939.938434272259,Mitogen-activated protein kinase 8 interacting protein 1,Q9UQF2,604641.0,gene,9479.0,MAPK8IP1,ENSG00000121653,bacteria
sp|Q9UQF2|JIP1_HUMAN,sp,Q9UQF2,JIP1,HUMAN,0283361|tr|A0A416AFR3|A0A416AFR3_9BACT,283361,tr,A0A416AFR3,A0A416AFR3,LSEITD,49,54,LSEITD,391,396,EYNKWLSEITDKFSKI,6,,,very_weak,,weak,very_weak,,,,,weak,very_weak,,,,,,very_weak,,weak,very_weak,,,,,,,,,,,,,,,,,,very_weak,,,very_weak,,,very_weak,,,very_weak,strong,weak,very_weak,,,very_weak,,,,,,very_weak,,,,,weak,very_weak,,weak,very_weak,,weak,very_weak,,,,,weak,very_weak,,,,strong,weak,very_weak,17.265,8.504999999999999,35.55,2.05,29.345,18.79,9.41,22.115,27.335,34.96,27.29,21.865,19.925,11.62,12.955,16.96,37.64,10.805,26.945,6.035,6.085,6.955,20.35,8.005,32.010000000000005,1565.50999263024,368.140450951967,1918.34182458376,102.608338833981,695.119115888405,2719.45498990281,501.241430058909,641.154396852095,943.351541182096,3011.63655699934,4062.38209625852,646.308492633037,2311.20016634611,478.408732827434,1268.53708527592,168.315046980019,2216.15870172366,625.971277675838,1773.24679115648,206.057763957768,343.406539179565,239.460663361403,500.67772187808,252.627128620381,Mitogen-activated protein kinase 8 interacting protein 1,Q9UQF2,604641.0,gene,9479.0,MAPK8IP1,ENSG00000121653,bacteria
sp|Q9UQF2|JIP1_HUMAN,sp,Q9UQF2,JIP1,HUMAN,0283361|tr|A0A3R6IN83|A0A3R6IN83_9BACT,283361,tr,A0A3R6IN83,A0A3R6IN83,SVSSPY,418,423,SVSSPY,116,121,TRTLESVSSPYDLNTI,6,,,very_weak,,,,,,,,,,,,,,,,,,,,,very_weak,,,,,,,,,,,,,,,,,weak,very_weak,,,,,,,,,very_weak,,,,,,,,,,,,,,,very_weak,,,,,,very_weak,,,very_weak,strong,weak,very_weak,,,,strong,weak,very_weak,18.975,46.25,34.975,37.75,31.06,35.05,48.94,15.68,51.175,31.8,54.92,50.955,4.065,64.505,65.07,36.2,49.815,53.915,36.4,11.685,43.345,16.9,19.755,1.145,43.71,2473.99478817993,3528.61989987347,3139.94317528956,5552.11981209147,2500.63762119442,8576.87794427996,8221.77627676498,698.081175663492,3284.11090658121,1891.34321102413,10007.7521699004,3602.10540387329,1105.4924085167,4882.7361812285,9068.26548830314,704.950292236046,2928.9193379167,5299.89609511811,4471.52779303262,782.001381581913,2877.3745741416,1088.56667130869,661.498024097526,116.574163811803,Mitogen-activated protein kinase 8 interacting protein 1,Q9UQF2,604641.0,gene,9479.0,MAPK8IP1,ENSG00000121653,bacteria
sp|Q9UQF2|JIP1_HUMAN,sp,Q9UQF2,JIP1,HUMAN,0283361|tr|A0A415ZZ65|A0A415ZZ65_9BACT,283361,tr,A0A415ZZ65,A0A415ZZ65,DELELE,505,510,DELELE,203,208,AMAMVDELELEKHHQE,6,,,,,,,,,,,,,,,,,,,,,,,,,,,,,,,,,,,,,,,,,,very_weak,,,,,,,,,very_weak,,,,,,,,,,,,,,,,,,,,,,,,,,,,,,,,,very_weak,21.145,29.74,71.855,30.805,55.195,80.255,20.945,67.975,68.08,72.6,61.485,52.46,14.22,21.815,22.575000000000003,61.11,47.92,30.245,35.760000000000005,61.015,22.25,64.025,64.23,58.585,50.09,1147.55077362093,2146.42343379827,7524.1526131564,2366.97728389353,4164.02393317563,19239.4176337481,2308.52600055675,4404.87677948136,7701.3184219811,6978.35027035642,12776.8909408045,3506.62136363367,1029.99211189198,1280.85317283981,3549.68089014491,2477.74515844694,2775.84889430878,3028.03885183217,3548.951236703,5745.91587539544,1093.70219903863,4466.35402797999,3375.47117013411,3467.08392008756,Mitogen-activated protein kinase 8 interacting protein 1,Q9UQF2,604641.0,gene,9479.0,MAPK8IP1,ENSG00000121653,bacteria
sp|Q9UQF2|JIP1_HUMAN,sp,Q9UQF2,JIP1,HUMAN,0283361|tr|A0A3R6NBW8|A0A3R6NBW8_9BACT,283361,tr,A0A3R6NBW8,A0A3R6NBW8,AQLELV,389,394,AQLELV,112,117,KENLAAQLELVDKKKQ,6,,,very_weak,,weak,very_weak,,,,,,,,,,,,,,,,,,,,,,,,very_weak,,,very_weak,,,very_weak,,,,,weak,very_weak,,weak,very_weak,,,very_weak,,weak,very_weak,,,,strong,weak,very_weak,,weak,very_weak,,,very_weak,,,,,weak,very_weak,,weak,very_weak,,,,,,very_weak,,weak,very_weak,strong,weak,very_weak,12.38,7.819999999999999,22.8,31.24,33.645,40.75,26.14,37.510000000000005,34.615,16.310000000000002,16.545,13.325,3.89,8.3,12.18,31.335,0.495,9.535,19.275,33.165,5.645,6.15,21.255,14.11,9.04,1437.10000641542,465.238616965961,1777.39584320367,4679.26360335986,2756.75314290367,9415.40596287378,3239.39733157897,1719.62403175679,2915.95510882616,507.819319566415,3359.87595601321,655.775637597059,771.805145692676,475.806989831001,2009.87550976735,461.778242711968,40.0894522212279,1003.04732072879,2239.97638537259,2605.11538810554,433.943497570623,783.602162188824,745.580362066845,882.450424416674,Mitogen-activated protein kinase 8 interacting protein 1,Q9UQF2,604641.0,gene,9479.0,MAPK8IP1,ENSG00000121653,bacteria
sp|Q9UQF2|JIP1_HUMAN,sp,Q9UQF2,JIP1,HUMAN,0283361|tr|A0A3R6IGA5|A0A3R6IGA5_9BACT,283361,tr,A0A3R6IGA5,A0A3R6IGA5,LELEVD,507,512,LELEVD,223,228,NYPSDLELEVDTVVPQ,6,,weak,very_weak,,,,,,,,weak,very_weak,,,,,,,,weak,very_weak,,,,,,,,,,,,,,,,,,,,weak,very_weak,,,,,,,,weak,very_weak,,,,,,,,,,,,,,,very_weak,,,,,,,,,,,,,,,,,weak,very_weak,9.04,26.66,65.375,3.14,43.25,34.93,2.8,48.81999999999999,26.12,48.7,56.43,61.045,6.609999999999999,43.625,59.69,39.475,58.225,46.495000000000005,41.56,14.605,44.875,62.095,57.71,24.175,71.68,1192.26658147587,1784.50627763839,6886.91495706626,208.9992046797,6555.01850527945,8248.14999491385,202.898508045831,6420.52727952997,1172.98382475914,4882.36638437227,14088.0922896881,5608.81560290549,763.474617051774,3513.15326858943,8628.07006699918,2202.27097968258,3832.57721141397,6408.52043844559,6079.25408046385,774.590964577323,2413.84079967735,6167.36888043273,5871.86414855865,1415.57188415052,Mitogen-activated protein kinase 8 interacting protein 1,Q9UQF2,604641.0,gene,9479.0,MAPK8IP1,ENSG00000121653,bacteria
sp|Q9UQF2|JIP1_HUMAN,sp,Q9UQF2,JIP1,HUMAN,0283361|tr|A0A3R6M8E3|A0A3R6M8E3_9BACT,283361,tr,A0A3R6M8E3,A0A3R6M8E3,SGRSRS,466,471,SGRSRS,146,151,GYDGDSGRSRSGTPPA,6,,,,,,,,,,,,,,,,,,,,,,,,,,,,,,,,,,,,,,,,,,,,,,,,,,,,,,,,,,,,,,,,,,,,,,,,,,,,,,,,,,,,,95.0,95.0,90.635,33.13,94.735,65.405,45.245,91.045,90.83,38.755,81.465,95.0,89.15,95.0,95.0,91.895,95.0,95.0,95.0,76.905,95.0,65.855,93.205,94.635,82.47999999999999,38725.6868001837,31094.6176640354,19770.5717768847,6424.00165332576,20439.1985902079,19018.3756841082,8028.90122005257,17857.3092085726,29256.3822788786,1988.24632487092,28258.6249366216,34675.1178674778,16791.0896115903,34883.5901574855,34692.0049471485,12487.5565607978,36036.8049561027,35546.5440160728,35740.5280814012,13145.2661016215,32759.9820031382,5235.09571467989,14648.9356678592,29560.8921101085,Mitogen-activated protein kinase 8 interacting protein 1,Q9UQF2,604641.0,gene,9479.0,MAPK8IP1,ENSG00000121653,bacteria
sp|Q9UQF2|JIP1_HUMAN,sp,Q9UQF2,JIP1,HUMAN,0283361|tr|A0A416AEG6|A0A416AEG6_9BACT,283361,tr,A0A416AEG6,A0A416AEG6,ALAESV,682,687,ALAESV,173,178,LISKTALAESVWGDYI,6,,,,,,,,,,,,,,,,,,,,,,,,,,,,,weak,very_weak,,,,,,,,,,,weak,very_weak,,,,,,,,,very_weak,,,,,,very_weak,,,,,,,,,,,,,,,,,,,,,,,,,,weak,very_weak,48.36,48.97,52.31,63.69,61.505,68.515,69.97,36.245,65.425,9.7,45.32,40.39,9.24,48.86,57.685,43.5,16.545,48.120000000000005,52.785,36.295,50.64,36.08,35.415,35.755,63.21,3189.17908606563,1071.26239215858,1404.32875090435,5581.87517848494,2227.69824704545,8525.71281154536,6721.64439279929,766.346442009255,2414.07586612271,182.863257018573,3757.31581865862,1316.41384586724,756.272493835291,1534.71781745293,4188.28825449455,253.643246767096,237.458533056769,2255.93178971107,3033.31824495828,1347.61461270703,1406.82286530124,549.05643612513,506.39823811713,1263.6739529993,Mitogen-activated protein kinase 8 interacting protein 1,Q9UQF2,604641.0,gene,9479.0,MAPK8IP1,ENSG00000121653,bacteria
sp|Q9UQF2|JIP1_HUMAN,sp,Q9UQF2,JIP1,HUMAN,0283361|tr|A0A3R6QVP3|A0A3R6QVP3_9BACT,283361,tr,A0A3R6QVP3,A0A3R6QVP3,IDATGD,97,102,IDATGD,536,541,QVKLTIDATGDGDIAY,6,,,,,,very_weak,,,,,weak,very_weak,,,,,,,,weak,very_weak,,,,,,,,,,,,,,,,,,,,,very_weak,,,,,,,,,,,,,,,,,,,,,,,weak,very_weak,,,,,,,,,,,,very_weak,,,,,weak,very_weak,23.905,15.73,30.09,6.02,45.650000000000006,24.19,2.13,29.195,23.285,42.265,50.58,79.285,11.69,70.64,72.95,47.825,42.56,68.595,50.63,2.81,63.87,44.115,47.255,19.695,37.075,3041.30395730291,1152.42827793485,2886.04245392861,971.821119526168,5807.7316946021,6611.8607752421,306.020438643595,2302.01600686405,1404.22239325202,3190.73224362133,14372.9290747772,12411.4508064809,1583.55099426924,10704.6761583362,14955.9497482559,2287.3427548808,2753.20595951098,15534.1890468968,8610.63055405656,239.769180377845,8122.65691009823,4398.92333255932,3740.11828697844,1414.20940078452,Mitogen-activated protein kinase 8 interacting protein 1,Q9UQF2,604641.0,gene,9479.0,MAPK8IP1,ENSG00000121653,bacteria
sp|Q9UQF2|JIP1_HUMAN,sp,Q9UQF2,JIP1,HUMAN,0283361|tr|A0A3R6MGV7|A0A3R6MGV7_9BACT,283361,tr,A0A3R6MGV7,A0A3R6MGV7,SDSATV,407,412,SDSATV,69,74,FTQLASDSATVAKMVN,6,,,,,,very_weak,,,,strong,weak,very_weak,,,,,weak,very_weak,strong,weak,very_weak,,,very_weak,,,very_weak,,,very_weak,,,,,,,,,,,weak,very_weak,,,,,,,,weak,very_weak,,,very_weak,,weak,very_weak,,,,,,,strong,weak,very_weak,,,,,,,,,very_weak,,,very_weak,,,,strong,weak,very_weak,41.335,16.71,33.65,0.88,32.65,2.92,1.285,15.65,10.79,10.27,20.255000000000003,45.64,8.475,40.705,57.22,11.11,6.44,51.69,36.0,1.895,50.0,23.11,18.535,13.919999999999998,41.415,4062.11838037713,661.970572091091,1177.65083759473,44.5203369386722,1342.47737485149,293.277524770458,71.928561437958,148.883311780408,98.8776377694047,193.262496575555,2952.36842728577,2794.01864651379,1079.02143416519,2424.5988805104,6453.2607189675,63.8507076417916,206.767965832896,4854.76381775289,2742.91820735682,64.4838821283373,2741.58303291624,381.857001129651,182.266713125734,360.509184960213,Mitogen-activated protein kinase 8 interacting protein 1,Q9UQF2,604641.0,gene,9479.0,MAPK8IP1,ENSG00000121653,bacteria
sp|Q9UQF2|JIP1_HUMAN,sp,Q9UQF2,JIP1,HUMAN,0283361|tr|A0A416AFA2|A0A416AFA2_9BACT,283361,tr,A0A416AFA2,A0A416AFA2,GVKADD,621,626,GVKADD,86,91,AEQFTGVKADDIIGKT,6,,,very_weak,,,very_weak,,,,,weak,very_weak,,,,,,,strong,weak,very_weak,strong,weak,very_weak,,,,,,very_weak,,,very_weak,,,very_weak,,,very_weak,strong,weak,very_weak,,,very_weak,,,,strong,weak,very_weak,,weak,very_weak,,,,,,very_weak,,,,,,very_weak,,,very_weak,strong,weak,very_weak,,weak,very_weak,,,very_weak,,,,strong,weak,very_weak,12.795,16.98,29.715,6.55,26.525,20.01,1.015,1.685,23.95,13.94,13.92,19.065,1.885,18.555,25.08,4.19,22.03,17.52,23.270000000000003,12.71,15.37,0.84,3.325,15.785,29.32,2413.65798604458,1166.97086265243,2835.22158494978,590.918643334524,2145.63396894598,5100.18596484987,74.7677461593722,82.6353108000542,1433.86942949213,1061.98378789215,4593.13679618914,1970.96140264614,764.020013085145,1926.51631298954,5693.06762911626,58.9996094554451,1626.42413473087,3085.68612642845,3474.10596737178,811.392535519492,1349.26326106863,540.170596232449,180.940404607299,945.497417588285,Mitogen-activated protein kinase 8 interacting protein 1,Q9UQF2,604641.0,gene,9479.0,MAPK8IP1,ENSG00000121653,bacteria
sp|Q9UQF2|JIP1_HUMAN,sp,Q9UQF2,JIP1,HUMAN,0283361|tr|A0A416AFW4|A0A416AFW4_9BACT,283361,tr,A0A416AFW4,A0A416AFW4,FVSEDS,674,679,FVSEDS,332,337,TFVPRFVSEDSRYLIG,6,,,,,,,,,very_weak,,weak,very_weak,,weak,very_weak,,weak,very_weak,strong,weak,very_weak,,weak,very_weak,,weak,very_weak,,,,,,,,,very_weak,,weak,very_weak,,,,,weak,very_weak,,,very_weak,,,very_weak,strong,weak,very_weak,,,,,weak,very_weak,,,very_weak,,weak,very_weak,,weak,very_weak,,,very_weak,,weak,very_weak,,weak,very_weak,,,very_weak,strong,weak,very_weak,23.2,34.625,19.425,2.715,5.275,6.48,0.925,3.135,7.654999999999999,49.115,21.115,15.35,34.57,7.88,12.585,0.4449999999999999,70.395,9.61,19.15,2.935,8.835,11.065,6.705,8.09,13.31,2782.94599197996,679.730978049514,907.794444897442,122.621124562024,182.958251599195,1074.91972993652,90.6906908025214,73.4781723605931,273.833963453685,3206.92999014779,3203.4967003988,635.051191791024,3070.56584994363,367.770199844545,1444.75493163957,8.35546852646151,4144.87517205624,739.530578510423,1135.48399318569,120.911060869885,431.522870019315,367.344672665597,136.85621960229,163.239350277042,Mitogen-activated protein kinase 8 interacting protein 1,Q9UQF2,604641.0,gene,9479.0,MAPK8IP1,ENSG00000121653,bacteria
sp|Q9UQF2|JIP1_HUMAN,sp,Q9UQF2,JIP1,HUMAN,0283361|tr|A0A3R6QUL8|A0A3R6QUL8_9BACT,283361,tr,A0A3R6QUL8,A0A3R6QUL8,GGGAGS,80,85,GGGAGS,60,65,LGTGNGGGAGSISYGA,6,,,,,,,,,,,,,,,,,,,,,,,,,,,,,weak,very_weak,,,,,,,,,,,,,,,,,,,,,,,,,,,,,,,,,,,,,,,,,,,,,,,,,,,,,weak,very_weak,95.0,95.0,94.9,95.0,93.265,92.5,95.0,81.41499999999999,95.0,4.715,95.0,95.0,66.83,95.0,95.0,88.595,28.075,95.0,93.395,94.815,95.0,51.72,77.60499999999999,95.0,94.865,38596.8485653055,37289.419836451,19698.4011616843,39426.2364359469,18108.4963122258,25620.5090826012,42026.5114982881,11108.0880051897,34374.039854946,75.4193635531022,42050.6184391023,40225.1074065905,6602.85301941616,41074.3711861572,40653.0191952757,7298.2812798661,1569.76732719894,41052.1564162008,23750.9435820203,16456.1939503929,40002.4545811586,2679.06468508002,6817.44723390223,40202.9169656687,Mitogen-activated protein kinase 8 interacting protein 1,Q9UQF2,604641.0,gene,9479.0,MAPK8IP1,ENSG00000121653,bacteria
sp|Q9UQF2|JIP1_HUMAN,sp,Q9UQF2,JIP1,HUMAN,0283361|tr|A0A416A1V8|A0A416A1V8_9BACT,283361,tr,A0A416A1V8,A0A416A1V8,SLSSDT,366,371,SLSSDT,27,32,PHPEESLSSDTIRYAQ,6,,,,,,,,,,,weak,very_weak,,,,,,,,weak,very_weak,,,,,,,,,,,,,,,,,,,,,very_weak,,,,,,,,weak,very_weak,,,,,,very_weak,,,,,,,,,very_weak,,,,,,very_weak,,,,,,,,,,,weak,very_weak,31.325,21.225,55.245000000000005,5.845,53.78,27.85,3.375,39.085,32.675,25.86,51.765,47.510000000000005,14.125,38.205,54.07,43.135000000000005,15.54,49.665,34.325,15.245,47.21,16.935000000000002,43.885,38.345,55.84,4957.31500727409,1255.11662067997,3995.9453426203,483.958587654656,4240.91116454791,4456.69948568366,244.778399263218,2037.59588270476,1415.90888008387,1549.2494049136,11994.2695622047,4775.36834482856,2008.3538375679,3685.68515399165,8292.62331145239,1207.72997241142,886.72868116398,7457.1271395321,3550.02656781725,666.145019009471,3729.93442970248,1382.6032438917,1829.29362278962,2095.63952317126,Mitogen-activated protein kinase 8 interacting protein 1,Q9UQF2,604641.0,gene,9479.0,MAPK8IP1,ENSG00000121653,bacteria
sp|Q9UQF2|JIP1_HUMAN,sp,Q9UQF2,JIP1,HUMAN,0283361|tr|A0A3R6LTS3|A0A3R6LTS3_9BACT,283361,tr,A0A3R6LTS3,A0A3R6LTS3,AEDDEE,106,111,AEDDEE,111,116,NPVENAEDDEERGWQE,6,,,,,,,,,,,,,,,,,,,,,,,,,,,,,,,,,,,,,,,,,,,,,,,,,,,very_weak,,,,,,,,,,,,,,,,,,,,,,,,,,,,,,,,,very_weak,34.995000000000005,57.515,95.0,65.84,95.0,94.35,66.12,95.0,95.0,75.295,95.0,95.0,28.645000000000003,95.0,84.27000000000001,95.0,89.17,87.15,94.255,89.11500000000001,89.445,93.84,95.0,53.095,95.0,8648.53879139236,15198.3578779038,36817.9528961572,18070.9168158041,33281.5964789658,39311.2270615477,17023.4104811291,35918.466969322,34405.6675530632,22974.7254988107,40327.5158304466,33133.2071783843,4638.88532377844,32251.0786905825,25432.1488892308,34462.2978851865,26850.5441185133,25306.1588714873,33891.3620077531,29500.8228726667,18764.3101373656,28583.9692204918,35351.3177769924,12274.0336652393,Mitogen-activated protein kinase 8 interacting protein 1,Q9UQF2,604641.0,gene,9479.0,MAPK8IP1,ENSG00000121653,bacteria
sp|Q9UQF2|JIP1_HUMAN,sp,Q9UQF2,JIP1,HUMAN,0283361|tr|A0A416A7E8|A0A416A7E8_9BACT,283361,tr,A0A416A7E8,A0A416A7E8,ITDECG,52,57,ITDECG,131,136,AEIALITDECGCGWET,6,,,,,,,,,,,,,,,,,,,,,,,,,,,,,,,,,,,,,,,,,,,,,,,,,,,,,,,,,,,,,,,,,,,,,,,,,,,,,,,,,,,,,38.365,46.715,74.93,36.945,74.08500000000001,71.07,24.455,85.66499999999999,73.935,75.445,90.445,87.14500000000001,40.845,84.02000000000001,88.175,78.475,61.8,85.785,74.875,33.415,86.485,77.83,87.11,37.605,79.72,1725.81231542584,1757.24147777806,5361.37836312235,3561.7996596585,5400.85302668486,12175.493620809,2175.60333416143,7818.94822330493,4753.66540452798,4494.27612268243,21925.8015856517,11643.400369845,2740.21885967963,9148.58414452667,16077.4517094502,2465.15040218594,1898.41645479629,14224.8720340581,7630.15506432649,1199.42169908828,8859.46188161378,5538.61989248977,7172.01449608876,1417.05833291323,Mitogen-activated protein kinase 8 interacting protein 1,Q9UQF2,604641.0,gene,9479.0,MAPK8IP1,ENSG00000121653,bacteria
