human_id,database,protein,gene,species,pathogen_id,pathogen_species,database_pathogen,pathogen_protein,pathogen_gene,human_seq,human_start,human_end,pathogen_seq,pathogen_start,pathogen_end,extended_pathogen_seq,pathogen_length,binding_rank_strong_HLA_DQA10101_DQB10501,binding_rank_weak_HLA_DQA10101_DQB10501,binding_rank_very_weak_HLA_DQA10101_DQB10501,binding_rank_strong_DRB4_0101,binding_rank_weak_DRB4_0101,binding_rank_very_weak_DRB4_0101,binding_rank_strong_DRB1_0802,binding_rank_weak_DRB1_0802,binding_rank_very_weak_DRB1_0802,binding_rank_strong_DRB3_0101,binding_rank_weak_DRB3_0101,binding_rank_very_weak_DRB3_0101,binding_rank_strong_DRB1_1501,binding_rank_weak_DRB1_1501,binding_rank_very_weak_DRB1_1501,binding_rank_strong_DRB3_0202,binding_rank_weak_DRB3_0202,binding_rank_very_weak_DRB3_0202,binding_rank_strong_DRB1_0301,binding_rank_weak_DRB1_0301,binding_rank_very_weak_DRB1_0301,binding_rank_strong_DRB1_0701,binding_rank_weak_DRB1_0701,binding_rank_very_weak_DRB1_0701,binding_rank_strong_DRB1_1302,binding_rank_weak_DRB1_1302,binding_rank_very_weak_DRB1_1302,binding_rank_strong_HLA_DQA10501_DQB10301,binding_rank_weak_HLA_DQA10501_DQB10301,binding_rank_very_weak_HLA_DQA10501_DQB10301,binding_rank_strong_HLA_DPA10201_DPB11401,binding_rank_weak_HLA_DPA10201_DPB11401,binding_rank_very_weak_HLA_DPA10201_DPB11401,binding_rank_strong_HLA_DPA10103_DPB10201,binding_rank_weak_HLA_DPA10103_DPB10201,binding_rank_very_weak_HLA_DPA10103_DPB10201,binding_rank_strong_DRB5_0101,binding_rank_weak_DRB5_0101,binding_rank_very_weak_DRB5_0101,binding_rank_strong_HLA_DQA10301_DQB10302,binding_rank_weak_HLA_DQA10301_DQB10302,binding_rank_very_weak_HLA_DQA10301_DQB10302,binding_rank_strong_HLA_DPA10301_DPB10402,binding_rank_weak_HLA_DPA10301_DPB10402,binding_rank_very_weak_HLA_DPA10301_DPB10402,binding_rank_strong_HLA_DPA10201_DPB10501,binding_rank_weak_HLA_DPA10201_DPB10501,binding_rank_very_weak_HLA_DPA10201_DPB10501,binding_rank_strong_HLA_DQA10501_DQB10201,binding_rank_weak_HLA_DQA10501_DQB10201,binding_rank_very_weak_HLA_DQA10501_DQB10201,binding_rank_strong_DRB1_0101,binding_rank_weak_DRB1_0101,binding_rank_very_weak_DRB1_0101,binding_rank_strong_HLA_DQA10102_DQB10602,binding_rank_weak_HLA_DQA10102_DQB10602,binding_rank_very_weak_HLA_DQA10102_DQB10602,binding_rank_strong_HLA_DPA10103_DPB10401,binding_rank_weak_HLA_DPA10103_DPB10401,binding_rank_very_weak_HLA_DPA10103_DPB10401,binding_rank_strong_DRB1_1201,binding_rank_weak_DRB1_1201,binding_rank_very_weak_DRB1_1201,binding_rank_strong_DRB1_0401,binding_rank_weak_DRB1_0401,binding_rank_very_weak_DRB1_0401,binding_rank_strong_HLA_DPA10201_DPB10101,binding_rank_weak_HLA_DPA10201_DPB10101,binding_rank_very_weak_HLA_DPA10201_DPB10101,binding_rank_strong_HLA_DQA10401_DQB10402,binding_rank_weak_HLA_DQA10401_DQB10402,binding_rank_very_weak_HLA_DQA10401_DQB10402,binding_rank_strong_DRB1_0901,binding_rank_weak_DRB1_0901,binding_rank_very_weak_DRB1_0901,binding_rank_strong_DRB1_0405,binding_rank_weak_DRB1_0405,binding_rank_very_weak_DRB1_0405,binding_rank_strong_DRB1_1101,binding_rank_weak_DRB1_1101,binding_rank_very_weak_DRB1_1101,binding_rank_strong,binding_rank_weak,binding_rank_very_weak,Rank_average_HLA_DQA10101_DQB10501,Rank_average_DRB4_0101,Rank_average_DRB1_0802,Rank_average_DRB3_0101,Rank_average_DRB1_1501,Rank_average_DRB3_0202,Rank_average_DRB1_0301,Rank_average_DRB1_0701,Rank_average_DRB1_1302,Rank_average_HLA_DQA10501_DQB10301,Rank_average_HLA_DPA10201_DPB11401,Rank_average_HLA_DPA10103_DPB10201,Rank_average_HLA_DQA10301_DQB10302,Rank_average_HLA_DPA10301_DPB10402,Rank_average_HLA_DPA10201_DPB10501,Rank_average_DRB1_0101,Rank_average_HLA_DQA10102_DQB10602,Rank_average_HLA_DPA10103_DPB10401,Rank_average_DRB1_1201,Rank_average_DRB1_0401,Rank_average_HLA_DPA10201_DPB10101,Rank_average_HLA_DQA10401_DQB10402,Rank_average_DRB1_0901,Rank_average_DRB1_0405,Rank_average_DRB1_1101,nM_HLA_DQA10101_DQB10501,nM_DRB4_0101,nM_DRB1_0802,nM_DRB3_0101,nM_DRB1_1501,nM_DRB3_0202,nM_DRB1_0301,nM_DRB1_0701,nM_DRB1_1302,nM_HLA_DQA10501_DQB10301,nM_HLA_DPA10201_DPB11401,nM_HLA_DPA10103_DPB10201,nM_HLA_DQA10301_DQB10302,nM_HLA_DPA10301_DPB10402,nM_HLA_DPA10201_DPB10501,nM_DRB1_0101,nM_HLA_DQA10102_DQB10602,nM_HLA_DPA10103_DPB10401,nM_DRB1_1201,nM_DRB1_0401,nM_HLA_DPA10201_DPB10101,nM_HLA_DQA10401_DQB10402,nM_DRB1_0901,nM_DRB1_0405,Gene description,Uniprot,# MIM Number,MIM Entry Type,Entrez Gene ID,HGNC,Ensembl Gene ID,type
sp|Q9Y2Q5|LTOR2_HUMAN,sp,Q9Y2Q5,LTOR2,HUMAN,0283361|tr|A0A3R6QZH0|A0A3R6QZH0_9BACT,283361,tr,A0A3R6QZH0,A0A3R6QZH0,SLLAYS,30,35,SLLAYS,337,342,EGIVASLLAYSTAFNR,6,,,very_weak,,weak,very_weak,,,,,,,,weak,very_weak,,,,,,very_weak,,,,,,,,weak,very_weak,,,,,,very_weak,,,very_weak,,,,,weak,very_weak,,,,,,very_weak,,weak,very_weak,,weak,very_weak,,,very_weak,,weak,very_weak,,,very_weak,,,,,,,,,very_weak,,,very_weak,,,,,weak,very_weak,10.49,8.66,22.83,34.35,3.215,24.3,16.025,21.075,25.205,6.125,22.805,12.02,21.28,9.215,27.2,2.895,3.655,13.485,4.63,15.095,24.06,25.92,17.055,10.305,31.135,672.845468924335,129.468322841004,294.329736282636,1996.82671535311,46.0483984272968,1075.23379642413,497.567105088176,112.603401039193,300.556862339944,99.7080875132008,997.570834455588,272.757616897453,1713.14279954316,165.152688620145,773.594278960856,12.8675926087442,70.3012509517439,478.931822509224,265.544639380633,262.471073134217,359.01833503651,301.667828445875,98.7493409818416,152.141838393858,"Late endosomal/lysosomal adaptor, MAPK and MTOR activator 2",Q9Y2Q5,610389.0,gene,28956.0,LAMTOR2,ENSG00000116586,bacteria
sp|Q9Y2Q5|LTOR2_HUMAN,sp,Q9Y2Q5,LTOR2,HUMAN,0283361|tr|A0A416A5E5|A0A416A5E5_9BACT,283361,tr,A0A416A5E5,A0A416A5E5,LTQVLS,7,12,LTQVLS,689,694,CDKVRLTQVLSNFVNN,6,,,,,weak,very_weak,,,very_weak,,,,,weak,very_weak,,,very_weak,,,,strong,weak,very_weak,,,very_weak,,,,,weak,very_weak,,,very_weak,,,very_weak,,,,,weak,very_weak,,weak,very_weak,,,,,weak,very_weak,,,very_weak,,,very_weak,,weak,very_weak,,,very_weak,,weak,very_weak,,,,,weak,very_weak,,weak,very_weak,,,,strong,weak,very_weak,21.84,9.295,18.5,25.130000000000003,2.015,15.565,29.575,0.58,12.12,32.93,4.17,16.155,23.325,8.355,7.050000000000001,4.52,11.8,13.84,6.984999999999999,10.085,9.095,24.49,6.355,9.71,23.82,2259.42493285505,138.313582700782,347.56698324502,1939.37841360306,43.6725321090886,809.428401085579,2176.38027786654,16.7690821540105,85.0040023271382,1300.19179746496,532.533699162363,291.960440827523,2637.33315283768,250.571840815685,660.739789221734,19.7966403061547,419.049097722847,592.307686446935,282.822357375306,167.537404670214,306.156222764188,392.806952663644,115.859938590895,147.544281140622,"Late endosomal/lysosomal adaptor, MAPK and MTOR activator 2",Q9Y2Q5,610389.0,gene,28956.0,LAMTOR2,ENSG00000116586,bacteria
sp|Q9Y2Q5|LTOR2_HUMAN,sp,Q9Y2Q5,LTOR2,HUMAN,0283361|tr|A0A3R6LVQ3|A0A3R6LVQ3_9BACT,283361,tr,A0A3R6LVQ3,A0A3R6LVQ3,KALTQV,5,10,KALTQV,182,187,PTSPTKALTQVAVSTA,6,,,,,,,,,,,,,,,,,,,,,,,,,,,,,weak,very_weak,strong,weak,very_weak,,,,,,,,,,,,,,,,,,,,,very_weak,,weak,very_weak,,,,,weak,very_weak,,,,,,,,,very_weak,,,,,,,,,,strong,weak,very_weak,63.675,28.46,30.48,67.825,41.34,45.515,61.69,28.57,49.18,4.3100000000000005,1.985,56.260000000000005,25.01,47.83,37.105,18.275,5.890000000000001,55.35,7.41,31.18,41.21,11.325,27.815,34.84,43.675,9476.93343333052,872.359131012772,1027.46546301345,9170.0892669959,2224.61517271875,6773.69906110782,7988.95343179467,768.713223379495,2292.24821874248,145.99281650313,872.46296324778,5606.26736401534,2790.87642587126,3624.2323611169,5442.14907230094,134.87610838631,286.558693530413,7685.83526721164,836.223442861359,1085.46170276098,3190.76676682354,263.503976221645,524.170411775688,1140.63103995408,"Late endosomal/lysosomal adaptor, MAPK and MTOR activator 2",Q9Y2Q5,610389.0,gene,28956.0,LAMTOR2,ENSG00000116586,bacteria
sp|Q9Y2Q5|LTOR2_HUMAN,sp,Q9Y2Q5,LTOR2,HUMAN,0283361|tr|A0A3R6L0H0|A0A3R6L0H0_9BACT,283361,tr,A0A3R6L0H0,A0A3R6L0H0,AYSGYG,33,38,AYSGYG,204,209,SSPVLAYSGYGLATLV,6,,weak,very_weak,,,,,,,,,,strong,weak,very_weak,,,,,,,,,,,,,,,very_weak,,,,strong,weak,very_weak,,,,,,,,weak,very_weak,,,very_weak,,,,,,very_weak,,,,,weak,very_weak,,,very_weak,,,,,weak,very_weak,,,very_weak,,,very_weak,,,,,,,strong,weak,very_weak,9.84,41.445,32.885,43.975,0.19,39.86,42.93,20.095,30.89,11.565,32.565,1.7200000000000002,37.620000000000005,9.035,14.995,19.735,44.65,3.145,13.94,51.025,9.255,19.945,17.435,37.035,38.59,475.127922222283,997.700364807367,1024.6678077447,3661.67719629138,14.5391586642264,2759.28964302281,4429.20253538941,252.870515674911,651.031900528777,84.0473939561219,3514.75011604689,63.432735428965,2071.69717760158,295.571149526501,1145.59068280975,110.503313357667,963.612312187832,199.213515001235,1184.01344048472,1371.71100975265,353.364762504293,240.691909881976,163.88706608977,896.607776304829,"Late endosomal/lysosomal adaptor, MAPK and MTOR activator 2",Q9Y2Q5,610389.0,gene,28956.0,LAMTOR2,ENSG00000116586,bacteria
sp|Q9Y2Q5|LTOR2_HUMAN,sp,Q9Y2Q5,LTOR2,HUMAN,0283361|tr|A0A3R6L0H0|A0A3R6L0H0_9BACT,283361,tr,A0A3R6L0H0,A0A3R6L0H0,LAYSGY,32,37,LAYSGY,203,208,DSSPVLAYSGYGLATL,6,,weak,very_weak,,,,,,,,,,strong,weak,very_weak,,,,,,,,,very_weak,,,,,,very_weak,,,,,weak,very_weak,,,,,,,,,very_weak,,,very_weak,,,,,,very_weak,,,,,weak,very_weak,,,very_weak,,,,,,very_weak,,,very_weak,,,very_weak,,,,,,,strong,weak,very_weak,8.025,42.015,27.535,36.315,0.07,39.66,38.45,13.33,25.450000000000003,15.59,36.775000000000006,2.1500000000000004,37.825,10.27,14.87,13.96,34.495000000000005,3.85,13.94,40.41,11.525,19.945,13.585,29.595,35.52,516.843599472874,1150.98277910238,1038.40680170542,3765.45528702718,14.9098673342302,3485.6649946772,4800.64922049958,291.827795184953,753.307998934604,175.558043346245,4102.04522900171,83.4818557509282,2313.97757458367,389.615425345713,1353.03499519021,122.189371377755,727.483419783957,265.309146865067,1184.01344048472,1496.98071366215,430.823090765407,240.691909881976,181.271564510243,949.136076910195,"Late endosomal/lysosomal adaptor, MAPK and MTOR activator 2",Q9Y2Q5,610389.0,gene,28956.0,LAMTOR2,ENSG00000116586,bacteria
